0 0.0708927231807952 0.4125 0.054013503375843964 0.066
0 0.1014628657164291 0.37 0.04988747186796698 0.07100000000000001
0 0.13372093023255816 0.356 0.061140285071267814 0.065
0 0.15472618154538637 0.26025 0.058889722430607666 0.07449999999999998
0 0.20442610652663165 0.30000000000000004 0.04276069017254314 0.064
0 0.20573893473368343 0.23550000000000001 0.054388597149287315 0.07200000000000001
0 0.21774193548387097 0.16125 0.06039009752438107 0.08050000000000002
0 0.2796324081020255 0.17325000000000002 0.05063765941485371 0.08049999999999999
0 0.3306451612903226 0.21925 0.051387846961740424 0.0685
0 0.36121530382595646 0.258 0.05401350337584393 0.05799999999999997
0 0.40116279069767447 0.3005 0.05213803450862714 0.07200000000000001
0 0.4187921980495124 0.23725000000000002 0.04988747186796699 0.0685
0 0.42929482370592653 0.1655 0.04988747186796699 0.07
0 0.390285071267817 0.066 0.04088522130532635 0.07
0 0.4283570892723181 0.09225 0.04276069017254314 0.0625
0 0.46942985746436605 0.251 0.04613653413353341 0.06999999999999998
0 0.5166916729182296 0.217 0.04163540885221312 0.07600000000000001
0 0.5206301575393848 0.27149999999999996 0.049512378094523635 0.059
0 0.4949362340585146 0.3225 0.04538634658664664 0.061
0 0.5328207051762941 0.35475 0.044636159039759926 0.055499999999999994
0 0.5555138784696174 0.32125 0.04201050262565642 0.0655
0 0.5791447861965491 0.25625 0.04576144036009 0.05949999999999997
0 0.6084021005251312 0.29375 0.04276069017254314 0.0595
0 0.5885221305326331 0.349 0.03975993998499627 0.05299999999999999
0 0.5960240060015003 0.40025 0.03900975243810956 0.05249999999999999
0 0.6393473368342085 0.34275 0.04088522130532635 0.05249999999999999
0 0.6382220555138785 0.39275 0.034133533383345904 0.05249999999999999
0 0.6740435108777194 0.35275 0.04051012753188299 0.0655
0 0.4212303075768942 0.37150000000000005 0.052513128282070554 0.055999999999999994
0 0.46230307576894225 0.395 0.04388597149287321 0.055999999999999994
0 0.4913728432108027 0.45025 0.04351087771942985 0.058499999999999996
0 0.2618154538634659 0.25475 0.05551387846961742 0.07049999999999998
0 0.255251312828207 0.3125 0.052888222055513856 0.05900000000000005
0 0.31601650412603155 0.30475 0.051387846961740424 0.0675
0 0.29032258064516125 0.35475 0.0390097524381095 0.057499999999999996
0 0.33420855213803446 0.38149999999999995 0.04726181545386349 0.063
0 0.36177794448612155 0.35350000000000004 0.04688672168042013 0.067
0 0.373218304576144 0.43000000000000005 0.045011252813203284 0.061
0 0.30945236309077273 0.43400000000000005 0.0390097524381095 0.056999999999999995
0 0.34771192798199546 0.473 0.03975993998499622 0.06
0 0.2256189047261815 0.41475 0.05513878469617403 0.07250000000000001
0 0.19317329332333083 0.4335 0.046511627906976744 0.064
0 0.2644411102775694 0.46624999999999994 0.051012753188297094 0.06849999999999995
0 0.2897599399849963 0.516 0.04988747186796699 0.05400000000000005
0 0.21886721680420104 0.49550000000000005 0.04238559639909978 0.061
0 0.23424606151537886 0.5325 0.04763690922730682 0.05500000000000005
0 0.16129032258064516 0.50325 0.05551387846961742 0.05950000000000005
0 0.1511627906976744 0.531 0.04576144036009003 0.05400000000000005
0 0.07895723930982745 0.52125 0.06039009752438109 0.058499999999999996
0 0.09902475618904727 0.56525 0.05701425356339086 0.05049999999999999
0 0.07933233308327081 0.6145 0.05288822205551388 0.05799999999999994
0 0.09039759939984995 0.6599999999999999 0.05101275318829708 0.05500000000000005
0 0.13559639909977494 0.68625 0.04913728432108028 0.05049999999999999
0 0.12940735183795948 0.7235 0.04801200300075019 0.041000000000000036
0 0.1896099024756189 0.76325 0.05213803450862714 0.04349999999999998
0 0.1926106526631658 0.71375 0.046136534133533386 0.05249999999999999
0 0.18960990247561893 0.6675 0.046136534133533386 0.04600000000000004
0 0.1485371342835709 0.65025 0.05101275318829708 0.05149999999999999
0 0.1352213053263316 0.601 0.05513878469617406 0.05400000000000005
0 0.186609152288072 0.6125 0.051387846961740424 0.04599999999999993
0 0.1858589647411853 0.5595 0.04688672168042013 0.050000000000000044
0 0.22918229557389347 0.59575 0.048012003000750175 0.05249999999999999
0 0.231807951987997 0.6335 0.05026256564141035 0.04300000000000004
0 0.2396849212303076 0.67075 0.042760690172543164 0.034499999999999975
0 0.28319579894973745 0.6977500000000001 0.04426106526631657 0.04149999999999998
0 0.32633158289572395 0.7085 0.04201050262565642 0.04899999999999993
0 0.3195798949737434 0.66025 0.038259564891222786 0.05049999999999999
0 0.2760690172543136 0.65325 0.04426106526631657 0.045500000000000096
0 0.27400600150037513 0.6165 0.03788447111777943 0.051999999999999935
0 0.3130157539384846 0.604 0.03713428357089271 0.052999999999999936
0 0.3454613653413353 0.62175 0.03525881470367592 0.04949999999999999
0 0.37809452363090773 0.64625 0.04051012753188299 0.04150000000000009
0 0.3664666166541636 0.692 0.0390097524381095 0.04999999999999993
0 0.37715678919729934 0.73825 0.04238559639909978 0.04049999999999998
0 0.4204801200300075 0.72125 0.03975993998499627 0.045499999999999985
0 0.4195423855963991 0.68425 0.03938484621155286 0.035499999999999976
0 0.3852213053263316 0.59175 0.033758439609902435 0.0515000000000001
0 0.4180420105026257 0.60825 0.03038259564891227 0.03949999999999998
0 0.41072768192048015 0.5765 0.042010502625656365 0.04699999999999993
0 0.44036009002250565 0.58125 0.03375843960990249 0.046499999999999986
0 0.3355213803450863 0.53875 0.05138784696174048 0.05449999999999999
0 0.3833458364591148 0.5275 0.051012753188297066 0.055999999999999994
0 0.4251687921980495 0.509 0.04688672168042013 0.050000000000000044
0 0.4435483870967742 0.53975 0.039384846211552915 0.05249999999999999
0 0.4694298574643661 0.4985 0.04013503375843963 0.05300000000000005
0 0.4255438859714929 0.44975 0.04388597149287321 0.0595
0 0.5331957989497375 0.42825 0.048387096774193505 0.05049999999999999
0 0.5712678169542384 0.44925 0.04276069017254314 0.05049999999999999
0 0.5313203300825207 0.4785 0.044636159039759926 0.05599999999999994
0 0.5138784696174044 0.522 0.03600900225056264 0.04800000000000004
0 0.554576144036009 0.5542499999999999 0.04013503375843963 0.05349999999999999
0 0.49474868717179293 0.5782499999999999 0.04351087771942985 0.045499999999999985
0 0.513503375843961 0.6192500000000001 0.038259564891222786 0.04349999999999998
0 0.4696174043510878 0.62975 0.04201050262565642 0.05249999999999999
0 0.46305326331582897 0.6925 0.03338334583645913 0.04200000000000004
0 0.501687921980495 0.66225 0.035633908477119225 0.0495000000000001
0 0.5397599399849962 0.6585 0.03900975243810956 0.04400000000000004
0 0.577456864216054 0.66525 0.037884471117779484 0.04849999999999999
0 0.6114028507126782 0.67375 0.0367591897974493 0.044499999999999984
0 0.6198424606151538 0.711 0.03638409602400605 0.04600000000000004
0 0.6378469617404351 0.6372500000000001 0.04013503375843963 0.04149999999999998
0 0.6462865716429107 0.67075 0.03450862715678915 0.04249999999999998
0 0.6727306826706676 0.6885 0.03263315828957236 0.04200000000000004
0 0.6993623405851463 0.6805 0.03113278319579893 0.03400000000000003
0 0.7338709677419355 0.72725 0.037884471117779484 0.03850000000000009
0 0.6939234808702175 0.6405000000000001 0.041260315078769705 0.041000000000000036
0 0.6611027756939234 0.6172500000000001 0.03113278319579893 0.03949999999999998
0 0.6462865716429107 0.5874999999999999 0.045011252813203284 0.04500000000000004
0 0.5963990997749438 0.61525 0.03525881470367587 0.046499999999999986
0 0.5534508627156789 0.6125 0.04613653413353336 0.04599999999999993
0 0.5843960990247562 0.5720000000000001 0.03825956489122273 0.05399999999999994
0 0.5797074268567142 0.51625 0.04163540885221306 0.049500000000000044
0 0.6123405851462865 0.5345 0.039384846211552915 0.05600000000000005
0 0.6181545386346587 0.44175 0.04201050262565642 0.050500000000000045
0 0.6260315078769692 0.48624999999999996 0.03975993998499627 0.05649999999999994
0 0.5376969242310577 0.6825 0.039384846211552915 0.03299999999999992
0 0.5782070517629407 0.69225 0.034133533383345904 0.026499999999999968
0 0.4465491372843211 0.638 0.03563390847711928 0.04800000000000004
0 0.668417104276069 0.52875 0.03600900225056258 0.05149999999999999
0 0.6864216054013503 0.4655 0.04426106526631657 0.05499999999999999
0 0.6989872468117029 0.492 0.039384846211552804 0.04799999999999999
0 0.719429857464366 0.49849999999999994 0.03300825206301583 0.043999999999999984
0 0.7348087021755438 0.5445 0.03900975243810956 0.04899999999999993
0 0.6972993248312078 0.5515 0.03900975243810956 0.050000000000000044
0 0.7254313578394599 0.62325 0.033758439609902435 0.05049999999999999
0 0.7426856714178545 0.661 0.0367591897974493 0.04800000000000004
0 0.7710052513128283 0.70275 0.03338334583645908 0.046499999999999986
0 0.7119279819954989 0.4145 0.03450862715678915 0.055999999999999994
0 0.7372468117029257 0.45699999999999996 0.04088522130532635 0.04199999999999998
0 0.7462490622655664 0.48324999999999996 0.03413353338334579 0.050499999999999934
0 0.7721305326331582 0.40525 0.040885221305326236 0.057499999999999996
0 0.7700675168792198 0.442 0.03450862715678915 0.038000000000000034
0 0.7678169542385596 0.61825 0.03675918979744941 0.046499999999999986
0 0.7916354088522131 0.6577500000000001 0.03638409602400605 0.044500000000000095
0 0.7897599399849962 0.6865 0.026631657914478635 0.030000000000000027
0 0.8130157539384846 0.65375 0.02738184546136535 0.03749999999999998
0 0.8400225056264066 0.62625 0.03113278319579893 0.04249999999999998
0 0.7959489872468117 0.606 0.028507126781695424 0.04499999999999993
0 0.7616279069767442 0.5762499999999999 0.0386346586646662 0.035499999999999976
0 0.7860090022505626 0.57875 0.026631657914478635 0.034499999999999975
0 0.7873218304576144 0.5265 0.03825956489122273 0.050000000000000044
0 0.7998874718679669 0.5527500000000001 0.030382595648912214 0.04349999999999998
0 0.8360840210052514 0.5489999999999999 0.03450862715678926 0.04700000000000004
0 0.8237059264816204 0.5822499999999999 0.02775693923480871 0.03149999999999997
0 0.8173293323330832 0.503 0.02775693923480871 0.04899999999999999
0 0.8087021755438859 0.4675 0.036009002250562694 0.055999999999999994
0 0.6794823705926483 0.5847500000000001 0.030382595648912214 0.045499999999999985
