0 0.08083270817704427 0.251 0.07314328582145536 0.088
0 0.1511627906976744 0.244 0.06751687921980495 0.09499999999999997
0 0.2661290322580645 0.1955 0.06639159789947488 0.08499999999999999
0 0.3447111777944486 0.20274999999999999 0.05626406601650413 0.0955
0 0.399662415603901 0.2405 0.0618904726181545 0.09299999999999997
0 0.4476744186046512 0.17149999999999999 0.068642160540135 0.08399999999999999
0 0.5151912978244562 0.18775 0.06339084771192793 0.09150000000000003
0 0.576331582895724 0.17925000000000002 0.06639159789947491 0.0885
0 0.5812078019504876 0.27775 0.06414103525881476 0.0875
0 0.5118154538634658 0.27925 0.06189047261815456 0.08250000000000002
0 0.4553638409602401 0.2985 0.05701425356339085 0.09099999999999997
0 0.3749062265566392 0.3065 0.0641410352588147 0.07599999999999996
0 0.3132033008252063 0.27525 0.07051762940735185 0.0865
0 0.2415603900975244 0.27 0.07501875468867217 0.08499999999999999
0 0.19373593398349587 0.32375 0.06564141035258814 0.07850000000000001
0 0.12171792948237059 0.33175 0.07389347336834208 0.08750000000000002
0 0.045198799699924984 0.3385 0.07014253563390847 0.07500000000000001
0 0.054201050262565637 0.41825 0.0708927231807952 0.08250000000000002
0 0.1284696174043511 0.41000000000000003 0.05963990997749437 0.09500000000000003
0 0.19786196549137283 0.42200000000000004 0.05663915978994749 0.08300000000000002
0 0.24943735933983496 0.37124999999999997 0.0630157539384846 0.08249999999999996
0 0.3047636909227307 0.36 0.05738934733683421 0.08900000000000002
0 0.367966991747937 0.38425 0.05926481620405105 0.08249999999999996
0 0.4441110277569392 0.383 0.054013503375843985 0.08799999999999997
0 0.5123780945236309 0.35125 0.060765191297824483 0.08350000000000002
0 0.5881470367591898 0.39425 0.052513128282070554 0.0685
0 0.5971492873218305 0.45625 0.054013503375843985 0.0665
0 0.5333833458364591 0.42925 0.054013503375843985 0.07250000000000001
0 0.4739309827456864 0.45199999999999996 0.05513878469617406 0.07200000000000001
0 0.41429107276819205 0.44225 0.059639909977494354 0.07150000000000001
0 0.328019504876219 0.45699999999999996 0.06489122280570142 0.07
0 0.259377344336084 0.45625 0.07014253563390846 0.07650000000000001
0 0.21905476369092275 0.49 0.06226556639159789 0.07499999999999996
0 0.12190547636909227 0.48575 0.060015003750937754 0.08250000000000002
0 0.16579144786196548 0.5427500000000001 0.06376594148537135 0.07150000000000001
0 0.2233683420855214 0.56275 0.06189047261815456 0.0645
0 0.2738184546136534 0.527 0.06301575393848463 0.07000000000000006
0 0.2786946736684171 0.591 0.06601650412603152 0.06599999999999995
0 0.3372093023255814 0.5365 0.05626406601650413 0.07899999999999996
0 0.3495873968492123 0.60275 0.06076519129782443 0.07850000000000001
0 0.39572393098274566 0.50125 0.05851462865716428 0.07449999999999996
0 0.3994748687171793 0.565 0.054013503375843985 0.06900000000000006
0 0.40828957239309827 0.625 0.05888972243060764 0.06699999999999995
0 0.44354838709677424 0.52575 0.04988747186796699 0.07250000000000006
0 0.44486121530382594 0.589 0.057764441110277565 0.08199999999999996
0 0.45198799699924985 0.65675 0.062265566391597915 0.07350000000000001
0 0.5061890472618155 0.542 0.051387846961740424 0.07100000000000006
0 0.5 0.60325 0.052513128282070554 0.08050000000000002
0 0.48949737434358587 0.69625 0.054763690922730646 0.07350000000000001
0 0.5566391597899475 0.48924999999999996 0.0547636909227307 0.06649999999999995
0 0.5543885971492873 0.565 0.050262565641410406 0.07599999999999996
0 0.5577644411102776 0.6345000000000001 0.04951237809452369 0.07300000000000006
0 0.5472618154538634 0.6910000000000001 0.05851462865716428 0.06399999999999995
0 0.602775693923481 0.61375 0.04801200300075015 0.07050000000000001
0 0.5954613653413353 0.67025 0.048387096774193505 0.0675
0 0.6421605401350338 0.67075 0.04576144036009011 0.0695
0 0.6494748687171793 0.58225 0.05438859714928723 0.0665
0 0.6806076519129782 0.62725 0.05888972243060764 0.0665
0 0.6935483870967742 0.6765 0.04276069017254314 0.052000000000000046
0 0.7325581395348837 0.62825 0.041260315078769705 0.07350000000000001
0 0.7094898724681171 0.5585 0.05288822205551391 0.062000000000000055
0 0.7687546886721681 0.57575 0.04988747186796705 0.0655
0 0.7865716429107277 0.62875 0.052513128282070554 0.056499999999999995
0 0.8257689422355589 0.5860000000000001 0.048387096774193505 0.07100000000000006
0 0.8130157539384846 0.515 0.05813953488372092 0.06400000000000006
0 0.8175168792198049 0.45099999999999996 0.05888972243060764 0.07100000000000001
0 0.800450112528132 0.377 0.057764441110277565 0.08099999999999996
0 0.7214928732183046 0.38225 0.05738934733683432 0.07150000000000001
0 0.7419354838709677 0.4395 0.050262565641410406 0.06899999999999995
0 0.7603150787696924 0.505 0.05701425356339085 0.07400000000000001
0 0.7031132783195799 0.5 0.05288822205551391 0.07200000000000001
0 0.6397224306076519 0.51 0.04763690922730679 0.067
0 0.6500375093773443 0.383 0.05926481620405111 0.07300000000000001
0 0.6716054013503376 0.4415 0.05888972243060764 0.08099999999999996
0 0.6237809452363091 0.32525 0.0547636909227307 0.08250000000000002
0 0.6751687921980495 0.276 0.057764441110277565 0.096
0 0.732933233308327 0.30474999999999997 0.06001500375093771 0.08749999999999997
0 0.6269692423105777 0.20975 0.06264066016504122 0.0915
0 0.6918604651162791 0.17575000000000002 0.06564141035258819 0.0975
0 0.7477494373593399 0.21550000000000002 0.06639159789947491 0.092
