0 0.06151537884471117 0.41400000000000003 0.06076519129782445 0.07600000000000001
0 0.04538634658664666 0.48625 0.06601650412603151 0.07350000000000001
0 0.07333083270817704 0.5642499999999999 0.07314328582145538 0.07950000000000002
0 0.09021005251312827 0.63125 0.05438859714928733 0.09050000000000002
0 0.14834958739684923 0.6005 0.05513878469617403 0.06799999999999995
0 0.1839834958739685 0.657 0.05588897224306075 0.07999999999999996
0 0.20442610652663165 0.7190000000000001 0.05851462865716428 0.06999999999999995
0 0.2531882970742686 0.6765 0.060765191297824483 0.08400000000000007
0 0.2936984246061516 0.74625 0.06301575393848463 0.08650000000000002
0 0.331020255063766 0.8645 0.05363840960240057 0.08399999999999996
0 0.3934733683420855 0.841 0.06601650412603155 0.07099999999999995
0 0.4561140285071268 0.83325 0.0480120030007502 0.07950000000000002
0 0.4529257314328582 0.7497499999999999 0.055888972243060775 0.07950000000000002
0 0.3831582895723931 0.753 0.055888972243060775 0.07600000000000007
0 0.40660165041260315 0.688 0.054013503375843985 0.07799999999999996
0 0.3355213803450863 0.7115 0.05513878469617406 0.08199999999999996
0 0.30307576894223553 0.64225 0.05701425356339085 0.08550000000000002
0 0.3537134283570893 0.6275 0.053263315828957214 0.08100000000000007
0 0.33064516129032256 0.56725 0.059639909977494354 0.07850000000000001
0 0.26200300075018756 0.57675 0.05963990997749438 0.08050000000000002
0 0.21117779444861218 0.5842499999999999 0.05401350337584396 0.08550000000000002
0 0.1687921980495124 0.51775 0.06151537884471117 0.08050000000000007
0 0.10502625656414104 0.5045 0.060765191297824456 0.06900000000000006
0 0.12528132033008252 0.41175 0.061515378844711185 0.07850000000000001
0 0.18810952738184544 0.40449999999999997 0.06264066016504125 0.08100000000000002
0 0.21811702925731433 0.475 0.05888972243060764 0.08000000000000002
0 0.25468867216804203 0.40675 0.06301575393848463 0.07350000000000001
0 0.30626406601650413 0.4345 0.06339084771192799 0.07099999999999995
0 0.29088522130532635 0.5105 0.06189047261815456 0.07600000000000001
0 0.09264816204051013 0.34750000000000003 0.06526631657914478 0.07100000000000001
0 0.13484621155288823 0.26525 0.06264066016504127 0.07749999999999999
0 0.17873218304576144 0.31174999999999997 0.059639909977494354 0.07349999999999995
0 0.16616654163540884 0.21225 0.06151537884471117 0.07450000000000001
0 0.22074268567141786 0.2585 0.06414103525881468 0.06599999999999998
0 0.24531132783195797 0.31725000000000003 0.0697674418604651 0.07249999999999995
0 0.3053263315828957 0.2845 0.05026256564141035 0.07500000000000001
0 0.26575393848462114 0.23225 0.059639909977494354 0.07350000000000001
0 0.22561890472618154 0.17925 0.06339084771192799 0.07350000000000001
0 0.2786946736684171 0.13324999999999998 0.05701425356339085 0.08049999999999999
0 0.31676669167291827 0.196 0.051387846961740424 0.08099999999999999
0 0.3687171792948237 0.2495 0.057764441110277565 0.07199999999999998
0 0.37959489872468116 0.3285 0.06001500375093771 0.07600000000000001
0 0.36365341335333834 0.39625 0.05513878469617406 0.07150000000000001
0 0.40172543135783945 0.446 0.06076519129782443 0.08199999999999996
0 0.4021005251312828 0.5375 0.05401350337584393 0.07000000000000006
0 0.4157914478619655 0.607 0.05438859714928734 0.07600000000000007
0 0.4617404351087772 0.6492500000000001 0.05626406601650413 0.07350000000000001
0 0.4628657164291073 0.546 0.057764441110277565 0.07700000000000007
0 0.5191297824456114 0.53225 0.05176294073518378 0.07050000000000001
0 0.5277569392348087 0.6125 0.05626406601650413 0.07700000000000007
0 0.5196924231057765 0.69975 0.05738934733683415 0.07850000000000001
0 0.5105026256564141 0.788 0.06526631657914478 0.08299999999999996
0 0.5731432858214554 0.8095 0.061515378844711144 0.08099999999999996
0 0.5795198799699925 0.7215 0.05251312828207044 0.08099999999999996
0 0.5896474118529632 0.65225 0.06076519129782443 0.07650000000000001
0 0.5798949737434359 0.575 0.05701425356339085 0.07199999999999995
0 0.5757689422355589 0.5062500000000001 0.057764441110277565 0.07950000000000002
0 0.5189422355588897 0.46349999999999997 0.05438859714928729 0.07799999999999996
0 0.4735558889722431 0.42925 0.05213803450862714 0.07750000000000001
0 0.43060765191297823 0.3755 0.05701425356339085 0.08099999999999996
0 0.42291822955738934 0.2875 0.055888972243060775 0.07600000000000001
0 0.47768192048012004 0.33225 0.04763690922730679 0.08550000000000002
0 0.5213803450862715 0.387 0.0525131282820705 0.08200000000000002
0 0.5735183795948987 0.41725 0.05176294073518384 0.07950000000000002
0 0.6177794448612153 0.4625 0.05701425356339085 0.08300000000000002
0 0.668979744936234 0.50025 0.05813953488372092 0.07249999999999995
0 0.672543135783946 0.42375 0.054013503375843985 0.07050000000000001
0 0.6299699924981246 0.38175 0.05738934733683421 0.07550000000000001
0 0.5677044261065267 0.3365 0.055888972243060775 0.07200000000000001
0 0.5204426106526632 0.28925 0.05438859714928729 0.07950000000000002
0 0.4613653413353338 0.2495 0.062265566391597915 0.06999999999999998
0 0.42310577644411107 0.19 0.0615153788447112 0.07600000000000001
0 0.36627906976744184 0.163 0.05888972243060764 0.07500000000000001
0 0.3338334583645911 0.10975 0.053263315828957214 0.07949999999999999
0 0.40303825956489125 0.10124999999999999 0.05588897224306072 0.0865
0 0.45836459114778694 0.10125 0.052513128282070554 0.0675
0 0.46942985746436605 0.16849999999999998 0.052888222055513856 0.08299999999999999
0 0.5328207051762941 0.12525 0.05288822205551391 0.07450000000000001
0 0.5341335333833459 0.1955 0.05251312828207044 0.08199999999999999
0 0.5857089272318079 0.16799999999999998 0.055888972243060775 0.07599999999999998
0 0.5825206301575394 0.26175 0.05701425356339085 0.06749999999999998
0 0.6205926481620405 0.307 0.053638409602400516 0.08099999999999996
0 0.6873593398349588 0.23025 0.04613653413353336 0.07450000000000001
0 0.6896099024756188 0.314 0.05438859714928734 0.08799999999999997
0 0.7629407351837959 0.3205 0.057764441110277565 0.07
0 0.8073893473368342 0.33875 0.037884471117779484 0.07450000000000001
0 0.7186796699174793 0.402 0.04726181545386343 0.07600000000000001
0 0.7766316579144786 0.392 0.05063765941485365 0.07700000000000001
0 0.8375843960990248 0.40075 0.04951237809452358 0.07150000000000001
0 0.8657164291072768 0.45525 0.04276069017254314 0.07850000000000001
0 0.7777569392348087 0.46425 0.05138784696174037 0.07950000000000002
0 0.7316204051012754 0.47675 0.05513878469617406 0.07850000000000001
0 0.6611027756939234 0.5822499999999999 0.05513878469617406 0.08950000000000002
0 0.7087396849212304 0.58175 0.05438859714928734 0.07350000000000001
0 0.7462490622655664 0.5625 0.04613653413353336 0.08800000000000008
0 0.6897974493623406 0.65 0.05626406601650413 0.07499999999999996
0 0.741747936984246 0.64675 0.044636159039759926 0.07850000000000001
0 0.7918229557389347 0.6527499999999999 0.05251312828207044 0.08350000000000002
0 0.8313953488372093 0.60275 0.044636159039759926 0.08650000000000002
0 0.8182670667666917 0.536 0.05063765941485365 0.07599999999999996
0 0.8760315078769692 0.54175 0.05438859714928734 0.08050000000000002
0 0.8910352588147037 0.618 0.05138784696174037 0.08299999999999996
0 0.867404351087772 0.69025 0.06264066016504122 0.08050000000000002
0 0.8375843960990248 0.7847500000000001 0.04426106526631657 0.08950000000000002
0 0.7708177044261065 0.74225 0.05701425356339085 0.09050000000000002
0 0.7522505626406601 0.8155 0.055888972243060775 0.08299999999999996
0 0.7003000750187547 0.7415 0.04801200300075026 0.08199999999999996
0 0.6513503375843961 0.7172499999999999 0.05888972243060764 0.08449999999999991
0 0.6445986496624156 0.81325 0.05438859714928734 0.09050000000000002
0 0.6929857464366092 0.83375 0.05513878469617395 0.08549999999999991
