0 0.177231807951988 0.13825 0.05063765941485371 0.06050000000000001
0 0.22955738934733683 0.1225 0.04726181545386343 0.061
0 0.26706676669167295 0.16 0.04726181545386349 0.061
0 0.2914478619654914 0.12825 0.05326331582895727 0.0475
0 0.3602775693923481 0.10575000000000001 0.052888222055513856 0.052500000000000005
0 0.3267066766691673 0.15825 0.054013503375843985 0.0615
0 0.3407726931732933 0.22375 0.04913728432108028 0.0605
0 0.37190547636909227 0.1685 0.044636159039759926 0.066
0 0.41860465116279066 0.11025000000000001 0.045761440360090055 0.0505
0 0.40660165041260315 0.15275 0.04276069017254314 0.05449999999999999
0 0.458927231807952 0.157 0.04613653413353336 0.056999999999999995
0 0.4433608402100525 0.19175 0.05101275318829712 0.05149999999999999
0 0.5033758439609902 0.193 0.04501125281320334 0.05399999999999999
0 0.5455738934733684 0.1985 0.04538634658664664 0.05499999999999999
0 0.4915603900975244 0.249 0.04988747186796699 0.05500000000000002
0 0.5830832708177045 0.24975000000000003 0.048387096774193616 0.06150000000000003
0 0.6294073518379595 0.2555 0.04276069017254314 0.054999999999999966
0 0.5570142535633908 0.28175 0.04426106526631668 0.0675
0 0.5935858964741185 0.3245 0.048387096774193505 0.059
0 0.6337209302325582 0.3115 0.04088522130532635 0.05800000000000005
0 0.672543135783946 0.24825000000000003 0.03975993998499616 0.05250000000000002
0 0.6899849962490623 0.30475 0.04763690922730679 0.05449999999999999
0 0.708927231807952 0.2845 0.04201050262565642 0.05199999999999999
0 0.753563390847712 0.30075 0.03975993998499627 0.0625
0 0.7933233308327081 0.31225 0.046511627906976716 0.04650000000000004
0 0.9343585896474118 0.376 0.03900975243810956 0.06000000000000005
0 0.855588897224306 0.32775 0.041260315078769705 0.046499999999999986
0 0.8852213053263316 0.36875 0.033758439609902435 0.056499999999999995
0 0.8599024756189046 0.39325 0.048387096774193616 0.0595
0 0.9118529632408102 0.41800000000000004 0.032258064516129004 0.057999999999999996
0 0.9452363090772693 0.46225 0.04051012753188299 0.05349999999999999
0 0.9159789947486872 0.47550000000000003 0.04351087771942985 0.065
0 0.9639909977494374 0.514 0.036009002250562694 0.05600000000000005
0 0.9197299324831207 0.5382499999999999 0.04726181545386343 0.0635
0 0.9461740435108777 0.585 0.04163540885221306 0.05399999999999994
0 0.9382970742685671 0.632 0.03713428357089277 0.06600000000000006
0 0.8869092273068268 0.6455 0.044636159039759926 0.05900000000000005
0 0.8975993998499625 0.5775 0.04426106526631657 0.06000000000000005
0 0.8764066016504126 0.485 0.0386346586646662 0.05899999999999994
0 0.8390847711927982 0.44299999999999995 0.046511627906976716 0.062
0 0.8565266316579145 0.542 0.039384846211552804 0.06500000000000006
0 0.8518379594898724 0.60625 0.045011252813203284 0.056499999999999995
0 0.8859714928732183 0.698 0.048762190547636974 0.061999999999999944
0 0.9144786196549137 0.745 0.04951237809452369 0.06499999999999995
0 0.903225806451613 0.8047500000000001 0.046511627906976716 0.0675
0 0.8584021005251313 0.7605 0.04388597149287321 0.07100000000000006
0 0.854463615903976 0.8532500000000001 0.03825956489122284 0.07150000000000001
0 0.7766316579144785 0.78575 0.05363840960240063 0.0635
0 0.814516129032258 0.745 0.04613653413353347 0.06699999999999995
0 0.8261440360090022 0.91925 0.050637659414853764 0.07050000000000001
0 0.7918229557389347 0.9510000000000001 0.04351087771942985 0.07399999999999995
0 0.7820705176294074 0.852 0.046511627906976716 0.07099999999999995
0 0.7398724681170292 0.84425 0.046886721680420074 0.0824999999999999
0 0.8353338334583646 0.66075 0.04351087771942985 0.0675
0 0.7873218304576144 0.67175 0.04051012753188299 0.0645
0 0.8162040510127533 0.5555 0.04201050262565642 0.06600000000000006
0 0.8223930982745686 0.4895 0.04238559639909978 0.05799999999999994
0 0.7985746436609152 0.40800000000000003 0.0367591897974493 0.057999999999999996
0 0.8192048012003001 0.366 0.03825956489122284 0.05299999999999999
0 0.7745686421605401 0.356 0.054013503375843985 0.063
0 0.7606901725431359 0.403 0.046511627906976716 0.062
0 0.77344336084021 0.45725 0.04951237809452369 0.0645
0 0.7710052513128283 0.51625 0.039384846211552804 0.0645
0 0.7807576894223556 0.5980000000000001 0.04988747186796694 0.07399999999999995
0 0.6929857464366092 0.9137500000000001 0.048387096774193505 0.07750000000000001
0 0.6579144786196549 0.95425 0.05701425356339085 0.07250000000000001
0 0.6843585896474118 0.8142499999999999 0.05363840960240063 0.0695
0 0.7278694673668417 0.7665 0.043135783945986494 0.07300000000000006
0 0.7541260315078769 0.71025 0.04538634658664664 0.0695
0 0.7475618904726181 0.627 0.054013503375843985 0.07600000000000007
0 0.5677044261065266 0.859 0.04913728432108022 0.06699999999999995
0 0.686609152288072 0.73 0.0476369092273069 0.08000000000000007
0 0.7070517629407351 0.65125 0.05476369092273059 0.0645
0 0.7021755438859716 0.5845 0.046511627906976716 0.06699999999999995
0 0.6594148537134283 0.603 0.04051012753188299 0.06499999999999995
0 0.6785446361590397 0.5309999999999999 0.04801200300075015 0.05900000000000005
0 0.7430607651912978 0.5565 0.045011252813203395 0.06600000000000006
0 0.7134283570892723 0.5055000000000001 0.045011252813203395 0.06500000000000006
0 0.7333083270817704 0.45499999999999996 0.037509377344336126 0.06
0 0.7128657164291072 0.403 0.04538634658664664 0.055999999999999994
0 0.7186796699174793 0.349 0.046511627906976716 0.056999999999999995
0 0.15566391597899476 0.1915 0.06526631657914479 0.067
0 0.21699174793698425 0.18275000000000002 0.05888972243060764 0.0865
0 0.19879969992498125 0.24875000000000003 0.05476369092273067 0.058500000000000024
0 0.24681170292573146 0.25925 0.04576144036009003 0.06649999999999998
0 0.11046511627906977 0.2365 0.06189047261815454 0.060000000000000026
0 0.28319579894973745 0.22075 0.05176294073518378 0.0615
0 0.1579144786196549 0.2915 0.057764441110277565 0.067
0 0.2068642160540135 0.29925 0.05663915978994749 0.0655
0 0.31601650412603155 0.28300000000000003 0.04838709677419356 0.061
0 0.368529632408102 0.28625 0.055138784696174004 0.055499999999999994
0 0.3981620405101275 0.245 0.04913728432108028 0.049000000000000016
0 0.4553638409602401 0.27249999999999996 0.04726181545386349 0.062
0 0.4129782445611403 0.30500000000000005 0.04201050262565642 0.059
0 0.5116279069767442 0.2955 0.04576144036009 0.062
0 0.5438859714928732 0.34550000000000003 0.041260315078769705 0.059
0 0.47074268567141786 0.33699999999999997 0.05026256564141035 0.05399999999999999
0 0.47093023255813954 0.39175 0.04763690922730679 0.0625
0 0.5121905476369092 0.38849999999999996 0.043885971492873155 0.063
0 0.42104276069017255 0.37475 0.048387096774193505 0.07749999999999996
0 0.3572768192048012 0.3415 0.05888972243060764 0.07300000000000001
0 0.29857464366091524 0.344 0.054013503375843985 0.062
0 0.0900225056264066 0.29775 0.05476369092273069 0.07050000000000001
0 0.14141035258814705 0.35425 0.05776444111027758 0.0655
0 0.1093398349587397 0.4125 0.052138034508627154 0.062
0 0.15603900975243812 0.41600000000000004 0.06001500375093774 0.065
0 0.19767441860465118 0.37949999999999995 0.04876219054763689 0.059
0 0.10765191297824456 0.47650000000000003 0.05401350337584397 0.07900000000000001
0 0.1359714928732183 0.5415 0.06114028507126783 0.06600000000000006
0 0.17760690172543137 0.4915 0.058889722430607666 0.061999999999999944
0 0.21961740435108779 0.4305 0.0536384096024006 0.07
0 0.24924981245311328 0.37250000000000005 0.0513878469617404 0.063
0 0.27663165791447863 0.43975 0.051387846961740424 0.07049999999999995
0 0.3184546136534134 0.39349999999999996 0.05626406601650413 0.063
0 0.3801575393848462 0.40625 0.05888972243060764 0.0595
0 0.34621155288822203 0.45875 0.05026256564141035 0.0615
0 0.2970742685671418 0.5025 0.06001500375093777 0.06700000000000006
0 0.3460240060015004 0.5297499999999999 0.051387846961740424 0.0675
0 0.41522880720180044 0.5267499999999999 0.052513128282070554 0.07249999999999995
0 0.4092273068267067 0.4565 0.04876219054763692 0.065
0 0.4512378094523631 0.44925 0.04351087771942985 0.0675
0 0.5446361590397599 0.43975 0.045011252813203284 0.058499999999999996
0 0.47936984246061515 0.51 0.04801200300075015 0.06800000000000006
0 0.4846211552888222 0.573 0.052513128282070554 0.06599999999999995
0 0.42685671417854465 0.613 0.049512378094523635 0.06299999999999994
0 0.36815453863465863 0.5827500000000001 0.04838709677419356 0.0695
0 0.2950112528132033 0.5680000000000001 0.060390097524381126 0.07300000000000006
0 0.3343960990247562 0.63825 0.05738934733683421 0.07650000000000001
0 0.37809452363090773 0.683 0.06226556639159786 0.07300000000000006
0 0.24606151537884474 0.61775 0.059264816204051024 0.058499999999999996
0 0.23499624906226557 0.4975 0.06264066016504125 0.06399999999999995
0 0.20667666916729183 0.56375 0.04876219054763692 0.07850000000000001
0 0.17966991747936983 0.6305000000000001 0.06601650412603152 0.07399999999999995
0 0.2726931732933233 0.6819999999999999 0.05401350337584396 0.07799999999999996
0 0.32295573893473367 0.72275 0.05551387846961742 0.08450000000000002
0 0.3885971492873218 0.7775 0.05851462865716428 0.08099999999999996
0 0.441297824456114 0.6805 0.051387846961740424 0.06499999999999995
0 0.4829332333083271 0.641 0.05663915978994749 0.07499999999999996
0 0.5320705176294074 0.61825 0.05513878469617406 0.07950000000000002
0 0.528694673668417 0.51475 0.05138784696174048 0.07250000000000006
0 0.5834583645911477 0.38749999999999996 0.050637659414853764 0.065
0 0.6346586646661665 0.37250000000000005 0.046511627906976716 0.067
0 0.6674793698424606 0.35925 0.04538634658664664 0.0695
0 0.6774193548387097 0.4255 0.04801200300075015 0.067
0 0.6344711177794449 0.44425 0.053638409602400516 0.0605
0 0.5911477869467368 0.4505 0.04576144036009 0.062
0 0.6307201800450113 0.49775 0.04388597149287321 0.07050000000000001
0 0.5714553638409603 0.5035000000000001 0.046886721680420185 0.07199999999999995
0 0.5678919729932483 0.569 0.05101275318829712 0.06999999999999995
0 0.6076519129782445 0.55375 0.04351087771942985 0.0605
0 0.6001500375093773 0.62125 0.050262565641410406 0.07450000000000001
0 0.5495123780945237 0.69025 0.05251312828207044 0.07750000000000001
0 0.6466616654163541 0.6775 0.05626406601650413 0.06400000000000006
0 0.48612153038259565 0.712 0.054013503375843985 0.08099999999999996
0 0.44129782445611404 0.7482500000000001 0.055888972243060775 0.08950000000000002
0 0.49531132783195797 0.78725 0.060390097524381126 0.07650000000000001
0 0.536384096024006 0.7585 0.05101275318829701 0.07700000000000007
0 0.4902475618904726 0.8815 0.05776444111027751 0.08199999999999996
0 0.587959489872468 0.782 0.05363840960240063 0.07499999999999996
0 0.5967741935483871 0.6985 0.04951237809452369 0.07499999999999996
0 0.6462865716429107 0.7482500000000001 0.054013503375843985 0.07350000000000001
