0 0.12678169542385595 0.43125 0.02850712678169541 0.04550000000000004
0 0.16841710427606904 0.364 0.038259564891222814 0.045999999999999985
0 0.18735933983495873 0.39775 0.03488372093023254 0.04149999999999998
0 0.17160540135033758 0.439 0.03188297074268567 0.04700000000000004
0 0.1704801200300075 0.47924999999999995 0.037884471117779456 0.04249999999999993
0 0.18735933983495873 0.515 0.03413353338334582 0.05400000000000005
0 0.21474118529632408 0.47250000000000003 0.03338334583645913 0.043999999999999984
0 0.19954988747186797 0.42700000000000005 0.03525881470367592 0.04299999999999998
0 0.23668417104276068 0.5297499999999999 0.034508627156789234 0.054500000000000104
0 0.2691297824456114 0.49775 0.028132033008252066 0.050500000000000045
0 0.27063015753938485 0.5502499999999999 0.013878469617404354 0.03749999999999998
0 0.2880720180045011 0.54425 0.030007501875468856 0.04849999999999999
0 0.1933608402100525 0.32999999999999996 0.04163540885221306 0.04899999999999999
0 0.18979744936234058 0.22425 0.03600900225056264 0.05249999999999999
0 0.21867966991747936 0.1845 0.03750937734433607 0.05099999999999999
0 0.22336834208552137 0.22625 0.0401350337584396 0.05149999999999999
0 0.2623780945236309 0.17975 0.03413353338334582 0.05449999999999999
0 0.22093023255813954 0.29925 0.03300825206301575 0.05249999999999999
0 0.21530382595648911 0.37575000000000003 0.04351087771942985 0.04650000000000004
0 0.24737434358589647 0.39749999999999996 0.038634658664666144 0.046999999999999986
0 0.2423105776444111 0.42925 0.0375093773443361 0.04250000000000004
0 0.2710052513128282 0.4385 0.03713428357089277 0.052000000000000046
0 0.24643660915228804 0.33599999999999997 0.04051012753188296 0.05099999999999999
0 0.2666916729182296 0.313 0.03525881470367592 0.049000000000000044
0 0.27550637659414856 0.25475 0.036384096024005996 0.053499999999999964
0 0.3023255813953488 0.20375 0.02925731432858214 0.05050000000000002
0 0.32389347336834207 0.16599999999999998 0.031132783195798985 0.04500000000000001
0 0.3388972243060765 0.1155 0.03338334583645913 0.05000000000000002
0 0.36627906976744184 0.11100000000000002 0.03338334583645913 0.05500000000000001
0 0.3891597899474869 0.11574999999999999 0.038634658664666144 0.056499999999999995
0 0.349774943735934 0.15725 0.039384846211552915 0.04749999999999999
0 0.3283945986496624 0.20975 0.03713428357089277 0.05049999999999999
0 0.32558139534883723 0.25325000000000003 0.03150787696924234 0.05050000000000002
0 0.35221305326331587 0.2485 0.036759189797449354 0.048000000000000015
0 0.29726181545386343 0.2955 0.036384096024005996 0.046999999999999986
0 0.3304576144036009 0.30225 0.036759189797449354 0.056499999999999995
0 0.2830082520630157 0.35925 0.03563390847711928 0.046499999999999986
0 0.30626406601650413 0.34725 0.0386346586646662 0.045499999999999985
0 0.30513878469617406 0.40175 0.03788447111777943 0.04349999999999998
0 0.30870217554388596 0.47025 0.04201050262565642 0.045499999999999985
0 0.3403975993998499 0.41300000000000003 0.034883720930232565 0.04899999999999999
0 0.34189797449362336 0.47550000000000003 0.03413353338334585 0.05299999999999999
0 0.3150787696924231 0.509 0.033758439609902435 0.04600000000000004
0 0.31807951987996996 0.59125 0.03450862715678921 0.044500000000000095
0 0.37134283570892723 0.57275 0.030007501875468856 0.04049999999999998
0 0.3563390847711928 0.5347500000000001 0.030007501875468856 0.0485000000000001
0 0.3782820705176294 0.54575 0.03413353338334579 0.04849999999999999
0 0.3989122280570142 0.5974999999999999 0.03563390847711928 0.049000000000000044
0 0.4144786196549137 0.55875 0.033758439609902435 0.046499999999999986
0 0.39984996249062266 0.517 0.04051012753188299 0.046999999999999986
0 0.3687171792948237 0.496 0.036759189797449354 0.04800000000000004
0 0.39084771192798196 0.47 0.036759189797449354 0.04899999999999999
0 0.4309827456864216 0.4745 0.03150787696924234 0.051999999999999935
0 0.37396849212303074 0.43825000000000003 0.036759189797449354 0.050500000000000045
0 0.3857839459864966 0.39725 0.04013503375843963 0.04349999999999998
0 0.42179294823705926 0.4185 0.036384096024005996 0.043999999999999984
0 0.45067516879219804 0.4255 0.029632408102025498 0.05099999999999999
0 0.46099024756189044 0.47025 0.03225806451612906 0.04849999999999999
0 0.49193548387096775 0.4365 0.037884471117779484 0.051000000000000045
0 0.44373593398349587 0.51225 0.037509377344336126 0.04249999999999998
0 0.43398349587396845 0.6245 0.03750937734433607 0.049000000000000044
0 0.4602400600150037 0.59375 0.03450862715678921 0.045500000000000096
0 0.48537134283570893 0.63475 0.033758439609902435 0.04849999999999999
0 0.4939984996249063 0.5800000000000001 0.033008252063015775 0.04799999999999993
0 0.4703675918979745 0.54975 0.03825956489122284 0.04249999999999998
0 0.49437359339834963 0.51825 0.036759189797449354 0.044499999999999984
0 0.5028132033008252 0.477 0.03713428357089266 0.04699999999999993
0 0.5311327831957989 0.4655 0.0367591897974493 0.05499999999999999
0 0.5307576894223556 0.502 0.037509377344336015 0.04600000000000004
0 0.5264441110277569 0.5505 0.039384846211552915 0.04499999999999993
0 0.5191297824456114 0.6134999999999999 0.036009002250562694 0.039000000000000035
0 0.5168792198049512 0.65425 0.03975993998499627 0.045500000000000096
0 0.3600900225056264 0.351 0.03150787696924234 0.04899999999999999
0 0.390847711927982 0.36325 0.03975993998499627 0.04349999999999998
0 0.38034508627156793 0.3115 0.038259564891222786 0.06000000000000005
0 0.37978244561140284 0.2165 0.03788447111777943 0.04999999999999999
0 0.39459864966241565 0.17425000000000002 0.03450862715678921 0.05350000000000002
0 0.42591897974493625 0.16625 0.04163540885221306 0.05349999999999999
0 0.43792198049512376 0.11150000000000002 0.04163540885221306 0.053000000000000005
0 0.4656789197299325 0.192 0.036384096024005996 0.05499999999999999
0 0.42685671417854465 0.22925 0.036759189797449354 0.055499999999999994
0 0.4045386346586647 0.272 0.038634658664666144 0.05499999999999999
0 0.43529632408102026 0.28125 0.03413353338334579 0.055499999999999994
0 0.41729182295573897 0.32425 0.03938484621155286 0.04849999999999999
0 0.422543135783946 0.382 0.03788447111777943 0.04700000000000004
0 0.45836459114778694 0.37424999999999997 0.03300825206301572 0.05250000000000005
0 0.48705926481620404 0.38549999999999995 0.03488372093023251 0.05099999999999999
0 0.4568642160540135 0.33375 0.03600900225056264 0.04849999999999999
0 0.46492873218304576 0.28825 0.036384096024005996 0.057499999999999996
0 0.46605401350337583 0.23875000000000002 0.03713428357089271 0.05450000000000002
0 0.49587396849212306 0.23199999999999998 0.03600900225056264 0.05300000000000002
0 0.510502625656414 0.15375 0.04426106526631657 0.0615
0 0.5129407351837959 0.27925 0.034883720930232565 0.055499999999999994
0 0.49568642160540133 0.32375 0.036384096024005996 0.055499999999999994
0 0.546324081020255 0.231 0.035633908477119225 0.056999999999999995
0 0.5755813953488372 0.20274999999999999 0.039384846211552915 0.05150000000000002
0 0.6145911477869468 0.20450000000000002 0.03638409602400594 0.05700000000000002
0 0.5982745686421604 0.24175000000000002 0.04276069017254314 0.05550000000000002
0 0.5656414103525882 0.27025 0.04276069017254314 0.058499999999999996
0 0.5333833458364592 0.30825 0.04051012753188299 0.0605
0 0.5189422355588897 0.35450000000000004 0.037884471117779484 0.04999999999999999
0 0.5594523630907726 0.34575 0.03788447111777937 0.056499999999999995
0 0.59039759939985 0.312 0.03975993998499627 0.05900000000000005
0 0.617966991747937 0.27949999999999997 0.0386346586646662 0.055999999999999994
0 0.6594148537134283 0.25975 0.045011252813203284 0.055499999999999966
0 0.7218679669917479 0.28325 0.04388597149287321 0.046499999999999986
0 0.6762940735183796 0.30000000000000004 0.04201050262565642 0.046999999999999986
0 0.6370967741935484 0.31675 0.03638409602400605 0.04750000000000004
0 0.6087771942985747 0.352 0.03975993998499627 0.05299999999999999
0 0.5860840210052514 0.392 0.04013503375843952 0.05299999999999999
0 0.5204426106526632 0.40625 0.037884471117779484 0.055499999999999994
0 0.5527006751687922 0.41525 0.039384846211552915 0.05349999999999999
0 0.5720180045011253 0.45999999999999996 0.03975993998499616 0.055999999999999994
0 0.5648912228057015 0.5065 0.03975993998499627 0.04799999999999999
0 0.5641410352588148 0.5582499999999999 0.03825956489122284 0.05349999999999999
0 0.554576144036009 0.609 0.039384846211552915 0.04400000000000004
0 0.5527006751687922 0.64375 0.034133533383345904 0.04949999999999999
0 0.5744561140285072 0.7012499999999999 0.04013503375843963 0.04749999999999999
0 0.5932108027006752 0.6585 0.03488372093023262 0.052000000000000046
0 0.5926481620405102 0.59775 0.036009002250562694 0.044499999999999984
0 0.6295948987246811 0.722 0.03413353338334579 0.04800000000000004
0 0.6369092273068268 0.75525 0.02775693923480871 0.03149999999999997
0 0.6599774943735934 0.73825 0.035633908477119225 0.046499999999999986
0 0.6798574643660915 0.7517499999999999 0.030382595648912214 0.04949999999999999
0 0.6297824456114028 0.6719999999999999 0.03450862715678915 0.05300000000000005
0 0.6646661665416354 0.685 0.037509377344336126 0.04599999999999993
0 0.6997374343585896 0.6977500000000001 0.039384846211552804 0.04949999999999999
0 0.6234058514628658 0.62775 0.04201050262565642 0.05149999999999999
0 0.6605401350337585 0.64025 0.04051012753188299 0.05049999999999999
0 0.6205926481620405 0.57525 0.04088522130532635 0.05049999999999999
0 0.6558514628657164 0.60425 0.04238559639909978 0.05149999999999999
0 0.6018379594898724 0.53575 0.03713428357089266 0.0505000000000001
0 0.6010877719429857 0.489 0.03713428357089266 0.052999999999999936
0 0.6335333833458365 0.388 0.037509377344336126 0.05499999999999999
0 0.6153413353338335 0.43674999999999997 0.04088522130532635 0.04650000000000004
0 0.6489122280570143 0.5095 0.03900975243810956 0.04799999999999999
0 0.663728432108027 0.55 0.039384846211552915 0.051999999999999935
0 0.6659789947486872 0.36150000000000004 0.04163540885221306 0.05099999999999999
0 0.7031132783195799 0.34299999999999997 0.039384846211552915 0.05099999999999999
0 0.7539384846211552 0.33225 0.04051012753188299 0.056499999999999995
0 0.7319954988747187 0.379 0.039384846211552915 0.059
0 0.6809827456864216 0.40549999999999997 0.04013503375843963 0.05199999999999999
0 0.6659789947486872 0.45899999999999996 0.03713428357089277 0.04899999999999999
0 0.7145536384096024 0.44925 0.04051012753188288 0.05449999999999999
0 0.7575018754688672 0.42275 0.040885221305326236 0.0605
0 0.7888222055513878 0.39749999999999996 0.04276069017254314 0.05199999999999999
0 0.790510127531883 0.44475 0.04088522130532635 0.05449999999999999
0 0.6980495123780945 0.51525 0.04276069017254314 0.05049999999999999
0 0.7342460615153789 0.4935 0.0386346586646662 0.05399999999999994
0 0.8025131282820706 0.50075 0.04013503375843963 0.05250000000000005
0 0.736496624156039 0.53075 0.0386346586646662 0.0465000000000001
0 0.7034883720930233 0.5605 0.04238559639909978 0.04699999999999993
0 0.7143660915228807 0.60875 0.04238559639909967 0.044499999999999984
0 0.7149287321830458 0.64625 0.04051012753188288 0.04949999999999999
0 0.7479369842460615 0.58225 0.041260315078769705 0.05049999999999999
0 0.7882595648912228 0.558 0.04013503375843963 0.05399999999999994
0 0.7895723930982745 0.6014999999999999 0.04276069017254314 0.04700000000000004
0 0.7651912978244562 0.644 0.037509377344336126 0.05800000000000005
0 0.7531882970742685 0.683 0.041260315078769705 0.05300000000000005
0 0.739497374343586 0.71175 0.035633908477119225 0.0475000000000001
0 0.7321830457614404 0.7827500000000001 0.04276069017254314 0.0465000000000001
0 0.7507501875468867 0.83725 0.04013503375843963 0.03749999999999998
0 0.7835708927231808 0.80675 0.03600900225056258 0.05049999999999999
0 0.8107651912978244 0.868 0.04238559639909978 0.050000000000000044
0 0.7914478619654914 0.75475 0.03975993998499627 0.05149999999999999
0 0.814516129032258 0.8135 0.03638409602400594 0.04800000000000004
0 0.8308327081770444 0.7845 0.041260315078769705 0.050000000000000044
0 0.7944486121530383 0.65725 0.03525881470367598 0.055500000000000105
0 0.7935108777194299 0.6935 0.03488372093023262 0.04699999999999993
0 0.8325206301575394 0.6575 0.039384846211552915 0.05600000000000005
0 0.8373968492123031 0.7275 0.03713428357089277 0.04799999999999993
0 0.8629032258064516 0.8025 0.037884471117779484 0.04800000000000004
0 0.8642160540135033 0.87075 0.037509377344336126 0.04849999999999999
0 0.8989122280570143 0.8527499999999999 0.03788447111777937 0.04749999999999999
0 0.9174793698424606 0.8029999999999999 0.037509377344336126 0.051999999999999935
0 0.8651537884471118 0.74625 0.0386346586646662 0.056499999999999995
0 0.9165416354088523 0.75275 0.0386346586646662 0.05149999999999999
0 0.9086646661665416 0.7204999999999999 0.05063765941485365 0.061999999999999944
0 0.876781695423856 0.633 0.04013503375843963 0.06099999999999994
0 0.9251687921980495 0.6432500000000001 0.043135783945986494 0.05349999999999999
0 0.8582145536384096 0.55225 0.04051012753188288 0.05249999999999999
