0 0.06770442610652663 0.59275 0.07614403600900224 0.10250000000000004
0 0.07108027006751688 0.6719999999999999 0.07914478619654913 0.09199999999999997
0 0.13465866466616655 0.50875 0.08177044261065265 0.08949999999999997
0 0.13184546136534134 0.67275 0.0776444111027757 0.09550000000000003
0 0.13278319579894973 0.7695000000000001 0.07801950487621905 0.10199999999999998
0 0.18154538634658665 0.435 0.0870217554388597 0.09799999999999998
0 0.1774193548387097 0.614 0.08402100525131281 0.10699999999999998
0 0.22186796699174793 0.70825 0.08514628657164292 0.08750000000000002
0 0.1807951987996999 0.8892500000000001 0.08252063015753938 0.09550000000000003
0 0.2614403600900225 0.8712500000000001 0.08777194298574645 0.09550000000000003
0 0.2976369092273068 0.71575 0.0776444111027757 0.10250000000000004
0 0.2719429857464366 0.63825 0.07501875468867214 0.09250000000000003
0 0.25825206301575393 0.54275 0.07239309827456863 0.09849999999999998
0 0.2576894223555889 0.42074999999999996 0.08252063015753938 0.10949999999999999
0 0.30251312828207055 0.29725 0.09339834958739685 0.09949999999999998
0 0.3304576144036009 0.43875 0.0802700675168792 0.11249999999999999
0 0.3507126781695424 0.5409999999999999 0.07201800450112528 0.11399999999999999
0 0.34264816204051013 0.64825 0.07764441110277565 0.09549999999999992
0 0.37546886721680417 0.74725 0.07801950487621906 0.09450000000000003
0 0.3660915228807202 0.85025 0.07801950487621906 0.11449999999999994
0 0.43135783945986494 0.82725 0.06676669167291821 0.10550000000000004
0 0.44486121530382594 0.70625 0.08402100525131284 0.10950000000000004
0 0.42348087021755443 0.579 0.08252063015753935 0.10999999999999999
0 0.41016504126031506 0.4795 0.08364591147786943 0.10199999999999998
0 0.39159789947486867 0.3375 0.0802700675168792 0.10300000000000004
0 0.3929107276819205 0.23475 0.0843960990247562 0.10649999999999998
0 0.4587396849212303 0.324 0.0870217554388597 0.11699999999999999
0 0.4773068267066767 0.4225 0.0753938484621155 0.11299999999999999
0 0.48518379594898725 0.5185 0.08139534883720934 0.08700000000000008
0 0.5120030007501876 0.7115 0.08627156789197299 0.10899999999999999
0 0.5448237059264817 0.6052500000000001 0.06789197299324834 0.10350000000000004
0 0.5607651912978244 0.46599999999999997 0.08027006751687926 0.10600000000000004
0 0.5376969242310577 0.35424999999999995 0.07389347336834207 0.10849999999999999
0 0.5114403600900225 0.20925 0.08889722430607655 0.11850000000000002
0 0.6586646661665416 0.16849999999999998 0.09827456864216055 0.13699999999999998
0 0.5832708177044261 0.2645 0.07201800450112528 0.11000000000000001
0 0.677231807951988 0.283 0.0888972243060766 0.12399999999999997
0 0.632033008252063 0.37825 0.08627156789197299 0.09849999999999998
0 0.6528507126781695 0.4575 0.08064516129032262 0.10999999999999993
0 0.6042760690172543 0.54325 0.08402100525131284 0.10149999999999998
0 0.5806451612903225 0.6775 0.07126781695423856 0.125
0 0.5590772693173294 0.78 0.08139534883720934 0.10799999999999998
0 0.7612528132033008 0.195 0.09489872468117033 0.13
0 0.7618154538634658 0.316 0.0817704426106527 0.10399999999999998
0 0.7507501875468867 0.4225 0.09114778694673675 0.09599999999999997
0 0.690735183795949 0.54075 0.08214553638409605 0.10649999999999998
0 0.6506001500375094 0.6187499999999999 0.07464366091522878 0.09750000000000003
0 0.6524756189047263 0.722 0.0843960990247562 0.09399999999999997
0 0.6322205551387847 0.8242499999999999 0.08514628657164292 0.10550000000000004
0 0.8259564891222806 0.24375 0.0682670667666917 0.11649999999999999
0 0.8368342085521381 0.43025 0.07651912978244557 0.10749999999999998
0 0.777006751687922 0.53675 0.07764441110277565 0.09849999999999998
0 0.7424981245311328 0.62675 0.07314328582145546 0.10650000000000004
0 0.7327456864216054 0.7495 0.07689422355588893 0.1110000000000001
0 0.7115528882220555 0.8485 0.07876969242310583 0.10699999999999998
0 0.8520255063765941 0.511 0.0753938484621155 0.10999999999999993
0 0.8100150037509377 0.62775 0.07614403600900221 0.10450000000000004
0 0.8006376594148537 0.72925 0.07614403600900232 0.10849999999999993
0 0.7779444861215303 0.84125 0.08102025506376587 0.11150000000000004
0 0.8989122280570142 0.6094999999999999 0.07014253563390849 0.10599999999999998
0 0.8906601650412603 0.724 0.08064516129032251 0.10499999999999998
0 0.8475243810952737 0.80225 0.08139534883720934 0.10549999999999993
