0 0.41147786946736686 0.188 0.06751687921980493 0.08800000000000002
0 0.4788072018004501 0.2335 0.06189047261815456 0.08600000000000002
0 0.5108777194298575 0.29900000000000004 0.06376594148537135 0.08600000000000002
0 0.34996249062265566 0.2565 0.06526631657914483 0.08499999999999999
0 0.4163540885221305 0.28325 0.0660165041260315 0.08450000000000002
0 0.3698424606151538 0.32775 0.06376594148537135 0.08150000000000002
0 0.3111402850712678 0.30125 0.07014253563390843 0.08849999999999997
0 0.44223555888972244 0.35450000000000004 0.06601650412603155 0.08500000000000002
0 0.5240060015003751 0.393 0.057014253563390904 0.08500000000000002
0 0.5795198799699925 0.35475 0.0637659414853714 0.09250000000000003
0 0.24981245311327832 0.33775 0.06226556639159789 0.07750000000000001
0 0.29726181545386343 0.38975000000000004 0.06189047261815456 0.09749999999999998
0 0.35352588147036756 0.41975 0.06939234808702172 0.08050000000000002
0 0.409039759939985 0.45475 0.06264066016504127 0.08550000000000002
0 0.4696174043510878 0.429 0.0615153788447112 0.08599999999999997
0 0.5210052513128282 0.481 0.053263315828957214 0.08699999999999997
0 0.5753938484621155 0.4405 0.061515378844711144 0.08299999999999996
0 0.6378469617404352 0.3865 0.05888972243060764 0.08699999999999997
0 0.6245311327831958 0.47124999999999995 0.06301575393848458 0.08049999999999996
0 0.6828582145536384 0.4435 0.0618904726181545 0.08499999999999996
0 0.2462490622655664 0.42674999999999996 0.06114028507126784 0.09249999999999997
0 0.3486496624156039 0.48 0.061140285071267786 0.07200000000000001
0 0.3987246811702926 0.528 0.057764441110277565 0.08199999999999996
0 0.45273818454613657 0.508 0.0660165041260315 0.08299999999999996
0 0.5011252813203301 0.5535 0.06451612903225801 0.08400000000000007
0 0.5943360840210052 0.544 0.06039009752438118 0.08599999999999997
0 0.6663540885221305 0.52025 0.06414103525881476 0.09250000000000003
0 0.7203675918979745 0.51025 0.06489122280570148 0.08449999999999996
0 0.16316579144786197 0.42774999999999996 0.07126781695423856 0.08849999999999997
0 0.13034508627156788 0.47 0.07014253563390847 0.07499999999999996
0 0.2031132783195799 0.51 0.07014253563390849 0.08299999999999996
0 0.15266316579144787 0.5569999999999999 0.06451612903225808 0.08799999999999997
0 0.2672543135783946 0.5155 0.06264066016504127 0.07
0 0.2289947486871718 0.57725 0.0671417854463616 0.09050000000000002
0 0.18173293323330833 0.62775 0.06564141035258814 0.07950000000000002
0 0.31207801950487624 0.55775 0.062265566391597915 0.08050000000000002
0 0.29013503375843963 0.6365000000000001 0.06714178544636157 0.07300000000000006
0 0.35258814703675917 0.6174999999999999 0.057764441110277565 0.08700000000000008
0 0.4122280570142536 0.6192500000000001 0.0660165041260315 0.07550000000000001
0 0.42310577644411107 0.68225 0.06526631657914478 0.07250000000000001
0 0.3985371342835709 0.74375 0.059639909977494354 0.0665
0 0.4386721680420105 0.7889999999999999 0.06189047261815456 0.06900000000000006
0 0.5388222055513878 0.611 0.061140285071267786 0.07000000000000006
0 0.5163165791447861 0.67375 0.059639909977494354 0.08050000000000002
0 0.49587396849212306 0.74075 0.062265566391597915 0.07150000000000001
0 0.5225056264066017 0.82025 0.062265566391597915 0.08650000000000002
0 0.7404351087771943 0.5902499999999999 0.061515378844711144 0.07950000000000002
0 0.6378469617404351 0.5994999999999999 0.06339084771192804 0.07399999999999995
0 0.5918979744936234 0.6312500000000001 0.05851462865716428 0.07550000000000001
0 0.6821080270067517 0.6305000000000001 0.05738934733683421 0.06500000000000006
0 0.7256189047261816 0.66125 0.05738934733683421 0.0814999999999999
0 0.6340960240060015 0.67575 0.06639159789947491 0.07650000000000001
0 0.5742685671417854 0.71775 0.06376594148537129 0.08050000000000002
0 0.6061515378844711 0.7805 0.06076519129782454 0.07699999999999996
0 0.6699174793698425 0.74775 0.06076519129782443 0.07450000000000001
0 0.6393473368342086 0.817 0.0618904726181545 0.07300000000000006
0 0.5735183795948987 0.845 0.06601650412603144 0.07499999999999996
0 0.7046136534133534 0.8009999999999999 0.05888972243060764 0.07100000000000006
0 0.7631282820705176 0.7755000000000001 0.06639159789947491 0.07399999999999995
0 0.7466241560390097 0.83975 0.06339084771192793 0.0774999999999999
0 0.6852963240810203 0.861 0.06676669167291815 0.09699999999999998
0 0.6324081020255063 0.90925 0.06601650412603155 0.07850000000000001
