0 0.08345836459114778 0.29174999999999995 0.06639159789947487 0.10449999999999998
0 0.1262190547636909 0.351 0.055138784696174045 0.07300000000000001
0 0.16541635408852212 0.41225 0.05626406601650413 0.07250000000000001
0 0.20742685671417854 0.41225 0.05176294073518378 0.07550000000000001
0 0.21905476369092275 0.46025 0.05401350337584396 0.0595
0 0.11290322580645161 0.43200000000000005 0.048012003000750175 0.07100000000000001
0 0.1639159789947487 0.479 0.059264816204050996 0.06699999999999995
0 0.2117404351087772 0.54825 0.04913728432108028 0.07450000000000001
0 0.24118529632408103 0.5175000000000001 0.0547636909227307 0.07300000000000006
0 0.27663165791447863 0.5035000000000001 0.05813953488372095 0.06500000000000006
0 0.2616279069767442 0.42925 0.05363840960240057 0.07949999999999996
0 0.32726931732933234 0.44175 0.05438859714928734 0.07849999999999996
0 0.17085521380345087 0.34450000000000003 0.051387846961740424 0.07300000000000001
0 0.22074268567141786 0.2915 0.0536384096024006 0.07700000000000001
0 0.2642535633908477 0.32899999999999996 0.050637659414853736 0.07600000000000001
0 0.31526631657914483 0.363 0.0641410352588147 0.07800000000000001
0 0.373218304576144 0.39475 0.059264816204050996 0.0685
0 0.3850337584396099 0.4575 0.05513878469617406 0.07500000000000001
0 0.33870967741935487 0.51625 0.05176294073518378 0.07050000000000001
0 0.304013503375844 0.5640000000000001 0.052888222055513856 0.07199999999999995
0 0.2653788447111778 0.5945 0.050637659414853736 0.07499999999999996
0 0.24118529632408103 0.6174999999999999 0.048012003000750175 0.05799999999999994
0 0.2955738934733683 0.64025 0.04426106526631657 0.0625
0 0.32726931732933234 0.6555 0.05513878469617406 0.05900000000000005
0 0.28132033008252066 0.675 0.05026256564141035 0.051999999999999935
0 0.3267066766691673 0.6910000000000001 0.04726181545386349 0.049000000000000044
0 0.29013503375843963 0.72525 0.05438859714928729 0.05449999999999999
0 0.3435858964741185 0.7215 0.041260315078769705 0.052000000000000046
0 0.37340585146286576 0.6775 0.04688672168042013 0.05499999999999994
0 0.3859714928732183 0.7322500000000001 0.045011252813203284 0.0635
0 0.36759189797449365 0.79125 0.049512378094523635 0.05249999999999999
0 0.422543135783946 0.7835 0.04913728432108028 0.06699999999999995
0 0.41335333833458365 0.70625 0.04876219054763692 0.0655
0 0.4424231057764441 0.663 0.046886721680420074 0.06700000000000006
0 0.46399099774943736 0.7255 0.04726181545386343 0.06599999999999995
0 0.481807951987997 0.75875 0.044636159039759926 0.05349999999999999
0 0.4889347336834209 0.61275 0.05213803450862714 0.0665
0 0.42198049512378094 0.587 0.04576144036009 0.06599999999999995
0 0.4021005251312828 0.6114999999999999 0.04726181545386349 0.05900000000000005
0 0.36159039759939987 0.5725 0.05626406601650413 0.06699999999999995
0 0.4013503375843961 0.524 0.05626406601650413 0.05600000000000005
0 0.44036009002250565 0.48575 0.05176294073518378 0.06749999999999995
0 0.4664291072768192 0.55 0.055888972243060775 0.06999999999999995
0 0.42441860465116277 0.4125 0.05738934733683421 0.07400000000000001
0 0.4039759939984996 0.35425 0.06001500375093777 0.07450000000000001
0 0.2996999249812453 0.29100000000000004 0.061515378844711144 0.07700000000000001
0 0.36834208552138037 0.30525 0.05701425356339085 0.0685
0 0.3448987246811703 0.2395 0.05738934733683421 0.06600000000000003
0 0.3975993998499625 0.23825 0.05851462865716428 0.08649999999999997
0 0.3698424606151538 0.17725 0.06451612903225806 0.0695
0 0.3098274568642161 0.16199999999999998 0.06526631657914478 0.08399999999999999
0 0.18829707426856712 0.13425 0.06826706676669167 0.1145
0 0.15735183795948987 0.21625 0.06339084771192799 0.0915
0 0.23330832708177046 0.2275 0.06226556639159789 0.09300000000000003
0 0.42779444861215304 0.12675 0.05813953488372092 0.09949999999999999
0 0.4553638409602401 0.20074999999999998 0.0615153788447112 0.0985
0 0.445423855963991 0.29075 0.05888972243060764 0.08050000000000002
0 0.49531132783195797 0.302 0.05138784696174037 0.09499999999999997
0 0.46886721680420107 0.36924999999999997 0.0525131282820705 0.07649999999999996
0 0.4827456864216054 0.438 0.05701425356339085 0.07299999999999995
0 0.5003750937734434 0.50475 0.05851462865716428 0.07949999999999996
0 0.5018754688672168 0.68225 0.054013503375843985 0.057499999999999996
0 0.5185671417854463 0.72925 0.06039009752438107 0.0645
0 0.5536384096024006 0.6719999999999999 0.05176294073518384 0.06300000000000006
0 0.5296324081020255 0.80925 0.05551387846961742 0.055499999999999994
0 0.5798949737434358 0.7797499999999999 0.05251312828207044 0.05349999999999999
0 0.6228432108027007 0.74475 0.0528882220555138 0.0635
0 0.6626031507876969 0.71425 0.0528882220555138 0.0645
0 0.6740435108777194 0.7577499999999999 0.05101275318829712 0.0655
0 0.7288072018004501 0.75 0.04951237809452369 0.07499999999999996
0 0.7756939234808702 0.7125 0.050262565641410295 0.06099999999999994
0 0.7732558139534884 0.665 0.059639909977494354 0.06599999999999995
0 0.7186796699174793 0.6845 0.059264816204050996 0.05600000000000005
0 0.7181170292573142 0.6345000000000001 0.05363840960240063 0.06500000000000006
0 0.6551012753188297 0.6392500000000001 0.055888972243060775 0.0695
0 0.6042760690172544 0.6287499999999999 0.050262565641410295 0.0695
0 0.6069017254313578 0.67825 0.050262565641410295 0.05049999999999999
0 0.5296324081020255 0.5875 0.06076519129782443 0.06699999999999995
0 0.5442610652663166 0.62025 0.052513128282070554 0.0605
0 0.5420105026256564 0.4465 0.05851462865716428 0.07900000000000001
0 0.5632033008252062 0.52525 0.05513878469617406 0.07949999999999996
0 0.6067141785446362 0.5469999999999999 0.05663915978994749 0.061999999999999944
0 0.6211552888222056 0.48625 0.06001500375093782 0.07750000000000001
0 0.6485371342835708 0.50725 0.04726181545386343 0.06950000000000006
0 0.6764816204051013 0.58125 0.06264066016504133 0.058499999999999996
0 0.7149287321830458 0.51225 0.06001500375093771 0.07150000000000006
0 0.7561890472618155 0.5682499999999999 0.06001500375093771 0.07150000000000001
0 0.8132033008252063 0.6087499999999999 0.05326331582895727 0.07150000000000001
0 0.8160165041260315 0.6617500000000001 0.04613653413353336 0.0675
0 0.873218304576144 0.6105 0.06526631657914472 0.06999999999999995
0 0.8163915978994749 0.534 0.05663915978994749 0.07100000000000001
0 0.7738184546136534 0.49850000000000005 0.05701425356339085 0.07900000000000001
0 0.7256189047261816 0.4465 0.061140285071267786 0.07200000000000001
0 0.6654163540885222 0.435 0.05851462865716428 0.06799999999999995
0 0.6085896474118531 0.40225 0.05438859714928734 0.07650000000000001
0 0.5288822205551388 0.37825 0.059264816204050996 0.07649999999999996
0 0.5742685671417854 0.34025 0.06001500375093771 0.08950000000000002
0 0.6249062265566392 0.277 0.06751687921980498 0.092
0 0.653788447111778 0.34825 0.06226556639159786 0.07250000000000001
0 0.7083645911477869 0.37775000000000003 0.06264066016504133 0.08149999999999996
0 0.7573143285821455 0.3805 0.05326331582895727 0.08199999999999996
0 0.746436609152288 0.30774999999999997 0.06676669167291827 0.08449999999999996
0 0.6903600900225055 0.27475 0.059639909977494354 0.0905
0 0.8156414103525882 0.28075 0.07239309827456863 0.08850000000000002
0 0.8604651162790697 0.3655 0.0682670667666917 0.09799999999999998
0 0.8797824456114028 0.39949999999999997 0.04913728432108022 0.07
0 0.8426481620405102 0.44175 0.06414103525881465 0.07849999999999996
0 0.8694673668417104 0.47524999999999995 0.057764441110277565 0.07849999999999996
0 0.9107276819204801 0.5595 0.06376594148537129 0.05899999999999994
0 0.5500750187546887 0.248 0.034133533383345904 0.05000000000000002
