0 0.1464741185296324 0.3815 0.038634658664666144 0.04300000000000004
0 0.15191297824456113 0.33575 0.03225806451612903 0.046499999999999986
0 0.16916729182295576 0.31 0.03300825206301575 0.04200000000000004
0 0.18848462115528883 0.35575 0.029632408102025498 0.04149999999999998
0 0.21474118529632408 0.3345 0.0401350337584396 0.035999999999999976
0 0.2501875468867217 0.33375 0.035258814703675895 0.03749999999999998
0 0.2614403600900225 0.30025 0.031507876969242316 0.03849999999999998
0 0.19786196549137286 0.39325 0.037884471117779456 0.04149999999999998
0 0.2329332333083271 0.37675000000000003 0.03300825206301575 0.03550000000000003
0 0.2614403600900225 0.37275 0.027756939234808736 0.038500000000000034
0 0.2871342835708927 0.346 0.028882220555138782 0.043999999999999984
0 0.18567141785446362 0.44875 0.03375843960990249 0.04049999999999998
0 0.21792948237059265 0.4455 0.03150787696924229 0.04200000000000004
0 0.22561890472618157 0.47625 0.03263315828957239 0.03949999999999998
0 0.25300075018754686 0.49749999999999994 0.034883720930232565 0.03999999999999998
0 0.222993248312078 0.5525 0.03263315828957239 0.030999999999999917
0 0.25431357839459867 0.5375000000000001 0.03300825206301575 0.04500000000000004
0 0.26462865716429107 0.45299999999999996 0.036384096024006024 0.03899999999999998
0 0.2830082520630157 0.40325 0.03038259564891227 0.03949999999999998
0 0.30101275318829707 0.4345 0.03338334583645908 0.04300000000000004
0 0.2471867966991748 0.24125000000000002 0.03450862715678921 0.036500000000000005
0 0.26987996999249814 0.268 0.028882220555138782 0.04099999999999998
0 0.2933233308327082 0.27425 0.03300825206301572 0.044499999999999984
0 0.2888222055513878 0.21100000000000002 0.02775693923480871 0.04600000000000001
0 0.30682670667666917 0.22499999999999998 0.03150787696924229 0.04100000000000001
0 0.34152288072018006 0.2425 0.030382595648912214 0.037000000000000005
0 0.36496624156039015 0.21275 0.03525881470367592 0.038500000000000006
0 0.3835333833458365 0.248 0.030382595648912214 0.035
0 0.3454613653413353 0.279 0.033008252063015775 0.035999999999999976
0 0.3126406601650413 0.3235 0.02738184546136535 0.03500000000000003
0 0.3158289572393098 0.35975 0.030757689422355572 0.04749999999999999
0 0.3377719429857464 0.32999999999999996 0.03113278319579893 0.044999999999999984
0 0.36309077269317325 0.30925 0.03450862715678921 0.039500000000000035
0 0.37959489872468116 0.28425 0.024756189047261845 0.03749999999999998
0 0.36965491372843207 0.34775 0.03713428357089271 0.03849999999999998
0 0.32558139534883723 0.41475 0.024006001500375074 0.03649999999999998
0 0.34846211552888223 0.38925 0.030757689422355572 0.04249999999999998
0 0.36177794448612155 0.42375 0.03338334583645913 0.05349999999999999
0 0.390847711927982 0.4215 0.03150787696924229 0.03999999999999998
0 0.3782820705176294 0.38525 0.030382595648912214 0.03550000000000003
0 0.3381470367591898 0.4575 0.030382595648912214 0.04799999999999999
0 0.313390847711928 0.479 0.03113278319579893 0.03799999999999998
0 0.3068267066766691 0.5165 0.03525881470367592 0.043999999999999984
0 0.2995123780945236 0.5569999999999999 0.020630157539384852 0.039000000000000035
0 0.3218304576144036 0.5602499999999999 0.030757689422355572 0.04149999999999998
0 0.2738184546136534 0.5900000000000001 0.030757689422355572 0.041000000000000036
0 0.2685671417854464 0.6315 0.03150787696924234 0.04599999999999993
0 0.3066391597899475 0.59675 0.03713428357089277 0.045500000000000096
0 0.32633158289572395 0.62425 0.03225806451612906 0.04249999999999998
0 0.28900975243810956 0.67125 0.031132783195798985 0.04849999999999999
0 0.32389347336834207 0.69975 0.03563390847711928 0.04249999999999998
0 0.3310202550637659 0.6605 0.04088522130532635 0.03600000000000003
0 0.36309077269317325 0.62275 0.036759189797449354 0.046499999999999986
0 0.36046511627906974 0.5815 0.030757689422355627 0.04600000000000004
0 0.3478994748687172 0.5367500000000001 0.028132033008252066 0.045499999999999985
0 0.3355213803450863 0.5035 0.028132033008252066 0.03799999999999998
0 0.36384096024006 0.48325 0.030757689422355572 0.04349999999999998
0 0.3893473368342086 0.51125 0.028507126781695424 0.04049999999999998
0 0.395536384096024 0.46625 0.034883720930232565 0.04049999999999998
0 0.37884471117779445 0.5535 0.033758439609902435 0.040999999999999925
0 0.3749062265566392 0.6679999999999999 0.03263315828957242 0.04300000000000004
0 0.37696924231057766 0.708 0.030757689422355572 0.041000000000000036
0 0.37190547636909227 0.76125 0.028882220555138782 0.05049999999999999
0 0.34921230307576895 0.7789999999999999 0.032258064516129004 0.04700000000000004
0 0.3660915228807202 0.84575 0.03225806451612906 0.046499999999999986
0 0.390847711927982 0.8095 0.03150787696924229 0.04899999999999993
0 0.3970367591897975 0.74025 0.028882220555138782 0.05249999999999999
0 0.4157914478619655 0.771 0.031882970742685646 0.04600000000000004
0 0.4105401350337584 0.83675 0.03038259564891227 0.044499999999999984
0 0.3915978994748687 0.87325 0.03150787696924229 0.04049999999999998
0 0.4116654163540885 0.9065000000000001 0.03338334583645913 0.039000000000000035
0 0.4234808702175544 0.87175 0.030007501875468856 0.04349999999999998
0 0.440735183795949 0.83525 0.030757689422355572 0.04749999999999999
0 0.44204801200300076 0.952 0.031882970742685646 0.051999999999999935
0 0.4722430607651913 0.9650000000000001 0.03150787696924229 0.04700000000000004
0 0.4465491372843211 0.9007499999999999 0.03263315828957242 0.0465000000000001
0 0.47580645161290325 0.9177500000000001 0.029632408102025498 0.04349999999999998
0 0.49962490622655664 0.9397500000000001 0.030757689422355572 0.045499999999999985
0 0.5298199549887472 0.93675 0.030382595648912214 0.04849999999999999
0 0.5093773443360841 0.89725 0.02850712678169548 0.05049999999999999
0 0.4643660915228807 0.8632500000000001 0.032258064516129004 0.04749999999999999
0 0.4705551387846962 0.81475 0.028882220555138782 0.04249999999999998
0 0.49774943735933985 0.841 0.033008252063015775 0.04400000000000004
0 0.5273818454613654 0.84675 0.030007501875468856 0.0475000000000001
0 0.46774193548387094 0.7737499999999999 0.028507126781695424 0.04349999999999998
0 0.5136909227306827 0.8055 0.030382595648912214 0.04499999999999993
0 0.413165791447862 0.6905 0.031882970742685646 0.040000000000000036
0 0.4047261815453863 0.6487499999999999 0.03450862715678921 0.045499999999999985
0 0.4118529632408102 0.6085 0.030007501875468856 0.039999999999999925
0 0.4148537134283571 0.5685 0.037509377344336126 0.04299999999999993
0 0.42010502625656415 0.528 0.02925731432858214 0.03600000000000003
0 0.4169167291822956 0.49024999999999996 0.031132783195798985 0.04150000000000004
0 0.4122280570142536 0.1845 0.03150787696924229 0.03999999999999998
0 0.41241560390097526 0.23025 0.028882220555138782 0.04350000000000001
0 0.42760690172543137 0.2575 0.030757689422355572 0.04200000000000004
0 0.41785446361590395 0.28825 0.029257314328582196 0.035499999999999976
0 0.39797449362340587 0.30725 0.030757689422355572 0.04350000000000004
0 0.4111027756939235 0.33899999999999997 0.03150787696924234 0.04099999999999998
0 0.41335333833458365 0.38125 0.030007501875468856 0.04150000000000004
0 0.43792198049512376 0.38825 0.034883720930232565 0.04249999999999998
0 0.4493623405851463 0.35275 0.030757689422355572 0.03849999999999998
0 0.44204801200300076 0.3205 0.030382595648912214 0.03300000000000003
0 0.45142535633908476 0.28500000000000003 0.031882970742685646 0.030999999999999972
0 0.4416729182295574 0.21575 0.02588147036759192 0.036500000000000005
0 0.45817704426106526 0.249 0.026631657914478635 0.04500000000000001
0 0.4671792948237059 0.18425 0.025881470367591863 0.04749999999999999
0 0.49268567141785446 0.18975 0.028882220555138727 0.03849999999999998
0 0.486496624156039 0.23249999999999998 0.032258064516129004 0.037000000000000005
0 0.48499624906226557 0.26975 0.02925731432858214 0.03649999999999998
0 0.47186796699174793 0.31325000000000003 0.032258064516129004 0.03550000000000003
0 0.47843210802700675 0.34750000000000003 0.030382595648912214 0.043999999999999984
0 0.49381095273818454 0.38 0.031132783195798985 0.03700000000000003
0 0.4773068267066767 0.41025 0.031882970742685646 0.03949999999999998
0 0.43529632408102026 0.4285 0.031882970742685646 0.03600000000000003
0 0.44804951237809454 0.46425 0.03263315828957242 0.03649999999999998
0 0.4767441860465116 0.45325 0.03450862715678921 0.04749999999999999
0 0.4414853713428357 0.499 0.02550637659414856 0.04099999999999998
0 0.44973743435858965 0.5395000000000001 0.03150787696924229 0.03500000000000003
0 0.4701800450112528 0.49924999999999997 0.02738184546136535 0.05049999999999999
0 0.4964366091522881 0.50925 0.028132033008252066 0.04350000000000004
0 0.481807951987997 0.5505 0.03338334583645913 0.04299999999999993
0 0.48968492123030755 0.58925 0.03263315828957236 0.04149999999999998
0 0.44954988747186797 0.608 0.031882970742685646 0.04200000000000004
0 0.4731807951987997 0.6325000000000001 0.029632408102025498 0.04599999999999993
0 0.43454613653413354 0.661 0.03713428357089271 0.041000000000000036
0 0.4645536384096024 0.6819999999999999 0.028882220555138782 0.041000000000000036
0 0.49118529632408103 0.6595 0.03488372093023262 0.04400000000000004
0 0.5056264066016504 0.63075 0.030757689422355516 0.04249999999999998
0 0.47018004501125277 0.72575 0.034883720930232565 0.0475000000000001
0 0.49062265566391594 0.7010000000000001 0.0300075018754688 0.041000000000000036
0 0.49268567141785446 0.75 0.03263315828957242 0.04299999999999993
0 0.518754688672168 0.71175 0.02775693923480871 0.044499999999999984
0 0.5365716429107277 0.7757499999999999 0.035633908477119336 0.04250000000000009
0 0.5626406601650413 0.83475 0.03300825206301583 0.043500000000000094
0 0.5442610652663166 0.89575 0.028507126781695424 0.05049999999999999
0 0.5768942235558889 0.91125 0.028507126781695424 0.0475000000000001
0 0.5853338334583646 0.8240000000000001 0.028882220555138782 0.04399999999999993
0 0.5977119279819956 0.8555 0.028132033008252066 0.03600000000000003
0 0.6217179294823706 0.84375 0.03188297074268576 0.05249999999999999
0 0.5693923480870218 0.78725 0.03600900225056258 0.03950000000000009
0 0.5932108027006752 0.76275 0.03188297074268576 0.045499999999999985
0 0.6309077269317329 0.77075 0.0367591897974493 0.04349999999999998
0 0.6325956489122281 0.80925 0.037884471117779484 0.03749999999999998
0 0.663728432108027 0.7675000000000001 0.03188297074268576 0.04399999999999993
0 0.5487621905476369 0.74125 0.030757689422355572 0.04249999999999998
0 0.5446361590397599 0.6995 0.03150787696924229 0.04200000000000004
0 0.5823330832708177 0.72075 0.03638409602400605 0.0475000000000001
0 0.6119654913728432 0.714 0.03638409602400594 0.040000000000000036
0 0.6436609152288072 0.7322500000000001 0.03150787696924229 0.03749999999999998
0 0.5500750187546887 0.6597500000000001 0.03113278319579904 0.04349999999999998
0 0.5800825206301576 0.67025 0.028882220555138782 0.04249999999999998
0 0.5324456114028506 0.62425 0.026631657914478635 0.03649999999999998
0 0.563953488372093 0.62825 0.03338334583645919 0.04249999999999998
0 0.5965866466616654 0.63625 0.03113278319579893 0.04349999999999998
0 0.609152288072018 0.671 0.02925731432858214 0.04399999999999993
0 0.6400975243810954 0.653 0.03488372093023251 0.04200000000000004
0 0.6462865716429107 0.69175 0.03675918979744941 0.03849999999999998
0 0.6734808702175543 0.7150000000000001 0.03113278319579893 0.04700000000000004
0 0.6654163540885222 0.6715 0.028507126781695424 0.040000000000000036
0 0.6676669167291823 0.632 0.032258064516129004 0.040999999999999925
0 0.6310952738184545 0.608 0.026631657914478635 0.04299999999999993
0 0.6039009752438109 0.5952500000000001 0.027006751687921993 0.04149999999999998
0 0.5767066766691673 0.5854999999999999 0.028132033008252066 0.039000000000000035
0 0.5485746436609151 0.5795 0.030382595648912214 0.038999999999999924
0 0.518754688672168 0.5785 0.02775693923480871 0.040000000000000036
0 0.5273818454613654 0.54275 0.032258064516129004 0.04249999999999998
0 0.567516879219805 0.55 0.030007501875468856 0.041000000000000036
0 0.6190922730682671 0.5609999999999999 0.03263315828957236 0.041999999999999926
0 0.5174418604651163 0.471 0.030382595648912214 0.04299999999999998
0 0.5120030007501876 0.43325 0.030757689422355572 0.04350000000000004
0 0.5202550637659414 0.41475 0.02775693923480871 0.034499999999999975
0 0.5438859714928732 0.45025000000000004 0.030007501875468856 0.03650000000000003
0 0.5470742685671417 0.4195 0.02738184546136535 0.035999999999999976
0 0.5210052513128282 0.36624999999999996 0.02775693923480871 0.04350000000000004
0 0.5056264066016504 0.3375 0.025506376594148505 0.03799999999999998
0 0.5073143285821455 0.2915 0.031132783195798985 0.033999999999999975
0 0.5328207051762941 0.31174999999999997 0.028882220555138782 0.04150000000000004
0 0.5136909227306827 0.25725 0.02738184546136535 0.03750000000000003
0 0.5408852213053263 0.27675 0.030007501875468856 0.03949999999999998
0 0.5397599399849963 0.24625000000000002 0.028507126781695424 0.0345
0 0.5345086271567892 0.21400000000000002 0.02925731432858214 0.032
0 0.5568267066766692 0.1845 0.029632408102025498 0.036000000000000004
0 0.5875843960990248 0.18725 0.030382595648912214 0.04049999999999998
0 0.5690172543135784 0.22025 0.032258064516129004 0.03749999999999998
0 0.5682670667666917 0.26075000000000004 0.028507126781695424 0.03650000000000003
0 0.6054013503375844 0.23249999999999998 0.02775693923480871 0.04100000000000001
0 0.6346586646661665 0.2355 0.032258064516129115 0.037000000000000005
0 0.6663540885221306 0.24525000000000002 0.026631657914478635 0.04450000000000001
0 0.5663915978994749 0.30025 0.02925731432858214 0.03550000000000003
0 0.59152288072018 0.28500000000000003 0.02925731432858214 0.03799999999999998
0 0.5948987246811703 0.318 0.030757689422355572 0.03500000000000003
0 0.5594523630907726 0.3405 0.03413353338334579 0.032999999999999974
0 0.564516129032258 0.37875000000000003 0.030757689422355683 0.04350000000000004
0 0.5800825206301575 0.41900000000000004 0.03188297074268576 0.034999999999999976
0 0.5750187546886721 0.4495 0.02775693923480871 0.03600000000000003
0 0.5613278319579895 0.48224999999999996 0.030382595648912214 0.03849999999999992
0 0.5797074268567142 0.51225 0.028132033008252066 0.039500000000000035
0 0.5960240060015004 0.47350000000000003 0.030007501875468856 0.043999999999999984
0 0.6155288822205551 0.50775 0.03300825206301572 0.040500000000000036
0 0.6361590397599399 0.52 0.030007501875468967 0.039000000000000035
0 0.6492873218304576 0.5565 0.02700675168792188 0.040999999999999925
0 0.6410352588147037 0.4875 0.03150787696924229 0.031000000000000028
0 0.6067141785446362 0.4415 0.03188297074268576 0.03500000000000003
0 0.6337209302325582 0.45125 0.025131282820705203 0.04249999999999998
0 0.5918979744936235 0.35625 0.024006001500375018 0.04149999999999998
0 0.6177794448612153 0.37925 0.030007501875468856 0.038500000000000034
0 0.6271567891972993 0.40775 0.02925731432858214 0.03649999999999998
0 0.6194673668417103 0.34675 0.029632408102025498 0.033499999999999974
0 0.6232183045761441 0.31675 0.025131282820705203 0.030500000000000027
0 0.6265941485371342 0.2865 0.029632408102025498 0.033999999999999975
0 0.6564141035258815 0.28825 0.028507126781695424 0.03949999999999998
0 0.6828582145536384 0.27875 0.02738184546136535 0.035499999999999976
0 0.6764816204051012 0.30925 0.03113278319579893 0.03350000000000003
0 0.653225806451613 0.33725 0.03113278319579893 0.03749999999999998
0 0.6545386346586647 0.369 0.030007501875468856 0.03500000000000003
0 0.6811702925731433 0.38 0.02400600150037513 0.039000000000000035
0 0.7021755438859715 0.354 0.028507126781695424 0.03699999999999998
0 0.7108027006751688 0.30125 0.028507126781695424 0.04049999999999998
0 0.7423105776444111 0.32425000000000004 0.02925731432858214 0.03750000000000003
0 0.7638784696174044 0.34850000000000003 0.028132033008252066 0.04199999999999998
0 0.7261815453863466 0.358 0.02400600150037513 0.03799999999999998
0 0.7138034508627157 0.3865 0.028507126781695424 0.03500000000000003
0 0.7364966241560391 0.40075 0.028132033008252066 0.034499999999999975
0 0.6626031507876968 0.42100000000000004 0.031882970742685646 0.03899999999999998
0 0.6847336834208553 0.4275 0.02363090772693177 0.041000000000000036
0 0.7147411852963241 0.427 0.030382595648912214 0.041000000000000036
0 0.7593773443360841 0.42974999999999997 0.03713428357089266 0.038500000000000034
0 0.7936984246061516 0.4315 0.02925731432858214 0.040000000000000036
0 0.8229557389347337 0.44725000000000004 0.02550637659414845 0.03750000000000003
0 0.6695423855963991 0.45875 0.02925731432858214 0.04249999999999998
0 0.6924231057764441 0.48175 0.028507126781695424 0.04249999999999998
0 0.7192423105776444 0.4675 0.031882970742685646 0.03699999999999998
0 0.7481245311327831 0.469 0.02588147036759192 0.04099999999999998
0 0.7813203300825207 0.485 0.02550637659414856 0.04199999999999998
0 0.8085146286571643 0.46875 0.03338334583645919 0.04049999999999998
0 0.8158289572393098 0.5055000000000001 0.030757689422355572 0.03500000000000003
0 0.7312453113278319 0.504 0.028132033008252066 0.04099999999999998
0 0.6729182295573893 0.515 0.030757689422355572 0.04200000000000004
0 0.7033008252063015 0.5315 0.030757689422355572 0.038000000000000034
0 0.7481245311327831 0.5365 0.03113278319579893 0.04300000000000004
0 0.7846961740435109 0.53125 0.027006751687921993 0.04150000000000009
0 0.6762940735183796 0.55725 0.02925731432858214 0.04049999999999998
0 0.6882970742685671 0.59425 0.02925731432858214 0.03749999999999998
0 0.7096774193548387 0.56475 0.033758439609902546 0.03649999999999998
0 0.7243060765191298 0.60075 0.032258064516129004 0.03950000000000009
0 0.7014253563390848 0.6305000000000001 0.030007501875468856 0.03599999999999992
0 0.7025506376594148 0.66275 0.030757689422355572 0.03850000000000009
0 0.6971117779444862 0.6972499999999999 0.029632408102025498 0.03949999999999998
0 0.7072393098274569 0.73075 0.028882220555138893 0.04249999999999998
0 0.6909227306826706 0.75975 0.030757689422355572 0.046499999999999986
0 0.7374343585896475 0.7397499999999999 0.028507126781695424 0.045499999999999985
0 0.7751312828207051 0.72375 0.030382595648912214 0.045500000000000096
0 0.7325581395348837 0.6975 0.028507126781695424 0.040000000000000036
0 0.745873968492123 0.6447499999999999 0.029632408102025498 0.03650000000000009
0 0.7505626406601651 0.67475 0.032258064516129115 0.03749999999999998
0 0.7891972993248312 0.6577500000000001 0.032258064516129004 0.045499999999999985
0 0.7513128282070518 0.61125 0.02550637659414845 0.03249999999999997
0 0.754688672168042 0.57375 0.032258064516129004 0.03849999999999998
0 0.785821455363841 0.5715 0.030007501875468856 0.038999999999999924
0 0.7886346586646662 0.60975 0.03113278319579893 0.04149999999999998
0 0.8169542385596399 0.6392500000000001 0.02775693923480871 0.04349999999999998
0 0.819767441860465 0.59575 0.03113278319579893 0.04049999999999998
0 0.8458364591147787 0.62075 0.02925731432858214 0.04249999999999998
0 0.8805326331582897 0.60225 0.030382595648912214 0.046499999999999986
0 0.8433983495873969 0.5805 0.03263315828957236 0.03600000000000003
0 0.845086271567892 0.54375 0.030757689422355572 0.03849999999999998
0 0.8797824456114028 0.5297499999999999 0.03188297074268576 0.033499999999999974
0 0.8647786946736684 0.48825 0.03188297074268576 0.04349999999999998
0 0.24381095273818454 0.41375 0.03300825206301572 0.045499999999999985
