0 0.04576144036009002 0.36275 0.0450112528132033 0.05149999999999999
0 0.08664666166541635 0.37 0.03300825206301576 0.05299999999999999
0 0.12096774193548387 0.373 0.039384846211552874 0.04600000000000004
0 0.11646661665416354 0.32375 0.0401350337584396 0.046499999999999986
0 0.18904726181545387 0.28325 0.03450862715678921 0.058499999999999996
0 0.24943735933983496 0.29125 0.041260315078769705 0.05049999999999999
0 0.2785071267816954 0.26175 0.0386346586646662 0.046499999999999986
0 0.3143285821455364 0.27175 0.037509377344336126 0.055499999999999994
0 0.3435858964741185 0.24325000000000002 0.030757689422355572 0.05350000000000002
0 0.3692798199549887 0.21825 0.03788447111777943 0.055499999999999994
0 0.11571642910727681 0.42225 0.03563390847711927 0.044499999999999984
0 0.07520630157539385 0.47775 0.041635408852213056 0.044499999999999984
0 0.1333458364591148 0.44825 0.037884471117779456 0.044499999999999984
0 0.13559639909977494 0.48925 0.046886721680420115 0.04149999999999998
0 0.12303075768942236 0.52925 0.0375093773443361 0.0475000000000001
0 0.14047261815453863 0.60075 0.036384096024005996 0.0475000000000001
0 0.14028507126781695 0.6739999999999999 0.040510127531882975 0.04500000000000004
0 0.16279069767441862 0.7235 0.03900975243810953 0.04600000000000004
0 0.2119279819954989 0.75125 0.03375843960990246 0.05049999999999999
0 0.2316204051012753 0.79325 0.031132783195798958 0.04349999999999998
0 0.2653788447111778 0.8015 0.03713428357089274 0.04600000000000004
0 0.29576144036009 0.7847500000000001 0.03788447111777943 0.04050000000000009
0 0.2674418604651163 0.7195 0.03750937734433607 0.038000000000000034
0 0.268754688672168 0.68925 0.04088522130532629 0.04049999999999998
0 0.18567141785446362 0.64525 0.03450862715678921 0.05049999999999999
0 0.21342835708927232 0.6619999999999999 0.03525881470367592 0.04700000000000004
0 0.24474868717179296 0.6495 0.03413353338334585 0.049000000000000044
0 0.22018004501125282 0.6114999999999999 0.04126031507876968 0.05799999999999994
0 0.19579894973743436 0.58025 0.036759189797449354 0.044499999999999984
0 0.19579894973743434 0.53225 0.039759939984996245 0.0515000000000001
0 0.16916729182295576 0.517 0.03450862715678918 0.04600000000000004
0 0.17085521380345087 0.46875 0.029632408102025498 0.05349999999999999
0 0.17573143285821455 0.41575 0.03563390847711928 0.04949999999999999
0 0.1972993248312078 0.46499999999999997 0.036759189797449354 0.05099999999999999
0 0.21136534133533383 0.42400000000000004 0.036384096024005996 0.05499999999999999
0 0.21586646661665415 0.36825 0.03713428357089274 0.05349999999999999
0 0.25562640660165037 0.4115 0.03788447111777943 0.046999999999999986
0 0.23330832708177046 0.32699999999999996 0.031507876969242316 0.04899999999999999
0 0.26144036009002247 0.32999999999999996 0.03600900225056264 0.04799999999999999
0 0.2560015003750938 0.36575 0.03188297074268567 0.044499999999999984
0 0.2888222055513878 0.36924999999999997 0.03750937734433607 0.04650000000000004
0 0.2920105026256564 0.42175 0.034883720930232565 0.046499999999999986
0 0.2383720930232558 0.46925 0.03938484621155289 0.04349999999999998
0 0.277569392348087 0.45799999999999996 0.03600900225056264 0.04299999999999998
0 0.24549887471867968 0.524 0.03713428357089271 0.04899999999999999
0 0.28188297074268565 0.52125 0.03563390847711928 0.044499999999999984
0 0.26837959489872465 0.5595 0.03788447111777943 0.050000000000000044
0 0.263503375843961 0.61 0.04013503375843963 0.052000000000000046
0 0.30007501875468867 0.60075 0.036009002250562694 0.058499999999999996
0 0.30945236309077273 0.55025 0.036759189797449354 0.04049999999999998
0 0.31676669167291827 0.4975 0.03413353338334585 0.04500000000000004
0 0.3300825206301575 0.45075 0.03750937734433607 0.04249999999999998
0 0.3259564891222806 0.39725 0.03750937734433607 0.044499999999999984
0 0.3293323330832708 0.35075 0.03450862715678921 0.05049999999999999
0 0.35465116279069764 0.36825 0.03338334583645913 0.05049999999999999
0 0.3758439609902475 0.405 0.03750937734433607 0.044999999999999984
0 0.39084771192798196 0.3775 0.038259564891222786 0.05500000000000005
0 0.33852213053263314 0.309 0.04238559639909978 0.05300000000000005
0 0.3711552888222055 0.3195 0.03563390847711928 0.05499999999999999
0 0.40510127531882967 0.33625 0.03975993998499622 0.056499999999999995
0 0.37659414853713424 0.26875 0.038259564891222786 0.04249999999999998
0 0.4122280570142536 0.2825 0.03225806451612906 0.045999999999999985
0 0.41710427606901723 0.23925000000000002 0.03375843960990249 0.05150000000000002
0 0.4433608402100525 0.202 0.03450862715678915 0.05200000000000002
0 0.4544261065266316 0.2575 0.036384096024005996 0.05099999999999996
0 0.4885596399099775 0.26749999999999996 0.03338334583645908 0.05299999999999999
0 0.5127531882970743 0.21975 0.033008252063015775 0.045499999999999985
0 0.5176294073518379 0.27275 0.030007501875468856 0.05249999999999999
0 0.47280570142535633 0.31725000000000003 0.04163540885221306 0.05250000000000005
0 0.5037509377344336 0.3095 0.03300825206301572 0.04500000000000004
0 0.4478619654913728 0.35125 0.03525881470367592 0.04749999999999999
0 0.42854463615903976 0.39725 0.039384846211552915 0.04849999999999999
0 0.4891222805701425 0.34850000000000003 0.03450862715678915 0.044999999999999984
0 0.5050637659414854 0.385 0.03488372093023262 0.04899999999999999
0 0.47524381095273815 0.40775 0.036759189797449354 0.05349999999999999
0 0.4510502625656414 0.4285 0.03338334583645908 0.05299999999999999
0 0.41260315078769694 0.43725 0.038259564891222786 0.04150000000000004
0 0.42779444861215304 0.47375 0.0386346586646662 0.05049999999999999
0 0.37865716429107277 0.45075 0.03638409602400605 0.045499999999999985
0 0.350337584396099 0.49025 0.03300825206301572 0.04949999999999999
0 0.38447111777944487 0.5005 0.03900975243810956 0.051000000000000045
0 0.4182295573893473 0.52325 0.0390097524381095 0.04249999999999998
0 0.3467741935483871 0.5445 0.029632408102025554 0.052000000000000046
0 0.3749062265566392 0.55075 0.03338334583645913 0.046499999999999986
0 0.29219804951237804 0.6325000000000001 0.03450862715678921 0.041999999999999926
0 0.3148912228057014 0.6659999999999999 0.03713428357089277 0.04500000000000004
0 0.31545386346586646 0.70825 0.03975993998499627 0.04249999999999998
0 0.29744936234058517 0.8049999999999999 0.03450862715678921 0.03199999999999992
0 0.3512753188297074 0.7909999999999999 0.03788447111777943 0.04999999999999993
0 0.37659414853713424 0.85375 0.036759189797449354 0.04249999999999998
0 0.4092273068267067 0.858 0.03225806451612906 0.05600000000000005
0 0.41129032258064513 0.8105 0.03563390847711928 0.04299999999999993
0 0.3649662415603901 0.7464999999999999 0.033758439609902435 0.041999999999999926
0 0.35146286571642915 0.71275 0.03375843960990249 0.04150000000000009
0 0.39666166541635406 0.7665 0.036384096024005996 0.04999999999999993
0 0.42948237059264815 0.765 0.03825956489122284 0.04499999999999993
0 0.43848462115528886 0.8015 0.03450862715678921 0.04400000000000004
0 0.3975993998499625 0.71975 0.03375843960990249 0.043500000000000094
0 0.3323330832708177 0.62975 0.03000750187546891 0.045499999999999985
0 0.3629032258064516 0.65325 0.03563390847711928 0.0475000000000001
0 0.3582145536384096 0.61425 0.036759189797449354 0.04149999999999998
0 0.4021005251312828 0.5922499999999999 0.03600900225056264 0.04250000000000009
0 0.41091522880720177 0.6507499999999999 0.036384096024005996 0.044500000000000095
0 0.4257314328582146 0.56875 0.038259564891222786 0.04849999999999999
0 0.4452363090772693 0.59975 0.036759189797449354 0.05049999999999999
0 0.44298574643660915 0.64775 0.03675918979744941 0.055499999999999994
0 0.4503000750187547 0.8825000000000001 0.03338334583645908 0.04500000000000004
0 0.45273818454613657 0.82975 0.03150787696924234 0.045499999999999985
0 0.4788072018004501 0.865 0.03713428357089277 0.04400000000000004
0 0.5075018754688672 0.9177500000000001 0.041260315078769705 0.04349999999999998
0 0.5165041260315079 0.85475 0.03525881470367587 0.046499999999999986
0 0.48368342085521376 0.8205 0.03338334583645913 0.04600000000000004
0 0.5005626406601651 0.7785 0.03638409602400594 0.04500000000000004
0 0.4621155288822205 0.74925 0.03600900225056264 0.03649999999999998
0 0.44111027756939236 0.7035 0.033008252063015775 0.04600000000000004
0 0.4769317329332333 0.7075 0.038634658664666144 0.04800000000000004
0 0.5108777194298575 0.69575 0.03150787696924234 0.04249999999999998
0 0.5176294073518379 0.7265 0.03450862715678915 0.040000000000000036
0 0.47599399849962487 0.6545000000000001 0.03525881470367592 0.04300000000000004
0 0.5249437359339835 0.65125 0.03338334583645908 0.046499999999999986
0 0.5416354088522131 0.658 0.028507126781695424 0.04800000000000004
0 0.49174793698424607 0.5992500000000001 0.03900975243810956 0.033499999999999974
0 0.46174043510877716 0.56125 0.040510127531882933 0.03949999999999998
0 0.4981245311327832 0.5640000000000001 0.028507126781695424 0.04999999999999993
0 0.5324456114028507 0.58975 0.04163540885221306 0.04049999999999998
0 0.5303825956489122 0.542 0.0367591897974493 0.041000000000000036
0 0.47018004501125277 0.50725 0.034883720930232565 0.04750000000000004
0 0.5026256564141036 0.4885 0.03900975243810956 0.039999999999999925
0 0.48105776444111026 0.45225 0.03338334583645913 0.04049999999999998
0 0.503563390847712 0.42400000000000004 0.031882970742685646 0.03999999999999998
0 0.5311327831957989 0.45075 0.033758439609902435 0.04049999999999998
0 0.5573893473368342 0.23249999999999998 0.03600900225056258 0.05400000000000002
0 0.5699549887471869 0.19775 0.03263315828957236 0.05349999999999999
0 0.6022130532633159 0.201 0.03263315828957236 0.04000000000000001
0 0.6335333833458365 0.1815 0.03450862715678926 0.04999999999999999
0 0.5993998499624906 0.25875 0.0367591897974493 0.04849999999999999
0 0.5397599399849963 0.31 0.03525881470367587 0.049000000000000044
0 0.5737059264816204 0.30200000000000005 0.03338334583645908 0.04999999999999999
0 0.5350712678169542 0.35650000000000004 0.039384846211552915 0.04799999999999999
0 0.5470742685671418 0.41200000000000003 0.04088522130532635 0.04799999999999999
0 0.5594523630907726 0.4935 0.03713428357089266 0.039000000000000035
0 0.5594523630907726 0.5455 0.03113278319579893 0.04200000000000004
0 0.560952738184546 0.605 0.029632408102025498 0.04800000000000004
0 0.5832708177044261 0.6255 0.03525881470367587 0.04599999999999993
0 0.5720180045011253 0.70025 0.032258064516129004 0.04849999999999999
0 0.5330082520630157 0.775 0.033758439609902435 0.04200000000000004
0 0.5575768942235559 0.7482500000000001 0.03413353338334579 0.04349999999999998
0 0.5590772693173294 0.7905 0.03413353338334579 0.04400000000000004
0 0.5448237059264815 0.83375 0.035633908477119225 0.04249999999999998
0 0.5395723930982745 0.87 0.03488372093023251 0.03600000000000003
0 0.5725806451612903 0.88275 0.03338334583645908 0.03849999999999998
0 0.562828207051763 0.9265 0.029632408102025498 0.04499999999999993
0 0.5993998499624906 0.8895 0.03450862715678915 0.031000000000000028
0 0.5907726931732933 0.82725 0.03675918979744941 0.045499999999999985
0 0.6007126781695424 0.8400000000000001 0.028132033008252066 0.031000000000000028
0 0.6189047261815454 0.84825 0.027006751687921993 0.04050000000000009
0 0.6114028507126782 0.8005 0.02925731432858214 0.04800000000000004
0 0.627906976744186 0.7975 0.01275318829707417 0.038999999999999924
0 0.5823330832708178 0.75825 0.029632408102025498 0.046499999999999986
0 0.6114028507126782 0.751 0.030757689422355572 0.038999999999999924
0 0.6181545386346587 0.71425 0.03525881470367598 0.03850000000000009
0 0.6459114778694673 0.6895 0.03600900225056258 0.04299999999999993
0 0.6408477119279821 0.72575 0.03113278319579893 0.03950000000000009
0 0.650225056264066 0.74925 0.03488372093023262 0.04349999999999998
0 0.61496624156039 0.6305000000000001 0.03113278319579893 0.04700000000000004
0 0.5922730682670667 0.5882499999999999 0.03450862715678926 0.035499999999999976
0 0.6307201800450113 0.5895 0.03488372093023251 0.04800000000000004
0 0.59152288072018 0.52625 0.03675918979744941 0.03950000000000009
0 0.6207801950487621 0.54 0.033758439609902546 0.04500000000000004
0 0.6524756189047263 0.5385 0.030382595648912214 0.04800000000000004
0 0.595648912228057 0.4785 0.03300825206301572 0.04399999999999993
0 0.6275318829707427 0.49675 0.033758439609902435 0.04450000000000004
0 0.5842085521380345 0.43174999999999997 0.035633908477119225 0.04250000000000004
0 0.5787696924231058 0.39149999999999996 0.036009002250562694 0.04199999999999998
0 0.5720180045011253 0.35075 0.03600900225056258 0.04849999999999999
0 0.6037134283570893 0.35825 0.03263315828957236 0.045499999999999985
0 0.608027006751688 0.30775 0.03450862715678926 0.05349999999999999
0 0.6327831957989498 0.23025 0.03825956489122284 0.05150000000000002
0 0.6678544636159041 0.16025 0.03413353338334579 0.05249999999999999
0 0.6706676669167292 0.214 0.03525881470367587 0.04899999999999999
0 0.6434733683420855 0.27625 0.03863465866466609 0.05049999999999999
0 0.6830457614403601 0.28300000000000003 0.03300825206301572 0.03899999999999998
0 0.6312828207051763 0.35050000000000003 0.030757689422355572 0.03999999999999998
0 0.6573518379594898 0.3305 0.031882970742685646 0.04799999999999999
0 0.6127156789197299 0.40425 0.035633908477119225 0.045499999999999985
0 0.6239684921230307 0.44125000000000003 0.037884471117779484 0.04850000000000004
0 0.6566016504126031 0.4855 0.03788447111777937 0.04599999999999993
0 0.6575393848462115 0.4375 0.03450862715678915 0.049000000000000044
0 0.6903600900225056 0.45275 0.03638409602400605 0.04149999999999998
0 0.6944861215303826 0.40700000000000003 0.04088522130532635 0.046999999999999986
0 0.6489122280570143 0.387 0.037509377344336126 0.045999999999999985
0 0.6716054013503376 0.371 0.04013503375843952 0.049000000000000044
0 0.7248687171792948 0.3815 0.037884471117779484 0.04200000000000004
0 0.7087396849212303 0.31375 0.03488372093023262 0.049500000000000044
0 0.731807951987997 0.34125 0.030007501875468856 0.045499999999999985
0 0.7539384846211553 0.31775 0.03600900225056258 0.04650000000000004
0 0.759939984996249 0.35975 0.02925731432858214 0.04349999999999998
0 0.708927231807952 0.25475000000000003 0.036009002250562694 0.047500000000000014
0 0.7160540135033758 0.211 0.0367591897974493 0.046999999999999986
0 0.7441860465116279 0.1805 0.033758439609902435 0.04899999999999999
0 0.7415603900975244 0.24325000000000002 0.033758439609902435 0.04450000000000001
0 0.7775693923480871 0.21175 0.03975993998499627 0.04450000000000001
0 0.7878844711177795 0.2545 0.035633908477119225 0.04400000000000001
0 0.790510127531883 0.2975 0.03338334583645919 0.046999999999999986
0 0.7895723930982745 0.35150000000000003 0.03675918979744941 0.043999999999999984
0 0.8212678169542384 0.35250000000000004 0.028882220555138782 0.04899999999999999
0 0.8634658664666166 0.364 0.036009002250562694 0.04799999999999999
0 0.8734058514628658 0.322 0.035633908477119225 0.04300000000000004
0 0.8555888972243061 0.23675000000000002 0.03450862715678915 0.048500000000000015
0 0.8672168042010502 0.26625 0.03675918979744941 0.04849999999999999
0 0.9021005251312828 0.27375 0.033758439609902435 0.05049999999999999
0 0.8882220555138785 0.351 0.03150787696924229 0.04199999999999998
0 0.9270442610652663 0.38025 0.03413353338334579 0.04550000000000004
0 0.7331207801950488 0.4265 0.03638409602400605 0.05099999999999999
0 0.7680045011252813 0.405 0.037884471117779484 0.046999999999999986
0 0.7920105026256564 0.39025 0.03338334583645919 0.03949999999999998
0 0.7456864216054013 0.47775 0.03600900225056258 0.044499999999999984
0 0.6862340585146287 0.51275 0.03713428357089266 0.040500000000000036
0 0.7134283570892723 0.5225 0.02775693923480871 0.04200000000000004
0 0.7415603900975244 0.5215 0.030757689422355572 0.040000000000000036
0 0.6901725431357839 0.55625 0.032258064516129004 0.046499999999999986
0 0.6811702925731433 0.5965 0.037509377344336126 0.04300000000000004
0 0.6519129782445612 0.618 0.032258064516129004 0.040000000000000036
0 0.6744186046511628 0.656 0.03300825206301572 0.040000000000000036
0 0.6909227306826706 0.6825 0.030757689422355572 0.04200000000000004
0 0.6800450112528131 0.72925 0.037509377344336126 0.04949999999999999
0 0.6552888222055514 0.80725 0.030757689422355572 0.044499999999999984
0 0.6755438859714928 0.84275 0.028507126781695424 0.04049999999999998
0 0.6789197299324832 0.7805 0.030007501875468967 0.039000000000000035
0 0.7033008252063015 0.75175 0.030757689422355572 0.03649999999999998
0 0.7267441860465116 0.72675 0.03488372093023251 0.046499999999999986
0 0.7460615153788447 0.7605 0.032258064516129004 0.04399999999999993
0 0.7154913728432108 0.67125 0.02363090772693177 0.03049999999999997
0 0.7333083270817704 0.65425 0.03975993998499627 0.043500000000000094
0 0.7533758439609903 0.69675 0.030382595648912214 0.03749999999999998
0 0.7792573143285821 0.6985 0.025881470367591808 0.040000000000000036
0 0.7428732183045761 0.6252500000000001 0.022880720180045055 0.03149999999999997
0 0.7252438109527382 0.6052500000000001 0.04088522130532635 0.04149999999999998
0 0.7246811702925732 0.5667500000000001 0.03150787696924229 0.04949999999999999
0 0.7503750937734434 0.5715 0.02963240810202561 0.040000000000000036
0 0.7860090022505626 0.6515 0.03263315828957236 0.049000000000000044
0 0.7957614403600901 0.67675 0.03263315828957236 0.03949999999999998
0 0.8237059264816204 0.698 0.02775693923480871 0.04799999999999993
0 0.8332708177044261 0.6187499999999999 0.028882220555138782 0.03949999999999998
0 0.8049512378094523 0.6055 0.03150787696924229 0.038000000000000034
0 0.7783195798949738 0.55325 0.03525881470367598 0.04149999999999998
0 0.8019504876219055 0.56775 0.0367591897974493 0.04149999999999998
0 0.8452738184546136 0.5635 0.03263315828957236 0.04299999999999993
0 0.8765941485371342 0.5702499999999999 0.030757689422355572 0.04749999999999999
0 0.8899099774943735 0.52925 0.031882970742685646 0.04849999999999999
0 0.8201425356339085 0.522 0.04163540885221306 0.038000000000000034
0 0.8490247561890473 0.49775 0.03638409602400605 0.03650000000000003
0 0.7768192048012004 0.49974999999999997 0.032258064516129115 0.04349999999999998
0 0.8135783945986497 0.49075 0.03300825206301572 0.040500000000000036
0 0.7801950487621905 0.45425 0.04051012753188299 0.03749999999999998
0 0.8077644411102776 0.43325 0.03188297074268576 0.049500000000000044
0 0.8345836459114779 0.45775 0.033758439609902546 0.03949999999999998
0 0.8499624906226557 0.4235 0.037509377344336126 0.044999999999999984
0 0.8846586646661665 0.42625 0.03488372093023251 0.04749999999999999
0 0.886721680420105 0.473 0.03825956489122273 0.045999999999999985
0 0.9030382595648911 0.45075 0.026631657914478635 0.044499999999999984
0 0.9022880720180044 0.40725 0.029632408102025498 0.04249999999999998
0 0.9349212303075769 0.445 0.035633908477119336 0.03600000000000003
0 0.9399849962490623 0.48575 0.03525881470367587 0.03649999999999998
0 0.9261065266316579 0.51975 0.03600900225056258 0.04450000000000004
0 0.9392348087021756 0.54925 0.03975993998499627 0.03949999999999998
