0 0.31282820705176295 0.20425 0.023255813953488358 0.0295
0 0.317516879219805 0.24675000000000002 0.022130532633158284 0.0315
0 0.29107276819204797 0.26549999999999996 0.018004501125281347 0.03699999999999998
0 0.27663165791447863 0.29600000000000004 0.020630157539384852 0.03699999999999998
0 0.28900975243810956 0.302 0.023630907726931716 0.03700000000000003
0 0.3210802700675168 0.27875 0.021755438859714926 0.03249999999999997
0 0.33927231807951985 0.27925 0.022880720180045 0.03749999999999998
0 0.3510877719429858 0.22775 0.02100525131282821 0.0345
0 0.37978244561140284 0.24675000000000002 0.024381095273818487 0.035500000000000004
0 0.3912228057014253 0.21175 0.024006001500375074 0.036500000000000005
0 0.41354088522130533 0.22949999999999998 0.03413353338334579 0.04200000000000001
0 0.4154163540885222 0.266 0.019879969992498137 0.033999999999999975
0 0.42760690172543137 0.26649999999999996 0.027006751687921993 0.03899999999999998
0 0.44579894973743434 0.27849999999999997 0.02738184546136535 0.03899999999999998
0 0.4684921230307577 0.26275000000000004 0.02625656414103522 0.03550000000000003
0 0.4921230307576894 0.28049999999999997 0.024006001500375074 0.033999999999999975
0 0.41204051012753184 0.29025 0.022130532633158284 0.023499999999999965
0 0.4096024006001501 0.314 0.02475618904726179 0.039000000000000035
0 0.43623405851462865 0.30325 0.02400600150037513 0.03250000000000003
0 0.3717179294823706 0.27725 0.026256564141035277 0.035499999999999976
0 0.3737809452363091 0.303 0.022130532633158284 0.03400000000000003
0 0.37715678919729934 0.33425 0.020630157539384852 0.03849999999999998
0 0.3334583645911478 0.3135 0.026256564141035277 0.03700000000000003
0 0.3199549887471868 0.31325000000000003 0.014253563390847712 0.039500000000000035
0 0.29576144036009 0.34025 0.022880720180045 0.04049999999999998
0 0.25881470367591897 0.32525000000000004 0.0240060015003751 0.03650000000000003
0 0.2651912978244561 0.35975 0.027006751687921993 0.03150000000000003
0 0.26912978244561137 0.39625 0.02438109527381843 0.04049999999999998
0 0.2828207051762941 0.41300000000000003 0.02100525131282821 0.03799999999999998
0 0.2970742685671418 0.41175 0.021755438859714926 0.04149999999999998
0 0.3008252063015754 0.377 0.023255813953488413 0.03600000000000003
0 0.3312078019504876 0.35825 0.02475618904726179 0.03749999999999998
0 0.3413353338334584 0.34299999999999997 0.02775693923480871 0.04099999999999998
0 0.33589647411852963 0.3875 0.025131282820705203 0.03400000000000003
0 0.3285821455363841 0.42774999999999996 0.02550637659414856 0.03450000000000003
0 0.32801950487621906 0.4585 0.024381095273818487 0.032999999999999974
0 0.34958739684921225 0.42000000000000004 0.021755438859714926 0.03899999999999998
0 0.35915228807201804 0.38649999999999995 0.025131282820705148 0.04099999999999998
0 0.3717179294823706 0.41375 0.026256564141035277 0.045499999999999985
0 0.3840960240060015 0.37575000000000003 0.024756189047261845 0.03650000000000003
0 0.40585146286571644 0.389 0.027006751687921993 0.030000000000000027
0 0.39909977494373594 0.34550000000000003 0.023255813953488413 0.04099999999999998
0 0.409039759939985 0.4185 0.022130532633158284 0.034999999999999976
0 0.4004126031507877 0.4445 0.02363090772693177 0.03200000000000003
0 0.2721305326331583 0.433 0.022880720180045055 0.03300000000000003
0 0.26144036009002247 0.472 0.021755438859714926 0.034999999999999976
0 0.2970742685671418 0.4565 0.023255813953488358 0.033999999999999975
0 0.308702175543886 0.48475 0.018754688672168063 0.03549999999999992
0 0.2758814703675919 0.506 0.02663165791447858 0.030000000000000027
0 0.25300075018754686 0.517 0.02438109527381846 0.03699999999999998
0 0.27906976744186046 0.5449999999999999 0.02550637659414856 0.03700000000000003
0 0.3162040510127532 0.519 0.02550637659414856 0.04099999999999998
0 0.33589647411852963 0.49349999999999994 0.02588147036759192 0.033999999999999975
0 0.3477119279819955 0.524 0.026256564141035277 0.030000000000000027
0 0.3454613653413353 0.5455 0.02775693923480871 0.03499999999999992
0 0.3730307576894224 0.52075 0.022880720180045 0.03749999999999998
0 0.36890472618154535 0.486 0.022130532633158284 0.035999999999999976
0 0.39478619654913727 0.4845 0.025131282820705148 0.030000000000000027
0 0.4124156039009752 0.49124999999999996 0.022880720180045 0.04049999999999998
0 0.42273068267066766 0.45975 0.024756189047261845 0.03849999999999998
0 0.43717179294823705 0.48125 0.028132033008252066 0.034499999999999975
0 0.45048762190547637 0.45075 0.017254313578394576 0.03749999999999998
0 0.43548387096774194 0.51925 0.02550637659414856 0.031500000000000083
0 0.4006001500375094 0.5237499999999999 0.024756189047261845 0.030500000000000083
0 0.39141035258814705 0.5542499999999999 0.022880720180045 0.035499999999999976
0 0.41429107276819205 0.5485 0.01987996999249808 0.03699999999999992
0 0.4317329332333083 0.55275 0.022505626406601642 0.044499999999999984
0 0.4122280570142536 0.5822499999999999 0.024006001500375074 0.03850000000000009
0 0.38953488372093026 0.59975 0.02438109527381843 0.03950000000000009
0 0.3480870217554388 0.58025 0.02475618904726179 0.03849999999999998
0 0.31151537884471114 0.5780000000000001 0.023630907726931716 0.039999999999999925
0 0.2861965491372843 0.588 0.02775693923480871 0.038000000000000034
0 0.29444861215303825 0.6185 0.02550637659414856 0.03599999999999992
0 0.2700675168792198 0.63075 0.024006001500375074 0.03649999999999998
0 0.3013878469617405 0.663 0.020630157539384852 0.03300000000000003
0 0.3156414103525882 0.6505000000000001 0.02138034508627157 0.03500000000000003
0 0.3353338334583646 0.6405000000000001 0.023255813953488413 0.03700000000000003
0 0.35858964741185295 0.6185 0.026256564141035277 0.03799999999999992
0 0.3750937734433608 0.64275 0.023255813953488358 0.03849999999999998
0 0.354463615903976 0.6585000000000001 0.02775693923480871 0.03700000000000003
0 0.322768192048012 0.6859999999999999 0.016129032258064502 0.03399999999999992
0 0.3400225056264066 0.6885 0.02738184546136535 0.03600000000000003
0 0.3674043510877719 0.68825 0.022880720180045 0.033499999999999974
0 0.38165791447861963 0.7104999999999999 0.029632408102025554 0.041000000000000036
0 0.3975993998499625 0.68875 0.024006001500375074 0.03149999999999997
0 0.400225056264066 0.6597500000000001 0.026256564141035277 0.03949999999999998
0 0.40735183795948987 0.62275 0.026256564141035277 0.03049999999999997
0 0.4247936984246061 0.645 0.01912978244561142 0.04299999999999993
0 0.432483120780195 0.5975 0.02100525131282821 0.038000000000000034
0 0.44879969992498125 0.6105 0.02588147036759192 0.03700000000000003
0 0.4549887471867967 0.5845 0.025506376594148505 0.03200000000000003
0 0.4486121530382596 0.6495 0.02775693923480871 0.04200000000000004
0 0.4476744186046512 0.68125 0.022880720180045 0.03249999999999997
0 0.4232933233308327 0.69425 0.026631657914478635 0.034499999999999975
0 0.3351462865716429 0.72275 0.028882220555138782 0.03849999999999998
0 0.3388972243060765 0.756 0.025131282820705148 0.03400000000000003
0 0.3623405851462866 0.75275 0.026256564141035277 0.035499999999999976
0 0.349774943735934 0.79425 0.025131282820705203 0.03550000000000009
0 0.3735933983495874 0.82125 0.026256564141035277 0.034499999999999975
0 0.3992873218304576 0.83275 0.02588147036759192 0.03849999999999998
0 0.41579144786196554 0.8772500000000001 0.02438109527381843 0.035499999999999976
0 0.3741560390097525 0.7865 0.02663165791447858 0.04200000000000004
0 0.394973743435859 0.79175 0.01725431357839463 0.03850000000000009
0 0.39647411852963244 0.75325 0.027006751687921937 0.035499999999999976
0 0.4156039009752438 0.74525 0.024006001500375074 0.04349999999999998
0 0.41522880720180044 0.7907500000000001 0.021755438859714926 0.04349999999999998
0 0.427231807951988 0.83725 0.024006001500375074 0.04050000000000009
0 0.43548387096774194 0.82925 0.028507126781695424 0.03849999999999998
0 0.44111027756939236 0.8775 0.024006001500375074 0.041000000000000036
0 0.4578019504876219 0.8755 0.029632408102025498 0.03399999999999992
0 0.46661665416354087 0.8305 0.028507126781695424 0.038000000000000034
0 0.44392348087021755 0.79575 0.02588147036759192 0.033499999999999974
0 0.46755438859714926 0.79775 0.02663165791447858 0.03149999999999997
0 0.49681170292573146 0.79 0.025131282820705203 0.03200000000000003
0 0.4883720930232558 0.75875 0.02775693923480871 0.044499999999999984
0 0.4741185296324081 0.7605 0.02100525131282821 0.041999999999999926
0 0.4358589647411853 0.724 0.02775693923480871 0.03600000000000003
0 0.4416729182295574 0.7557499999999999 0.028132033008252066 0.033499999999999974
0 0.4720555138784696 0.722 0.028132033008252066 0.031000000000000028
0 0.4705551387846962 0.6905 0.02363090772693177 0.04499999999999993
0 0.5037509377344336 0.70225 0.027756939234808653 0.04249999999999998
0 0.5198799699924981 0.68075 0.02925731432858214 0.03649999999999998
0 0.5388222055513878 0.7152499999999999 0.028132033008252066 0.04749999999999999
0 0.5279444861215303 0.744 0.026631657914478635 0.04400000000000004
0 0.5315078769692423 0.7845 0.033758439609902435 0.041000000000000036
0 0.5258814703675919 0.81825 0.027006751687921993 0.03649999999999998
0 0.49512378094523635 0.8474999999999999 0.02850712678169548 0.03700000000000003
0 0.5005626406601651 0.88875 0.03413353338334579 0.04249999999999998
0 0.5446361590397599 0.8887499999999999 0.02925731432858214 0.03949999999999998
0 0.5446361590397599 0.8420000000000001 0.03300825206301572 0.039000000000000035
0 0.5643285821455364 0.76325 0.03263315828957247 0.04749999999999999
0 0.5692048012003001 0.72 0.028132033008252066 0.04400000000000004
0 0.5560765191297825 0.68175 0.028132033008252066 0.04049999999999998
0 0.5476369092273068 0.64425 0.024756189047261845 0.03949999999999998
0 0.5071267816954239 0.638 0.02025506376594144 0.040999999999999925
0 0.48237059264816207 0.6505 0.029257314328582196 0.03600000000000003
0 0.48293323330832705 0.5935 0.03338334583645913 0.04800000000000004
0 0.5123780945236309 0.6 0.022505626406601698 0.03600000000000003
0 0.5313203300825207 0.60825 0.028132033008252066 0.035499999999999976
0 0.559264816204051 0.60625 0.024756189047261845 0.04349999999999998
0 0.5285071267816954 0.5682499999999999 0.027006751687921993 0.04149999999999998
0 0.5519504876219055 0.5595 0.028132033008252066 0.040000000000000036
0 0.5163165791447861 0.5335 0.02738184546136535 0.038000000000000034
0 0.4643660915228807 0.55325 0.027006751687921993 0.03849999999999998
0 0.48293323330832705 0.5145 0.025131282820705148 0.04199999999999998
0 0.48105776444111026 0.475 0.028132033008252066 0.04299999999999998
0 0.4998124531132783 0.49424999999999997 0.02213053263315834 0.03649999999999998
0 0.5168792198049512 0.492 0.027006751687921993 0.040000000000000036
0 0.5157539384846211 0.4575 0.028507126781695424 0.034999999999999976
0 0.48349587396849214 0.44075 0.027006751687921993 0.040500000000000036
0 0.5230682670667668 0.43125 0.026631657914478635 0.03450000000000003
0 0.4531132783195799 0.4165 0.023255813953488358 0.034999999999999976
0 0.46811702925731435 0.39675 0.028507126781695424 0.03849999999999998
0 0.4349212303075769 0.3845 0.022880720180045 0.03500000000000003
0 0.445986496624156 0.36375 0.027006751687921937 0.04249999999999998
0 0.4283570892723181 0.34650000000000003 0.02400600150037513 0.03699999999999998
0 0.4634283570892723 0.3345 0.019129782445611365 0.03899999999999998
0 0.481807951987997 0.33825 0.02438109527381843 0.04249999999999998
0 0.4939984996249063 0.36975 0.02850712678169548 0.038500000000000034
0 0.5176294073518379 0.38225 0.027006751687921993 0.039500000000000035
0 0.540510127531883 0.403 0.02775693923480871 0.035999999999999976
0 0.5637659414853713 0.386 0.02925731432858214 0.04199999999999998
0 0.5500750187546887 0.36875 0.02963240810202561 0.03450000000000003
0 0.5155663915978994 0.35050000000000003 0.026631657914478635 0.032999999999999974
0 0.5105026256564141 0.3055 0.02775693923480871 0.03600000000000003
0 0.5354463615903976 0.31425000000000003 0.02738184546136524 0.03550000000000003
0 0.5116279069767442 0.25975 0.021005251312828266 0.046499999999999986
0 0.5290697674418605 0.26349999999999996 0.024381095273818487 0.03999999999999998
0 0.5459489872468117 0.23575000000000002 0.026631657914478635 0.037500000000000006
0 0.5671417854463616 0.24275000000000002 0.028507126781695424 0.03950000000000001
0 0.5647036759189799 0.28275 0.028882220555138782 0.03949999999999998
0 0.5954613653413354 0.27 0.028132033008252066 0.030999999999999972
0 0.6129032258064516 0.23925000000000002 0.030007501875468856 0.036500000000000005
0 0.6249062265566392 0.267 0.02925731432858214 0.03999999999999998
0 0.6577269317329333 0.20325 0.03113278319579893 0.04250000000000001
0 0.6877344336084021 0.23825000000000002 0.03263315828957236 0.04050000000000001
0 0.7173668417104275 0.251 0.030382595648912214 0.037000000000000005
0 0.718867216804201 0.27475 0.03263315828957236 0.04049999999999998
0 0.6899849962490623 0.27649999999999997 0.029632408102025498 0.04299999999999998
0 0.7520630157539385 0.247 0.030007501875468856 0.049000000000000016
0 0.7758814703675918 0.3245 0.03113278319579893 0.04899999999999999
0 0.814516129032258 0.3145 0.030382595648912214 0.05300000000000005
0 0.7346211552888222 0.34125 0.034133533383345904 0.04149999999999998
0 0.7126781695423856 0.3265 0.032258064516129004 0.04299999999999998
0 0.6982370592648162 0.35750000000000004 0.03338334583645908 0.04099999999999998
0 0.7404351087771943 0.37575000000000003 0.03525881470367587 0.04650000000000004
0 0.7653788447111778 0.3765 0.025131282820705092 0.04800000000000004
0 0.781132783195799 0.41075 0.030382595648912214 0.03949999999999998
0 0.7961365341335334 0.45325 0.039384846211552915 0.04749999999999999
0 0.7351837959489873 0.4345 0.030757689422355683 0.04700000000000004
0 0.7591897974493623 0.47125 0.0367591897974493 0.05049999999999999
0 0.6989872468117029 0.42225 0.031882970742685646 0.046499999999999986
0 0.6734808702175543 0.40875 0.028132033008252066 0.04349999999999998
0 0.659039759939985 0.374 0.03300825206301572 0.040000000000000036
0 0.6648537134283571 0.3325 0.030382595648912325 0.04899999999999999
0 0.635596399099775 0.34450000000000003 0.03188297074268576 0.03999999999999998
0 0.5986496624156039 0.30874999999999997 0.028507126781695424 0.040500000000000036
0 0.5626406601650412 0.33525 0.030757689422355572 0.03749999999999998
0 0.5917104276069016 0.34775 0.026631657914478635 0.04349999999999998
0 0.5958364591147787 0.4075 0.02588147036759192 0.03899999999999998
0 0.6337209302325582 0.40549999999999997 0.028882220555138782 0.04199999999999998
0 0.5707051762940736 0.44675 0.031882970742685646 0.03650000000000003
0 0.5468867216804201 0.4645 0.02775693923480871 0.032999999999999974
0 0.548762190547637 0.4895 0.0315078769692424 0.041000000000000036
0 0.5388222055513878 0.5249999999999999 0.02213053263315823 0.04300000000000004
0 0.5716429107276819 0.53775 0.037509377344336015 0.03949999999999998
0 0.586271567891973 0.5055000000000001 0.02775693923480871 0.039000000000000035
0 0.6147786946736684 0.49124999999999996 0.03150787696924229 0.044499999999999984
0 0.6104651162790697 0.4515 0.028132033008252066 0.03799999999999998
0 0.6337209302325582 0.45875 0.029632408102025498 0.04149999999999998
0 0.6612903225806451 0.47850000000000004 0.03300825206301572 0.03999999999999998
0 0.6781695423855965 0.45725 0.032258064516129115 0.04149999999999998
0 0.6911102775693923 0.49524999999999997 0.028132033008252066 0.044499999999999984
0 0.7273068267066767 0.49924999999999997 0.03525881470367587 0.04350000000000004
0 0.7415603900975244 0.54125 0.027006751687921993 0.04049999999999998
0 0.7980120030007503 0.52625 0.03413353338334579 0.05049999999999999
0 0.791072768192048 0.56975 0.024756189047261734 0.046499999999999986
0 0.7389347336834209 0.58375 0.030757689422355572 0.04049999999999998
0 0.7771942985746436 0.6065 0.03450862715678926 0.04700000000000004
0 0.7096774193548387 0.5840000000000001 0.030007501875468856 0.04399999999999993
0 0.6845461365341335 0.5367500000000001 0.04051012753188288 0.03949999999999998
0 0.6524756189047263 0.5455 0.028882220555138782 0.038999999999999924
0 0.6674793698424606 0.57125 0.03488372093023251 0.044499999999999984
0 0.6387846961740435 0.5827500000000001 0.030007501875468856 0.04349999999999998
0 0.6581020255063765 0.607 0.02738184546136535 0.04499999999999993
0 0.6102775693923481 0.5425 0.030757689422355572 0.040999999999999925
0 0.5864591147786946 0.5720000000000001 0.026631657914478635 0.03399999999999992
0 0.5980870217554388 0.5925 0.031882970742685646 0.040000000000000036
0 0.6057764441110278 0.6265000000000001 0.032258064516129115 0.03799999999999992
0 0.5759564891222806 0.643 0.029632408102025498 0.03200000000000003
0 0.5800825206301576 0.6745 0.028132033008252066 0.040000000000000036
0 0.6063390847711927 0.7085 0.028132033008252066 0.040000000000000036
0 0.63503375843961 0.731 0.030757689422355683 0.04400000000000004
0 0.6560390097524381 0.7144999999999999 0.032258064516129004 0.039000000000000035
0 0.6277194298574644 0.68475 0.028882220555138782 0.04049999999999998
0 0.6412228057014253 0.64525 0.035633908477119225 0.04049999999999998
0 0.6751687921980495 0.67725 0.03150787696924229 0.04249999999999998
0 0.6954238559639909 0.653 0.03675918979744941 0.04700000000000004
0 0.7153038259564891 0.6699999999999999 0.022505626406601698 0.03599999999999992
0 0.7209302325581395 0.62975 0.02775693923480871 0.044499999999999984
0 0.7492498124531133 0.6515 0.030382595648912325 0.05500000000000005
0 0.7708177044261065 0.6855 0.0367591897974493 0.03600000000000003
0 0.7905101275318829 0.6467499999999999 0.030382595648912214 0.045499999999999985
0 0.7554388597149287 0.7284999999999999 0.030757689422355572 0.04700000000000004
0 0.7657539384846213 0.75875 0.028132033008252066 0.045499999999999985
0 0.7520630157539385 0.78725 0.03300825206301583 0.043500000000000094
0 0.7299324831207802 0.75875 0.02550637659414856 0.045499999999999985
0 0.6982370592648162 0.7364999999999999 0.030382595648912214 0.04700000000000004
0 0.6708552138034509 0.77675 0.030382595648912214 0.044500000000000095
0 0.6800450112528132 0.81125 0.03150787696924229 0.04049999999999998
0 0.7079894973743437 0.78625 0.028132033008252066 0.03750000000000009
0 0.6129032258064516 0.75525 0.030007501875468856 0.045499999999999985
0 0.5952738184546136 0.7847500000000001 0.021005251312828155 0.04949999999999999
0 0.6157164291072768 0.8022499999999999 0.03338334583645908 0.045499999999999985
0 0.6453488372093024 0.789 0.02588147036759192 0.040000000000000036
0 0.6490997749437359 0.83575 0.029632408102025498 0.044499999999999984
0 0.6215303825956489 0.85825 0.0315078769692424 0.05049999999999999
0 0.5838334583645912 0.8460000000000001 0.03338334583645908 0.051000000000000045
0 0.5767066766691673 0.873 0.030382595648912214 0.050000000000000044
