0 0.16260315078769694 0.8367500000000001 0.04988747186796699 0.0595
0 0.21924231057764443 0.8075 0.04388597149287324 0.04899999999999993
0 0.22449362340585147 0.75325 0.04838709677419356 0.055499999999999994
0 0.26500375093773443 0.8035 0.04538634658664664 0.050999999999999934
0 0.31020255063765945 0.78925 0.0390097524381095 0.05149999999999999
0 0.2432483120780195 0.6855 0.04013503375843963 0.06400000000000006
0 0.21699174793698423 0.58075 0.04763690922730682 0.0645
0 0.2511252813203301 0.61925 0.04988747186796702 0.0605
0 0.26406601650412603 0.5665 0.04051012753188299 0.06499999999999995
0 0.23349587396849214 0.4965 0.04763690922730682 0.061999999999999944
0 0.2751312828207052 0.4595 0.04838709677419356 0.065
0 0.28900975243810956 0.5135000000000001 0.0453863465866467 0.05900000000000005
0 0.25225056264066015 0.32125 0.041635408852213035 0.056499999999999995
0 0.2796324081020255 0.28 0.046886721680420074 0.069
0 0.282258064516129 0.3405 0.04838709677419356 0.055999999999999994
0 0.3090772693173293 0.39325 0.04576144036009 0.0645
0 0.33852213053263314 0.4455 0.04688672168042013 0.05299999999999999
0 0.3507126781695424 0.505 0.04726181545386343 0.06000000000000005
0 0.3672168042010503 0.5587500000000001 0.0480120030007502 0.057499999999999996
0 0.4034133533383346 0.5972500000000001 0.03713428357089271 0.05349999999999999
0 0.3148912228057014 0.59675 0.044636159039759926 0.05049999999999999
0 0.3587771942985747 0.62775 0.04913728432108028 0.05049999999999999
0 0.2886346586646662 0.6572499999999999 0.04613653413353341 0.0615
0 0.3420855213803451 0.671 0.04801200300075015 0.05599999999999994
0 0.30307576894223553 0.731 0.038259564891222786 0.05800000000000005
0 0.33420855213803446 0.73925 0.03525881470367592 0.04849999999999999
0 0.3531507876969242 0.716 0.043885971492873266 0.05300000000000005
0 0.3852213053263316 0.75475 0.046511627906976716 0.05149999999999999
0 0.40472618154538637 0.7915 0.04201050262565642 0.04600000000000004
0 0.36346586646661666 0.8385 0.04051012753188299 0.052999999999999936
0 0.40660165041260315 0.864 0.046511627906976716 0.04200000000000004
0 0.4435483870967742 0.8520000000000001 0.04013503375843963 0.03700000000000003
0 0.4662415603900975 0.8227500000000001 0.045011252813203284 0.04949999999999999
0 0.4838709677419355 0.8625 0.03750937734433607 0.049000000000000044
0 0.5116279069767442 0.8147500000000001 0.04126031507876965 0.04349999999999998
0 0.5495123780945237 0.821 0.037509377344336126 0.049000000000000044
0 0.528694673668417 0.7805 0.043135783945986605 0.05500000000000005
0 0.4778694673668417 0.763 0.04051012753188299 0.052999999999999936
0 0.4349212303075769 0.7617499999999999 0.039384846211552915 0.05149999999999999
0 0.4019129782445611 0.7045 0.04163540885221306 0.05499999999999994
0 0.44579894973743434 0.7202500000000001 0.043135783945986494 0.0505000000000001
0 0.4503000750187547 0.6755 0.04538634658664664 0.04800000000000004
0 0.4851837959489872 0.7075 0.04238559639909972 0.062000000000000055
0 0.5215678919729932 0.7155 0.04238559639909978 0.050000000000000044
0 0.5251312828207051 0.68425 0.045011252813203284 0.058499999999999996
0 0.5618904726181546 0.7442500000000001 0.03825956489122284 0.04949999999999999
0 0.5776444111027756 0.767 0.03525881470367598 0.050999999999999934
0 0.5917104276069017 0.70875 0.04163540885221306 0.045499999999999985
0 0.5622655663915979 0.687 0.03825956489122284 0.05300000000000005
0 0.5532633158289573 0.6365000000000001 0.036009002250562694 0.06700000000000006
0 0.4915603900975244 0.6392500000000001 0.044636159039759926 0.0595
0 0.44392348087021755 0.615 0.04088522130532635 0.05400000000000005
0 0.48349587396849214 0.5875 0.038259564891222786 0.05899999999999994
0 0.44748687171792945 0.5475 0.0480120030007502 0.04899999999999993
0 0.48949737434358587 0.52875 0.045761440360090055 0.057499999999999996
0 0.4127906976744186 0.49849999999999994 0.04538634658664664 0.055999999999999994
0 0.38465866466616655 0.46375 0.04538634658664664 0.0635
0 0.3975993998499625 0.40275 0.051012753188297066 0.0695
0 0.4283570892723181 0.44275 0.04201050262565642 0.0605
0 0.45911477869467365 0.47125 0.04726181545386349 0.0675
0 0.4896849212303076 0.43574999999999997 0.04688672168042013 0.05750000000000005
0 0.5091897974493623 0.4775 0.04763690922730679 0.05999999999999994
0 0.5406976744186046 0.52925 0.04388597149287321 0.05750000000000011
0 0.5682670667666916 0.57225 0.04351087771942985 0.05449999999999999
0 0.3897224306076519 0.663 0.04126031507876965 0.05700000000000005
0 0.33270817704426103 0.22725 0.0480120030007502 0.0645
0 0.3555888972243061 0.2895 0.05626406601650413 0.068
0 0.373218304576144 0.3435 0.0480120030007502 0.063
0 0.3833458364591148 0.21175 0.05401350337584393 0.07150000000000001
0 0.40247561890472616 0.28125 0.045011252813203284 0.0675
0 0.41579144786196554 0.163 0.04913728432108028 0.07300000000000001
0 0.4394223555888972 0.23475000000000001 0.05063765941485371 0.0685
0 0.4786196549137284 0.16325 0.05401350337584393 0.0605
0 0.5148162040510128 0.19825 0.043885971492873266 0.07050000000000001
0 0.5465116279069767 0.1315 0.052513128282070554 0.07400000000000001
0 0.4846211552888222 0.2605 0.042010502625656365 0.07199999999999998
0 0.4471117779444861 0.30025 0.05176294073518378 0.0655
0 0.4943735933983496 0.32199999999999995 0.04801200300075015 0.069
0 0.44748687171792945 0.369 0.051012753188297066 0.065
0 0.5163165791447861 0.38525 0.05513878469617406 0.0645
0 0.5401350337584396 0.33499999999999996 0.04351087771942985 0.066
0 0.532258064516129 0.267 0.045011252813203284 0.06699999999999998
0 0.6020255063765941 0.13 0.048762190547636974 0.07200000000000001
0 0.626781695423856 0.08925 0.03825956489122273 0.07050000000000001
0 0.6594148537134283 0.16375 0.04951237809452369 0.07750000000000001
0 0.5933983495873969 0.18925 0.05326331582895716 0.0695
0 0.6179669917479369 0.229 0.03488372093023251 0.07100000000000001
0 0.5864591147786946 0.271 0.048387096774193616 0.07200000000000001
0 0.5795198799699925 0.33699999999999997 0.03825956489122284 0.07
0 0.5857089272318079 0.398 0.04613653413353347 0.057999999999999996
0 0.6297824456114028 0.391 0.04726181545386354 0.05099999999999999
0 0.5952738184546136 0.47025 0.04801200300075015 0.0655
0 0.6209677419354839 0.4965 0.0386346586646662 0.06599999999999995
0 0.6609152288072018 0.47575 0.04201050262565642 0.061499999999999944
0 0.68192048012003 0.41675 0.04726181545386343 0.055499999999999994
0 0.6054013503375844 0.575 0.037509377344336126 0.05599999999999994
0 0.6490997749437359 0.57325 0.04163540885221306 0.057499999999999996
0 0.5969617404351087 0.6335 0.04538634658664664 0.05399999999999994
0 0.6069017254313578 0.68075 0.04276069017254314 0.04749999999999999
0 0.640285071267817 0.68875 0.037509377344336015 0.05149999999999999
0 0.6712303075768942 0.7015 0.03788447111777937 0.052999999999999936
0 0.6517254313578394 0.6372500000000001 0.04013503375843963 0.055499999999999994
0 0.6794823705926482 0.6535 0.04238559639909978 0.050000000000000044
0 0.6897974493623407 0.5965 0.045011252813203284 0.04800000000000004
0 0.7168042010502627 0.5547500000000001 0.041260315078769705 0.05349999999999999
0 0.7479369842460615 0.55775 0.03150787696924229 0.055499999999999994
0 0.7813203300825207 0.5585 0.036009002250562694 0.04200000000000004
0 0.7021755438859715 0.51025 0.0367591897974493 0.058499999999999996
0 0.7590022505626406 0.0425 0.04988747186796705 0.084
0 0.7010502625656414 0.0795 0.04801200300075026 0.059
0 0.7188672168042011 0.155 0.04913728432108022 0.07500000000000001
0 0.7721305326331582 0.11875 0.04538634658664675 0.0745
0 0.81807951987997 0.12975 0.04726181545386343 0.0635
0 0.6811702925731433 0.222 0.04726181545386343 0.069
0 0.7441860465116279 0.226 0.045011252813203284 0.069
0 0.7942610652663166 0.211 0.04013503375843963 0.068
0 0.8237059264816204 0.20775 0.032258064516129004 0.057499999999999996
0 0.6905476369092274 0.30375 0.04801200300075015 0.0645
0 0.7475618904726182 0.28225 0.04801200300075015 0.05349999999999999
0 0.8087021755438859 0.31025 0.046511627906976716 0.06749999999999995
0 0.8358964741185296 0.28275 0.04388597149287321 0.0645
0 0.7503750937734434 0.35075 0.04238559639909978 0.0615
0 0.7106151537884471 0.36475 0.04388597149287321 0.0625
0 0.7550637659414854 0.403 0.04576144036009 0.06
0 0.7946361590397599 0.37 0.04238559639909978 0.056999999999999995
0 0.8212678169542386 0.40525 0.039384846211552915 0.0605
0 0.8426481620405102 0.35175 0.04388597149287332 0.056499999999999995
0 0.86496624156039 0.46175 0.04726181545386343 0.05349999999999999
0 0.8087021755438859 0.489 0.04051012753188299 0.05499999999999994
0 0.731245311327832 0.45825 0.04388597149287321 0.05049999999999999
0 0.7627531882970743 0.4915 0.04388597149287321 0.061999999999999944
