0 0.05120030007501875 0.7030000000000001 0.05138784696174044 0.07599999999999996
0 0.07126781695423856 0.785 0.07051762940735185 0.07899999999999996
0 0.07914478619654913 0.6735 0.06076519129782445 0.07099999999999995
0 0.10615153788447111 0.59375 0.05476369092273067 0.07850000000000001
0 0.09696174043510877 0.514 0.05438859714928733 0.08100000000000002
0 0.13934733683420855 0.4465 0.05813953488372092 0.07600000000000001
0 0.13465866466616655 0.36624999999999996 0.06451612903225808 0.08049999999999996
0 0.20817704426106526 0.40800000000000003 0.05326331582895724 0.059
0 0.22843210802700675 0.34825 0.057764441110277565 0.07750000000000001
0 0.27438109527381843 0.27225 0.054388597149287315 0.07050000000000001
0 0.2843210802700675 0.358 0.059264816204050996 0.07700000000000001
0 0.18885971492873216 0.49775 0.054388597149287315 0.07549999999999996
0 0.24549887471867965 0.47925 0.0536384096024006 0.0675
0 0.2955738934733684 0.47275 0.05176294073518378 0.06949999999999995
0 0.17573143285821458 0.59825 0.061140285071267814 0.0695
0 0.2516879219804951 0.54125 0.05851462865716428 0.0695
0 0.3034508627156789 0.5605 0.05701425356339085 0.06800000000000006
0 0.1858589647411853 0.6679999999999999 0.04988747186796699 0.07399999999999995
0 0.2402475618904726 0.6425000000000001 0.05063765941485371 0.06300000000000006
0 0.30457614403600897 0.65625 0.05026256564141035 0.0714999999999999
0 0.1342835708927232 0.7175 0.060765191297824456 0.06000000000000005
0 0.18623405851462865 0.74275 0.05738934733683421 0.0665
0 0.2393098274568642 0.6975 0.05551387846961739 0.06699999999999995
0 0.281695423855964 0.73975 0.05176294073518378 0.0625
0 0.1629782445611403 0.78225 0.052888222055513884 0.0665
0 0.22936984246061515 0.7895 0.05738934733683421 0.062000000000000055
0 0.28788447111777943 0.79325 0.059639909977494354 0.0675
0 0.3323330832708177 0.7675000000000001 0.053263315828957214 0.06500000000000006
0 0.3364591147786947 0.70875 0.04876219054763692 0.0695
0 0.38653413353338334 0.7435 0.04388597149287321 0.061999999999999944
0 0.436609152288072 0.74475 0.04801200300075015 0.0665
0 0.48443360840210054 0.8029999999999999 0.04913728432108033 0.06799999999999995
0 0.37284321080270066 0.65675 0.049512378094523635 0.0704999999999999
0 0.41654163540885225 0.6745 0.04988747186796699 0.06099999999999994
0 0.4523630907726932 0.638 0.0525131282820705 0.05899999999999994
0 0.5033758439609902 0.69 0.045761440360090055 0.07100000000000006
0 0.5256939234808702 0.73275 0.04538634658664664 0.0645
0 0.5755813953488371 0.722 0.05138784696174048 0.05500000000000005
0 0.6010877719429857 0.66475 0.05438859714928734 0.07350000000000001
0 0.359152288072018 0.5765 0.05813953488372092 0.06600000000000006
0 0.4103525881470368 0.59425 0.051012753188297066 0.0764999999999999
0 0.4645536384096024 0.5615 0.050637659414853764 0.07800000000000007
0 0.5118154538634658 0.6045 0.048387096774193616 0.07599999999999996
0 0.5429482370592649 0.6495 0.05363840960240063 0.06500000000000006
0 0.5617029257314329 0.5907500000000001 0.05138784696174037 0.0615
0 0.6020255063765941 0.53 0.052513128282070554 0.07700000000000001
0 0.5466991747936985 0.5285 0.05288822205551391 0.07
0 0.5866466616654163 0.43775 0.048762190547636974 0.07249999999999995
0 0.5290697674418605 0.46599999999999997 0.05363840960240063 0.07699999999999996
0 0.4735558889722431 0.481 0.05063765941485371 0.07499999999999996
0 0.41354088522130533 0.519 0.061140285071267786 0.08000000000000007
0 0.3447111777944486 0.51725 0.060765191297824483 0.08150000000000007
0 0.32820705176294074 0.41875 0.05626406601650413 0.07250000000000001
0 0.4223555888972243 0.4535 0.04726181545386343 0.065
0 0.4819954988747187 0.41875 0.0547636909227307 0.07150000000000001
0 0.5513878469617405 0.38525 0.05626406601650413 0.0685
0 0.6052138034508627 0.27275 0.05513878469617406 0.07350000000000001
0 0.5446361590397599 0.3145 0.05176294073518384 0.06999999999999995
0 0.5045011252813203 0.33099999999999996 0.053263315828957214 0.07100000000000001
0 0.4062265566391598 0.3785 0.05551387846961742 0.07899999999999996
0 0.3471492873218305 0.356 0.05438859714928729 0.08600000000000002
0 0.34002250562640657 0.2815 0.052888222055513856 0.069
0 0.3630907726931733 0.21975 0.052513128282070554 0.07550000000000001
0 0.390847711927982 0.257 0.07051762940735185 0.097
0 0.46811702925731435 0.2495 0.04651162790697677 0.07199999999999998
0 0.45161290322580644 0.3135 0.06076519129782443 0.08199999999999996
0 0.6577269317329333 0.72375 0.05888972243060764 0.0685
0 0.6545386346586647 0.643 0.05101275318829712 0.06299999999999994
0 0.681357839459865 0.68375 0.048387096774193505 0.07250000000000001
0 0.714178544636159 0.64375 0.04726181545386354 0.045499999999999985
0 0.7439984996249063 0.71 0.04988747186796705 0.06599999999999995
0 0.7839459864966241 0.7224999999999999 0.041260315078769705 0.06799999999999995
0 0.8328957239309828 0.7324999999999999 0.04388597149287321 0.06500000000000006
0 0.8835333833458364 0.6957500000000001 0.044636159039759926 0.0655
0 0.9118529632408101 0.62 0.03825956489122284 0.06299999999999994
0 0.954801200300075 0.5887500000000001 0.04238559639909978 0.0595
0 0.8717179294823706 0.5880000000000001 0.04801200300075026 0.06700000000000006
0 0.8248312078019504 0.5955 0.04801200300075015 0.05800000000000005
0 0.8432108027006752 0.655 0.050262565641410406 0.05800000000000005
0 0.7755063765941486 0.639 0.04988747186796694 0.06400000000000006
0 0.7109902475618906 0.60875 0.05363840960240063 0.0605
0 0.6327831957989498 0.59125 0.05101275318829701 0.0665
0 0.6710427606901725 0.5429999999999999 0.05551387846961742 0.05999999999999994
0 0.7327456864216053 0.53 0.05138784696174048 0.06599999999999995
0 0.8070142535633908 0.5435 0.05138784696174037 0.06600000000000006
0 0.8559639909977494 0.52475 0.04951237809452369 0.05349999999999999
0 0.9315453863465866 0.5405 0.04913728432108033 0.06400000000000006
0 0.8884096024006001 0.50175 0.03638409602400594 0.0685
0 0.9244186046511628 0.43425 0.04913728432108022 0.07049999999999995
0 0.8690922730682671 0.45099999999999996 0.04951237809452369 0.07100000000000001
0 0.8060765191297825 0.47124999999999995 0.05101275318829701 0.07049999999999995
0 0.6633533383345837 0.4605 0.05138784696174037 0.066
0 0.6376594148537135 0.40625 0.0547636909227307 0.0675
0 0.6344711177794449 0.33099999999999996 0.05813953488372092 0.08600000000000002
0 0.6822955738934734 0.2435 0.05176294073518384 0.07200000000000004
0 0.6768567141785446 0.30275 0.05738934733683421 0.07850000000000001
0 0.7055513878469617 0.3115 0.04276069017254314 0.06999999999999995
0 0.7689422355588897 0.29675 0.05176294073518384 0.07250000000000001
0 0.7291822955738935 0.39749999999999996 0.05176294073518384 0.07400000000000001
0 0.7513128282070518 0.44599999999999995 0.050262565641410295 0.07300000000000001
0 0.7995123780945237 0.4 0.05138784696174048 0.069
0 0.8615903975993998 0.394 0.05176294073518384 0.062
0 0.8728432108027007 0.32925 0.06076519129782443 0.0695
0 0.9111027756939234 0.34675 0.04726181545386343 0.08250000000000002
0 0.9201050262565642 0.2845 0.04276069017254314 0.065
0 0.8535258814703677 0.2815 0.052138034508627196 0.046999999999999986
0 0.8664666166541635 0.23125 0.04351087771942985 0.0605
0 0.7518754688672168 0.58325 0.044636159039759926 0.07550000000000001
