0 0.17010502625656415 0.516 0.06789197299324831 0.08600000000000008
0 0.20555138784696175 0.43525 0.07576894223555888 0.09449999999999997
0 0.268754688672168 0.47624999999999995 0.06789197299324828 0.09049999999999997
0 0.23387096774193547 0.5445 0.06489122280570142 0.08800000000000008
0 0.2970742685671418 0.5640000000000001 0.06526631657914478 0.06799999999999995
0 0.17929482370592648 0.636 0.06451612903225806 0.07499999999999996
0 0.23124531132783196 0.69625 0.06564141035258814 0.0685
0 0.24793698424606153 0.6312500000000001 0.07051762940735185 0.07750000000000001
0 0.30120030007501875 0.68325 0.06376594148537135 0.07450000000000001
0 0.33083270817704424 0.515 0.06976744186046513 0.08000000000000007
0 0.35765191297824456 0.598 0.06714178544636162 0.07299999999999995
0 0.36309077269317325 0.66275 0.062265566391597915 0.07050000000000001
0 0.2820705176294074 0.76325 0.058514628657164336 0.07750000000000001
0 0.3372093023255814 0.7435 0.06076519129782443 0.07599999999999996
0 0.38297074268567144 0.77025 0.05851462865716428 0.0665
0 0.4051012753188297 0.685 0.059264816204050996 0.07199999999999995
0 0.44036009002250565 0.72 0.049512378094523635 0.06999999999999995
0 0.49437359339834963 0.7017500000000001 0.05926481620405105 0.0675
0 0.47768192048012004 0.634 0.05438859714928729 0.06899999999999995
0 0.422543135783946 0.6114999999999999 0.061140285071267786 0.07199999999999995
0 0.3983495873968492 0.5327500000000001 0.06976744186046513 0.07150000000000001
0 0.45067516879219804 0.5409999999999999 0.055888972243060775 0.06599999999999995
0 0.2595648912228057 0.35525 0.060765191297824483 0.08950000000000002
0 0.3253938484621155 0.33025 0.07914478619654913 0.09750000000000003
0 0.32633158289572395 0.42774999999999996 0.07051762940735185 0.08649999999999997
0 0.39534883720930236 0.4255 0.06526631657914478 0.08600000000000002
0 0.4472993248312078 0.46975 0.060390097524381126 0.08349999999999996
0 0.39459864966241565 0.31925000000000003 0.06751687921980493 0.09749999999999998
0 0.44561140285071266 0.36075 0.06376594148537135 0.09050000000000002
0 0.4874343585896474 0.41275 0.06564141035258808 0.09250000000000003
0 0.5039384846211552 0.33475 0.06339084771192793 0.09650000000000003
0 0.5547636909227307 0.34950000000000003 0.059264816204050996 0.08400000000000002
0 0.6022130532633159 0.29200000000000004 0.06864216054013506 0.10000000000000003
0 0.6258439609902475 0.35350000000000004 0.06489122280570137 0.07500000000000001
0 0.6644786196549137 0.28925 0.06189047261815461 0.08750000000000002
0 0.6965491372843211 0.36175 0.06226556639159786 0.07850000000000001
0 0.7520630157539385 0.3105 0.06976744186046513 0.08799999999999997
0 0.8143285821455364 0.29900000000000004 0.061515378844711144 0.08200000000000002
0 0.8486496624156039 0.36225 0.07239309827456863 0.08750000000000002
0 0.7747561890472618 0.38549999999999995 0.059639909977494354 0.08300000000000002
0 0.5932108027006752 0.42075 0.06039009752438118 0.07850000000000001
0 0.5238184546136534 0.45125 0.06339084771192799 0.08450000000000002
0 0.5084396099024756 0.5595 0.06714178544636162 0.07800000000000007
0 0.5617029257314328 0.51575 0.05738934733683421 0.08250000000000007
0 0.5969617404351089 0.5585 0.05513878469617406 0.07600000000000007
0 0.627344336084021 0.50425 0.05888972243060764 0.07449999999999996
0 0.6834208552138035 0.507 0.057764441110277565 0.07400000000000007
0 0.691860465116279 0.44175 0.05813953488372092 0.07749999999999996
0 0.741185296324081 0.44075 0.0547636909227307 0.08049999999999996
0 0.7627531882970742 0.518 0.059639909977494354 0.07600000000000007
0 0.826331582895724 0.5462499999999999 0.06001500375093771 0.08150000000000002
0 0.8488372093023255 0.55975 0.04576144036009 0.08050000000000002
0 0.7820705176294074 0.60375 0.05851462865716428 0.07350000000000001
0 0.8085146286571643 0.60825 0.04238559639909978 0.0675
0 0.7509377344336083 0.64875 0.04951237809452358 0.07250000000000001
0 0.7126781695423856 0.583 0.059264816204050996 0.08399999999999996
0 0.7087396849212303 0.634 0.048387096774193505 0.05800000000000005
0 0.6566016504126031 0.59775 0.05813953488372092 0.0794999999999999
0 0.653225806451613 0.6619999999999999 0.05813953488372092 0.06799999999999995
0 0.6005251312828207 0.64975 0.06001500375093771 0.0665
0 0.5489497374343586 0.60575 0.052138034508627085 0.07850000000000001
0 0.5446361590397599 0.6639999999999999 0.05626406601650413 0.05700000000000005
0 0.8289572393098275 0.4345 0.06751687921980487 0.07299999999999995
0 0.8758439609902475 0.48224999999999996 0.057764441110277565 0.06449999999999995
0 0.8925356339084771 0.41900000000000004 0.05738934733683421 0.07600000000000001
