0 0.33908477119279823 0.22799999999999998 0.03450862715678921 0.04100000000000001
0 0.37546886721680417 0.22349999999999998 0.03225806451612906 0.037000000000000005
0 0.3105776444111028 0.2465 0.03225806451612906 0.035
0 0.28769692423105775 0.27925 0.030757689422355572 0.03749999999999998
0 0.2642535633908477 0.30874999999999997 0.03413353338334582 0.03750000000000003
0 0.2462490622655664 0.33299999999999996 0.034883720930232565 0.04799999999999999
0 0.23499624906226557 0.38275000000000003 0.039384846211552915 0.04350000000000004
0 0.24474868717179293 0.432 0.037884471117779456 0.04400000000000004
0 0.25318829707426854 0.46225 0.039759939984996245 0.03949999999999998
0 0.2762565641410353 0.49149999999999994 0.038634658664666144 0.043999999999999984
0 0.29876219054763686 0.53425 0.03413353338334585 0.0515000000000001
0 0.3060765191297824 0.45825 0.03750937734433607 0.04349999999999998
0 0.2830082520630157 0.42674999999999996 0.03938484621155286 0.03750000000000003
0 0.2710052513128282 0.377 0.037884471117779484 0.04300000000000004
0 0.277569392348087 0.34625 0.03600900225056264 0.03749999999999998
0 0.2981995498874719 0.307 0.03525881470367592 0.04500000000000004
0 0.3235183795948987 0.28175 0.028132033008252066 0.044499999999999984
0 0.3539009752438109 0.25775000000000003 0.034883720930232565 0.024500000000000022
0 0.40622655663915974 0.24475000000000002 0.03525881470367592 0.035500000000000004
0 0.3825956489122281 0.27075 0.03450862715678921 0.03249999999999997
0 0.359714928732183 0.28200000000000003 0.02475618904726179 0.03999999999999998
0 0.3306451612903226 0.32925000000000004 0.03338334583645913 0.026500000000000024
0 0.31095273818454616 0.361 0.03600900225056264 0.034999999999999976
0 0.3143285821455364 0.40249999999999997 0.033758439609902435 0.04199999999999998
0 0.3418979744936234 0.44475 0.04013503375843963 0.03750000000000003
0 0.3383345836459115 0.5215000000000001 0.03525881470367592 0.04700000000000004
0 0.363278319579895 0.56 0.03713428357089271 0.04799999999999993
0 0.38503375843960985 0.517 0.036384096024005996 0.04400000000000004
0 0.36571642910727686 0.477 0.038259564891222786 0.04099999999999998
0 0.38165791447861963 0.42774999999999996 0.031132783195798985 0.039500000000000035
0 0.35015003750937734 0.40325 0.03488372093023251 0.045499999999999985
0 0.34639909977494376 0.357 0.03338334583645913 0.04099999999999998
0 0.37115528882220555 0.33399999999999996 0.03263315828957236 0.033999999999999975
0 0.3992873218304576 0.30674999999999997 0.03263315828957236 0.039500000000000035
0 0.4182295573893473 0.28125 0.03375843960990249 0.02949999999999997
0 0.44017254313578397 0.261 0.028882220555138782 0.03700000000000003
0 0.46211552888222057 0.27649999999999997 0.030757689422355572 0.02899999999999997
0 0.44036009002250565 0.3095 0.030757689422355627 0.029000000000000026
0 0.39984996249062266 0.352 0.02925731432858214 0.03799999999999998
0 0.4356714178544636 0.34950000000000003 0.03263315828957236 0.03199999999999997
0 0.3827831957989497 0.38775000000000004 0.03263315828957242 0.03350000000000003
0 0.4214178544636159 0.386 0.026631657914478635 0.039000000000000035
0 0.413165791447862 0.41500000000000004 0.031882970742685646 0.04099999999999998
0 0.39741185296324083 0.46325 0.02738184546136535 0.04149999999999998
0 0.4343585896474118 0.45999999999999996 0.03750937734433607 0.03999999999999998
0 0.4246061515378845 0.49 0.038259564891222786 0.04099999999999998
0 0.4105401350337584 0.5565 0.03713428357089271 0.05400000000000005
0 0.43398349587396845 0.5882499999999999 0.03525881470367592 0.0465000000000001
0 0.4414853713428357 0.52925 0.036759189797449354 0.05049999999999999
0 0.46886721680420107 0.62125 0.033008252063015775 0.05049999999999999
0 0.4653038259564891 0.5725 0.03413353338334585 0.04899999999999993
0 0.505251312828207 0.6547499999999999 0.036009002250562694 0.0525000000000001
0 0.4975618904726181 0.581 0.03263315828957242 0.04999999999999993
0 0.47974493623405856 0.5275000000000001 0.03375843960990249 0.051000000000000045
0 0.4664291072768192 0.49149999999999994 0.03563390847711928 0.03799999999999998
0 0.4578019504876219 0.4255 0.03338334583645908 0.03400000000000003
0 0.45273818454613657 0.38975 0.033008252063015775 0.044499999999999984
0 0.481245311327832 0.33625 0.0390097524381095 0.03949999999999998
0 0.46980495123780946 0.308 0.02738184546136535 0.03700000000000003
0 0.4975618904726181 0.28875 0.03563390847711928 0.02849999999999997
0 0.5043135783945987 0.31625000000000003 0.03338334583645908 0.03450000000000003
0 0.5161290322580645 0.35325 0.028507126781695424 0.04149999999999998
0 0.48293323330832705 0.386 0.034883720930232565 0.03400000000000003
0 0.5151912978244562 0.39449999999999996 0.035633908477119225 0.03799999999999998
0 0.4904351087771943 0.41925 0.03638409602400605 0.03849999999999998
0 0.4930607651912978 0.46275 0.03263315828957242 0.03249999999999997
0 0.5037509377344336 0.50225 0.03450862715678915 0.034499999999999975
0 0.5116279069767442 0.5527500000000001 0.03525881470367592 0.04349999999999998
0 0.5506376594148537 0.69975 0.04276069017254314 0.05249999999999999
0 0.5973368342085521 0.724 0.037884471117779484 0.05600000000000005
0 0.6429107276819205 0.74475 0.041260315078769594 0.044499999999999984
0 0.7153038259564892 0.80375 0.041260315078769705 0.05449999999999999
0 0.7903225806451613 0.76875 0.03825956489122284 0.05249999999999999
0 0.7471867966991748 0.77225 0.04051012753188299 0.05449999999999999
0 0.7079894973743436 0.7364999999999999 0.039384846211552915 0.05599999999999994
0 0.6702925731432858 0.7155 0.03600900225056258 0.05699999999999994
0 0.6258439609902475 0.69825 0.04088522130532635 0.04149999999999998
0 0.5832708177044261 0.67875 0.03825956489122284 0.04349999999999998
0 0.5478244561140285 0.6412500000000001 0.0386346586646662 0.045499999999999985
0 0.5436984246061516 0.5952500000000001 0.03713428357089266 0.04349999999999998
0 0.5746436609152288 0.6287499999999999 0.030007501875468856 0.05349999999999999
0 0.6490997749437359 0.6492500000000001 0.035633908477119336 0.0595
0 0.6993623405851463 0.69475 0.03788447111777937 0.04249999999999998
0 0.7428732183045761 0.7190000000000001 0.040885221305326236 0.04700000000000004
0 0.787509377344336 0.7095 0.035633908477119225 0.052999999999999936
0 0.8308327081770442 0.748 0.037509377344336015 0.05800000000000005
0 0.8512753188297074 0.70225 0.037884471117779484 0.05149999999999999
0 0.8878469617404352 0.6797500000000001 0.04051012753188299 0.05349999999999999
0 0.8705926481620405 0.641 0.04051012753188288 0.040000000000000036
0 0.8655288822205551 0.593 0.03338334583645919 0.04500000000000004
0 0.872093023255814 0.5585 0.028507126781695424 0.03499999999999992
0 0.8619654913728432 0.5115000000000001 0.036009002250562694 0.039000000000000035
0 0.8482745686421604 0.47325 0.02588147036759192 0.03949999999999998
0 0.84152288072018 0.43525 0.03113278319579893 0.04250000000000004
0 0.8072018004501125 0.40575 0.03300825206301583 0.034499999999999975
0 0.8081395348837209 0.4565 0.03338334583645919 0.033999999999999975
0 0.832145536384096 0.48924999999999996 0.04013503375843963 0.03849999999999998
0 0.8417104276069017 0.53775 0.03600900225056258 0.04749999999999999
0 0.8272693173293324 0.605 0.029632408102025498 0.050000000000000044
0 0.8358964741185296 0.657 0.034133533383345904 0.04600000000000004
0 0.8105776444111028 0.6865 0.03675918979744941 0.052000000000000046
0 0.7931357839459865 0.64075 0.03488372093023262 0.04049999999999998
0 0.7486871717929482 0.6755 0.03900975243810956 0.04400000000000004
0 0.7590022505626406 0.62425 0.03488372093023251 0.05049999999999999
0 0.7751312828207052 0.58975 0.0386346586646662 0.03950000000000009
0 0.8072018004501125 0.565 0.03300825206301583 0.04599999999999993
0 0.7985746436609152 0.5117499999999999 0.03600900225056258 0.04349999999999998
0 0.7880720180045011 0.471 0.03300825206301572 0.04099999999999998
0 0.7845086271567892 0.423 0.030382595648912214 0.03300000000000003
0 0.7726931732933233 0.38449999999999995 0.03300825206301572 0.045999999999999985
0 0.7404351087771943 0.368 0.033758439609902435 0.039000000000000035
0 0.7469992498124531 0.40475 0.03263315828957236 0.03849999999999998
0 0.7515003750937734 0.44875 0.034133533383345904 0.04249999999999998
0 0.7567516879219804 0.50075 0.025131282820705203 0.04349999999999998
0 0.7751312828207052 0.5375000000000001 0.035633908477119336 0.03700000000000003
0 0.7166166541635409 0.6355 0.0386346586646662 0.04700000000000004
0 0.6884846211552889 0.6425000000000001 0.03488372093023251 0.04700000000000004
0 0.6157164291072768 0.6045 0.03713428357089266 0.041999999999999926
0 0.6599774943735934 0.60625 0.03713428357089266 0.04949999999999999
0 0.6937359339834959 0.5965 0.03488372093023262 0.05300000000000005
0 0.7310577644411103 0.58525 0.0367591897974493 0.04149999999999998
0 0.7293698424606152 0.51225 0.03263315828957236 0.044499999999999984
0 0.70423855963991 0.5445 0.03488372093023262 0.04800000000000004
0 0.6616654163540885 0.56375 0.03300825206301572 0.045499999999999985
0 0.6290322580645161 0.5555 0.03525881470367587 0.050000000000000044
0 0.5842085521380345 0.5705 0.031882970742685646 0.04800000000000004
0 0.5496999249812453 0.55325 0.037884471117779484 0.04249999999999998
0 0.545198799699925 0.51625 0.03488372093023251 0.039500000000000035
0 0.5993998499624906 0.53175 0.0367591897974493 0.0465000000000001
0 0.6569767441860466 0.51725 0.03413353338334579 0.044499999999999984
0 0.6897974493623407 0.50275 0.036009002250562694 0.04349999999999998
0 0.7295573893473368 0.47175 0.03150787696924229 0.03849999999999998
0 0.7203675918979744 0.43 0.029632408102025498 0.04400000000000004
0 0.7078019504876218 0.39225 0.032258064516129115 0.03949999999999998
0 0.6961740435108777 0.33725 0.033758439609902435 0.03749999999999998
0 0.660165041260315 0.3275 0.030007501875468856 0.03699999999999998
0 0.6719804951237809 0.36924999999999997 0.028882220555138782 0.04150000000000004
0 0.6909227306826706 0.4225 0.03300825206301583 0.03899999999999998
0 0.6993623405851463 0.45799999999999996 0.03488372093023251 0.04199999999999998
0 0.6635408852213054 0.47325 0.036009002250562694 0.03749999999999998
0 0.6344711177794449 0.4765 0.03338334583645919 0.04799999999999993
0 0.5894598649662415 0.48925 0.03488372093023251 0.04149999999999998
0 0.5330082520630157 0.47525 0.032258064516129004 0.04749999999999999
0 0.5583270817704427 0.46075 0.028882220555138782 0.04249999999999998
0 0.6187171792948237 0.4455 0.03638409602400605 0.03400000000000003
0 0.649662415603901 0.4375 0.030007501875468967 0.04200000000000004
0 0.6551012753188297 0.40525 0.02738184546136535 0.03649999999999998
0 0.627344336084021 0.32525000000000004 0.03113278319579893 0.03250000000000003
0 0.641410352588147 0.36675 0.033758439609902435 0.039500000000000035
0 0.622655663915979 0.4 0.030007501875468856 0.03899999999999998
0 0.5887096774193548 0.4325 0.03338334583645908 0.040000000000000036
0 0.5553263315828958 0.42175 0.03338334583645908 0.04149999999999998
0 0.5472618154538634 0.37825 0.03150787696924229 0.03650000000000003
0 0.5778319579894974 0.383 0.03188297074268576 0.041000000000000036
0 0.6046511627906976 0.35475 0.03525881470367598 0.03949999999999998
0 0.5905851462865717 0.32075 0.029632408102025498 0.03550000000000003
0 0.5600150037509377 0.30674999999999997 0.028507126781695424 0.039500000000000035
0 0.5307576894223556 0.2965 0.033758439609902435 0.03699999999999998
0 0.5341335333833459 0.3225 0.03300825206301583 0.03300000000000003
