0 0.08664666166541635 0.6265000000000001 0.04201050262565641 0.04300000000000004
0 0.06845461365341335 0.5177499999999999 0.03788447111777945 0.05349999999999999
0 0.09827456864216054 0.54875 0.03600900225056264 0.044499999999999984
0 0.11327831957989497 0.51 0.04051012753188296 0.040000000000000036
0 0.1740435108777194 0.7557499999999999 0.03900975243810953 0.033499999999999974
0 0.17666916729182297 0.6995 0.03375843960990246 0.030000000000000027
0 0.15903975993998498 0.67075 0.04126031507876968 0.046499999999999986
0 0.1781695423855964 0.59125 0.030757689422355572 0.03949999999999998
0 0.13278319579894973 0.5992500000000001 0.03375843960990248 0.03850000000000009
0 0.140847711927982 0.5529999999999999 0.0401350337584396 0.041999999999999926
0 0.1629782445611403 0.47 0.04088522130532632 0.04299999999999998
0 0.14591147786946737 0.439 0.03750937734433607 0.04500000000000004
0 0.14478619654913727 0.308 0.03675918979744938 0.051000000000000045
0 0.18342085521380347 0.29225 0.03300825206301575 0.05049999999999999
0 0.19504876219054762 0.3425 0.04126031507876968 0.055999999999999994
0 0.1800450112528132 0.38275 0.02775693923480868 0.04849999999999999
0 0.18379594898724683 0.42875 0.04201050262565639 0.05049999999999999
0 0.20555138784696175 0.469 0.03450862715678918 0.03899999999999998
0 0.19186046511627908 0.52125 0.03413353338334582 0.04750000000000004
0 0.20386346586646661 0.60925 0.034883720930232565 0.03849999999999998
0 0.2019879969992498 0.6392500000000001 0.03488372093023254 0.04349999999999998
0 0.20798949737434358 0.66825 0.03938484621155289 0.034499999999999975
0 0.23930982745686422 0.63975 0.03600900225056264 0.03949999999999998
0 0.24456114028507128 0.57175 0.03375843960990249 0.03849999999999998
0 0.2194298574643661 0.53925 0.03675918979744938 0.04049999999999998
0 0.2432483120780195 0.45475 0.036384096024006024 0.044499999999999984
0 0.23087021755438858 0.41475 0.031132783195798958 0.03949999999999998
0 0.24081020255063765 0.38925 0.03600900225056264 0.03749999999999998
0 0.22411852963240808 0.2585 0.03863465866466617 0.04400000000000004
0 0.23724681170292575 0.15075 0.03413353338334585 0.05049999999999999
0 0.30120030007501875 0.11624999999999999 0.036759189797449354 0.05349999999999999
0 0.30570142535633904 0.20525 0.03450862715678921 0.048500000000000015
0 0.25881470367591897 0.27175 0.03675918979744938 0.05049999999999999
0 0.25731432858214554 0.31775 0.03375843960990246 0.04550000000000004
0 0.28394598649662417 0.32725 0.038259564891222786 0.05149999999999999
0 0.29088522130532635 0.35650000000000004 0.03713428357089271 0.034999999999999976
0 0.26462865716429107 0.43975 0.03413353338334582 0.049500000000000044
0 0.2616279069767442 0.54775 0.034883720930232565 0.04249999999999998
0 0.27756939234808703 0.7885 0.03300825206301572 0.03400000000000003
0 0.2526256564141035 0.73675 0.0318829707426857 0.033499999999999974
0 0.2595648912228057 0.7112499999999999 0.03900975243810953 0.02850000000000008
0 0.29182295573893474 0.7355 0.03150787696924229 0.03500000000000003
0 0.27663165791447863 0.6315 0.03263315828957242 0.03300000000000003
0 0.3006376594148537 0.64325 0.028882220555138782 0.03849999999999998
0 0.295198799699925 0.5622499999999999 0.03225806451612906 0.03749999999999998
0 0.309264816204051 0.5755 0.030382595648912214 0.03299999999999992
0 0.3152663165791448 0.50425 0.03338334583645908 0.04150000000000004
0 0.29426106526631657 0.46499999999999997 0.04163540885221306 0.03999999999999998
0 0.30007501875468867 0.43174999999999997 0.036009002250562694 0.04350000000000004
0 0.31939234808702177 0.39549999999999996 0.03563390847711928 0.04199999999999998
0 0.3207051762940735 0.35225 0.03825956489122284 0.04249999999999998
0 0.3285821455363841 0.23825000000000002 0.032258064516129004 0.047500000000000014
0 0.3524006001500375 0.1835 0.03713428357089271 0.05099999999999999
0 0.38897224306076517 0.1615 0.033008252063015775 0.04899999999999999
0 0.3756564141035259 0.2405 0.03788447111777943 0.05400000000000002
0 0.3529632408102026 0.33999999999999997 0.03600900225056264 0.04999999999999999
0 0.35858964741185295 0.372 0.03450862715678921 0.03400000000000003
0 0.4022880720180045 0.2165 0.04538634658664664 0.057999999999999996
0 0.4328582145536384 0.15125 0.03525881470367592 0.04849999999999999
0 0.47280570142535633 0.1745 0.04013503375843963 0.05700000000000002
0 0.4968117029257314 0.199 0.04238559639909972 0.055999999999999994
0 0.44111027756939236 0.2495 0.03975993998499627 0.060000000000000026
0 0.40510127531882967 0.266 0.036759189797449354 0.04999999999999999
0 0.4735558889722431 0.2595 0.03563390847711928 0.053999999999999965
0 0.40153788447111777 0.33099999999999996 0.04163540885221306 0.046999999999999986
0 0.47580645161290325 0.3085 0.034883720930232565 0.055999999999999994
0 0.43642160540135033 0.3695 0.03563390847711928 0.04300000000000004
0 0.4825581395348837 0.34475 0.03563390847711928 0.04149999999999998
0 0.3614028507126782 0.41175 0.040135033758439576 0.046499999999999986
0 0.3891597899474869 0.392 0.04088522130532629 0.04299999999999998
0 0.5065641410352588 0.38725 0.028882220555138727 0.04349999999999998
0 0.4645536384096024 0.42175 0.03113278319579893 0.046499999999999986
0 0.40435108777194295 0.4255 0.03525881470367592 0.03999999999999998
0 0.3323330832708177 0.4605 0.03525881470367592 0.04099999999999998
0 0.3801575393848462 0.45425 0.03413353338334585 0.03949999999999998
0 0.44617404351087775 0.436 0.031132783195798985 0.04700000000000004
0 0.4962490622655664 0.42825 0.0390097524381095 0.046499999999999986
0 0.46680420105026255 0.49149999999999994 0.038634658664666144 0.04199999999999998
0 0.4176669167291823 0.47875 0.03788447111777943 0.04149999999999998
0 0.35990247561890476 0.504 0.03938484621155286 0.04400000000000004
0 0.3975993998499625 0.5025 0.03375843960990249 0.041000000000000036
0 0.4262940735183796 0.52825 0.028882220555138782 0.04249999999999998
0 0.47449362340585144 0.51425 0.03150787696924234 0.03550000000000003
0 0.5093773443360841 0.5195 0.03225806451612906 0.045999999999999985
0 0.505251312828207 0.58275 0.03300825206301583 0.03849999999999998
0 0.46042760690172546 0.5700000000000001 0.03263315828957242 0.039999999999999925
0 0.43979744936234055 0.5780000000000001 0.029632408102025554 0.03700000000000003
0 0.3812828207051763 0.593 0.038634658664666144 0.04500000000000004
0 0.3531507876969242 0.5775 0.03563390847711928 0.040000000000000036
0 0.33927231807951985 0.601 0.029632408102025554 0.03600000000000003
0 0.31939234808702177 0.639 0.034883720930232565 0.03699999999999992
0 0.35783945986496624 0.62575 0.03300825206301572 0.03949999999999998
0 0.39497374343585895 0.6247499999999999 0.027006751687921993 0.04149999999999998
0 0.4401725431357839 0.6352500000000001 0.03263315828957242 0.035499999999999976
0 0.4722430607651913 0.614 0.03150787696924229 0.03400000000000003
0 0.4836834208552138 0.6637500000000001 0.03113278319579893 0.04050000000000009
0 0.45742685671417854 0.6717500000000001 0.031882970742685646 0.03149999999999997
0 0.4206676669167292 0.653 0.03413353338334579 0.039000000000000035
0 0.37209302325581395 0.6535 0.02925731432858214 0.038000000000000034
0 0.33402100525131284 0.69875 0.03563390847711928 0.03849999999999998
0 0.359152288072018 0.702 0.026631657914478635 0.03500000000000003
0 0.386721680420105 0.6992499999999999 0.030757689422355572 0.033499999999999974
0 0.427231807951988 0.712 0.03150787696924229 0.03300000000000003
0 0.49568642160540133 0.7155 0.031132783195798985 0.03300000000000003
0 0.47018004501125277 0.74 0.034883720930232565 0.03400000000000003
0 0.43642160540135033 0.74275 0.030382595648912214 0.03149999999999997
0 0.39403600900225055 0.73525 0.03113278319579893 0.033499999999999974
0 0.3207051762940735 0.7435 0.03300825206301572 0.03599999999999992
0 0.35521380345086273 0.788 0.03150787696924229 0.040000000000000036
0 0.4006001500375094 0.77675 0.03300825206301572 0.03650000000000009
0 0.4714928732183046 0.7935000000000001 0.030007501875468856 0.03500000000000003
0 0.5048762190547637 0.7705 0.03300825206301572 0.04999999999999993
0 0.572768192048012 0.896 0.033758439609902435 0.03400000000000003
0 0.5153788447111778 0.82875 0.02925731432858214 0.03249999999999997
0 0.6151537884471118 0.8354999999999999 0.026256564141035277 0.03300000000000003
0 0.6451612903225806 0.8122499999999999 0.02400600150037513 0.02749999999999997
0 0.541072768192048 0.794 0.030382595648912214 0.03500000000000003
0 0.5731432858214554 0.777 0.02400600150037513 0.028000000000000025
0 0.6112153038259565 0.7847500000000001 0.03113278319579893 0.02850000000000008
0 0.6340960240060015 0.7655000000000001 0.034133533383345904 0.03300000000000003
0 0.5847711927981996 0.7655 0.02925731432858214 0.028000000000000025
0 0.6129032258064516 0.75475 0.030007501875468856 0.03249999999999997
0 0.6624156039009752 0.728 0.023255813953488302 0.031000000000000028
0 0.6511627906976745 0.7255 0.02925731432858214 0.03200000000000003
0 0.6147786946736684 0.7110000000000001 0.0367591897974493 0.031000000000000028
0 0.5759564891222806 0.72575 0.034133533383345904 0.03750000000000009
0 0.5285071267816954 0.7502500000000001 0.0367591897974493 0.033499999999999974
0 0.5279444861215303 0.716 0.03113278319579893 0.03600000000000003
0 0.5532633158289573 0.6972499999999999 0.02925731432858214 0.025499999999999967
0 0.5144411102775694 0.63925 0.03488372093023251 0.04249999999999998
0 0.577456864216054 0.66675 0.030382595648912214 0.03749999999999998
0 0.613278319579895 0.6825 0.033758439609902435 0.030000000000000027
0 0.6400975243810954 0.6677500000000001 0.028132033008252066 0.02949999999999997
0 0.6815453863465867 0.67025 0.03150787696924229 0.03249999999999997
0 0.5421980495123782 0.628 0.02738184546136535 0.03200000000000003
0 0.632033008252063 0.6265000000000001 0.024756189047261845 0.03799999999999992
0 0.6460990247561891 0.61175 0.02738184546136535 0.03849999999999998
0 0.6785446361590397 0.64325 0.037509377344336126 0.03249999999999997
0 0.6746061515378845 0.627 0.035633908477119225 0.03699999999999992
0 0.540510127531883 0.58775 0.033758439609902435 0.03849999999999998
0 0.5755813953488371 0.59875 0.03413353338334579 0.043500000000000094
0 0.5960240060015004 0.58875 0.027006751687921993 0.034499999999999975
0 0.7160540135033758 0.6174999999999999 0.03600900225056258 0.039000000000000035
0 0.7406226556639159 0.5755 0.031882970742685646 0.04299999999999993
0 0.7134283570892723 0.5854999999999999 0.02550637659414856 0.03700000000000003
0 0.7308702175543886 0.5485 0.03488372093023251 0.04400000000000004
0 0.6789197299324832 0.558 0.030007501875468967 0.039000000000000035
0 0.6430982745686422 0.56 0.035633908477119225 0.03700000000000003
0 0.6007126781695424 0.55775 0.03413353338334579 0.03749999999999998
0 0.5423855963990998 0.50625 0.03150787696924229 0.03550000000000003
0 0.5690172543135784 0.52825 0.03525881470367587 0.03649999999999998
0 0.5960240060015003 0.52125 0.03975993998499627 0.04249999999999998
0 0.6269692423105777 0.48725 0.03263315828957236 0.04149999999999998
0 0.6406601650412603 0.487 0.02400600150037513 0.03600000000000003
0 0.7021755438859715 0.51025 0.032258064516129004 0.04049999999999998
0 0.7248687171792948 0.48824999999999996 0.039384846211552915 0.03849999999999998
0 0.7541260315078769 0.501 0.037884471117779484 0.04800000000000004
0 0.7524381095273819 0.526 0.030757689422355572 0.02100000000000002
0 0.7608777194298575 0.45925 0.031882970742685646 0.04349999999999998
0 0.7419354838709677 0.45125 0.033758439609902435 0.04149999999999998
0 0.6740435108777194 0.469 0.0367591897974493 0.04199999999999998
0 0.5543885971492873 0.475 0.03150787696924229 0.03999999999999998
0 0.5150037509377344 0.48025 0.033758439609902435 0.04349999999999998
0 0.5251312828207052 0.4185 0.028507126781695424 0.03799999999999998
0 0.5562640660165041 0.41775 0.03600900225056258 0.04749999999999999
0 0.5778319579894974 0.43674999999999997 0.03488372093023262 0.040500000000000036
0 0.6070892723180795 0.4115 0.03488372093023262 0.04099999999999998
0 0.6498499624906227 0.41925 0.03713428357089277 0.045499999999999985
0 0.6721680420105026 0.41775 0.028507126781695424 0.033499999999999974
0 0.7567516879219804 0.39675 0.031882970742685646 0.046499999999999986
0 0.7312453113278319 0.38975 0.03263315828957236 0.046499999999999986
0 0.7113653413353338 0.374 0.039384846211552915 0.052000000000000046
0 0.6890472618154538 0.38475000000000004 0.024756189047261845 0.04150000000000004
0 0.6522880720180044 0.38775 0.03675918979744941 0.04349999999999998
0 0.590960240060015 0.38425 0.03713428357089277 0.040500000000000036
0 0.5183795948987246 0.33999999999999997 0.03450862715678915 0.04999999999999999
0 0.5502625656414104 0.348 0.03450862715678926 0.043999999999999984
0 0.5963990997749438 0.35275 0.04351087771942985 0.04949999999999999
0 0.6686046511627907 0.34025 0.039384846211552915 0.044499999999999984
0 0.7231807951987996 0.29500000000000004 0.03975993998499627 0.046999999999999986
0 0.6854838709677419 0.28200000000000003 0.043135783945986494 0.05199999999999999
0 0.627906976744186 0.32025 0.03825956489122273 0.04749999999999999
0 0.5894598649662416 0.30100000000000005 0.04163540885221306 0.05499999999999999
0 0.5602025506376593 0.30974999999999997 0.028882220555138782 0.03150000000000003
0 0.5105026256564141 0.29175 0.03450862715678921 0.033499999999999974
0 0.514066016504126 0.25775 0.04163540885221301 0.055499999999999966
0 0.5528882220555138 0.28225 0.04051012753188299 0.044499999999999984
0 0.5277569392348087 0.16225 0.04276069017254314 0.04749999999999999
0 0.5341335333833459 0.2165 0.04576144036009 0.055999999999999994
0 0.5902100525131283 0.177 0.04013503375843963 0.063
0 0.5857089272318079 0.24625000000000002 0.043135783945986605 0.05650000000000002
0 0.6312828207051763 0.198 0.0367591897974493 0.057999999999999996
0 0.6515378844711177 0.246 0.04426106526631657 0.06400000000000003
0 0.7743810952738185 0.62025 0.03713428357089277 0.033499999999999974
0 0.7835708927231808 0.59075 0.03450862715678915 0.04049999999999998
0 0.8068267066766692 0.55475 0.030007501875468967 0.03649999999999998
0 0.7884471117779446 0.52875 0.037509377344336126 0.045499999999999985
0 0.780570142535634 0.49375 0.030757689422355572 0.040500000000000036
0 0.7978244561140285 0.472 0.03450862715678915 0.045999999999999985
0 0.8263315828957238 0.4945 0.04051012753188299 0.049000000000000044
0 0.8340210052513128 0.41800000000000004 0.037884471117779484 0.04099999999999998
0 0.8051387846961741 0.40025 0.04163540885221306 0.045499999999999985
0 0.8443360840210052 0.377 0.03975993998499616 0.052000000000000046
0 0.8002625656414104 0.359 0.03638409602400594 0.045999999999999985
0 0.7597524381095273 0.243 0.03488372093023251 0.061000000000000026
0 0.7801950487621905 0.3105 0.045011252813203284 0.05400000000000005
0 0.8752813203300824 0.33425 0.03413353338334579 0.04949999999999999
