0 0.10877719429857463 0.3615 0.06976744186046512 0.09799999999999998
0 0.1168417104276069 0.479 0.06789197299324831 0.09899999999999998
0 0.16241560390097526 0.4195 0.07276819204801202 0.08600000000000002
0 0.20142535633908476 0.49675 0.06901725431357839 0.10349999999999998
0 0.16054013503375844 0.57125 0.06976744186046513 0.10050000000000003
0 0.21980495123780946 0.6112500000000001 0.0682670667666917 0.09550000000000003
0 0.2623780945236309 0.68225 0.0738934733683421 0.09950000000000003
0 0.3360840210052513 0.69875 0.06976744186046513 0.09150000000000003
0 0.2920105026256564 0.613 0.0708927231807952 0.08299999999999996
0 0.26669167291822954 0.5345 0.07126781695423853 0.10099999999999998
0 0.2334958739684921 0.4345 0.068642160540135 0.09199999999999997
0 0.14197299324831208 0.2715 0.07014253563390849 0.10400000000000001
0 0.19673668417104276 0.32525000000000004 0.06264066016504127 0.10049999999999998
0 0.2595648912228057 0.35824999999999996 0.07801950487621906 0.10049999999999998
0 0.20048762190547637 0.22575 0.06864216054013503 0.10450000000000004
0 0.2520630157539385 0.2565 0.07651912978244563 0.087
0 0.268192048012003 0.16949999999999998 0.05851462865716431 0.1
0 0.3411477869467367 0.23374999999999999 0.07239309827456863 0.09549999999999997
0 0.35333833458364594 0.14125 0.062265566391597915 0.0935
0 0.40828957239309827 0.1375 0.07464366091522878 0.098
0 0.41429107276819205 0.24875 0.07464366091522878 0.09149999999999997
0 0.35146286571642915 0.3645 0.07951987996999249 0.09199999999999997
0 0.30513878469617406 0.44425000000000003 0.0641410352588147 0.10249999999999998
0 0.3473368342085521 0.5307499999999999 0.07576894223555891 0.09049999999999997
0 0.37865716429107277 0.611 0.07164291072768192 0.08299999999999996
0 0.4223555888972243 0.69225 0.07126781695423856 0.09150000000000003
0 0.4908102025506377 0.69625 0.07239309827456863 0.07550000000000001
0 0.563390847711928 0.68825 0.07876969242310572 0.08450000000000002
0 0.6014628657164292 0.7545 0.07314328582145535 0.08300000000000007
0 0.44673668417104273 0.6245 0.06751687921980493 0.09399999999999997
0 0.5208177044261065 0.60225 0.07839459864966242 0.08750000000000002
0 0.41335333833458365 0.529 0.06376594148537135 0.10100000000000003
0 0.4904351087771943 0.52 0.07014253563390849 0.08900000000000002
0 0.40228807201800454 0.43574999999999997 0.0641410352588147 0.09349999999999997
0 0.41147786946736686 0.34725 0.0750187546886722 0.09750000000000003
0 0.47843210802700675 0.434 0.07464366091522878 0.08799999999999997
0 0.48612153038259565 0.33175 0.06751687921980493 0.10649999999999998
0 0.4981245311327832 0.2245 0.07651912978244568 0.09800000000000003
0 0.49943735933983496 0.128 0.08139534883720934 0.09399999999999999
0 0.5924606151537885 0.14200000000000002 0.08214553638409594 0.10600000000000001
0 0.5892723180795199 0.25475000000000003 0.08027006751687926 0.10749999999999998
0 0.559264816204051 0.358 0.07576894223555897 0.09799999999999998
0 0.5600150037509377 0.46199999999999997 0.0772693173293324 0.09899999999999998
0 0.6256564141035259 0.42825 0.07801950487621911 0.10649999999999998
0 0.622093023255814 0.51 0.06489122280570148 0.08800000000000002
0 0.6055888972243061 0.6005 0.06339084771192804 0.10099999999999998
0 0.7019879969992499 0.7615000000000001 0.07164291072768192 0.09599999999999997
0 0.7715678919729932 0.78775 0.0690172543135783 0.08649999999999991
0 0.686609152288072 0.6145 0.0843960990247562 0.09500000000000008
0 0.7308702175543886 0.6679999999999999 0.07614403600900232 0.08799999999999997
0 0.8032633158289573 0.6859999999999999 0.08064516129032262 0.09399999999999997
0 0.703675918979745 0.5255 0.07501875468867214 0.09099999999999997
0 0.7569392348087022 0.5589999999999999 0.06751687921980487 0.10199999999999998
0 0.823330832708177 0.5885 0.08177044261065258 0.09399999999999997
0 0.701237809452363 0.40800000000000003 0.07539384846211561 0.09700000000000003
0 0.7531882970742685 0.4445 0.07501875468867214 0.10799999999999998
0 0.8334583645911477 0.5 0.07501875468867214 0.09699999999999998
0 0.8210802700675168 0.40375 0.08102025506376587 0.10150000000000003
0 0.7573143285821455 0.3415 0.0690172543135783 0.09800000000000003
0 0.7019879969992499 0.3035 0.07314328582145535 0.11199999999999999
0 0.6404726181545386 0.315 0.07764441110277576 0.11099999999999999
0 0.6710427606901725 0.1975 0.07876969242310583 0.10400000000000001
