0 0.24081020255063768 0.68375 0.041260315078769705 0.0645
0 0.268754688672168 0.6315 0.04988747186796699 0.061999999999999944
0 0.2867591897974494 0.6815 0.05063765941485371 0.06299999999999994
0 0.2586271567891973 0.7397499999999999 0.04238559639909978 0.0675
0 0.3210802700675169 0.62025 0.04351087771942985 0.0635
0 0.34152288072018006 0.667 0.04538634658664664 0.06799999999999995
0 0.32220555138784696 0.5509999999999999 0.04051012753188299 0.06500000000000006
0 0.3629032258064516 0.596 0.046886721680420074 0.07099999999999995
0 0.38765941485371347 0.6495 0.05213803450862714 0.07100000000000006
0 0.4097899474868717 0.60075 0.043135783945986494 0.0665
0 0.39666166541635406 0.53825 0.04838709677419356 0.058499999999999996
0 0.37040510127531884 0.476 0.043135783945986494 0.064
0 0.40078769692423105 0.43000000000000005 0.04538634658664664 0.06
0 0.4304201050262566 0.47624999999999995 0.04688672168042013 0.062499999999999944
0 0.4705551387846962 0.5015000000000001 0.046886721680420074 0.07199999999999995
0 0.4386721680420105 0.5469999999999999 0.04238559639909978 0.06900000000000006
0 0.45480120030007504 0.611 0.044636159039759926 0.07499999999999996
0 0.4482370592648162 0.6739999999999999 0.04276069017254314 0.06599999999999995
0 0.41147786946736686 0.70825 0.04651162790697677 0.0615
0 0.36515378844711177 0.72325 0.04013503375843963 0.0665
0 0.3201425356339085 0.74575 0.04388597149287321 0.0685
0 0.36046511627906974 0.7907500000000001 0.04876219054763692 0.0675
0 0.39309827456864216 0.85225 0.04951237809452358 0.07550000000000001
0 0.4484246061515379 0.86425 0.051387846961740424 0.07250000000000001
0 0.40960240060015 0.77675 0.04351087771942985 0.0645
0 0.46755438859714926 0.741 0.052888222055513856 0.05899999999999994
0 0.48349587396849214 0.7975 0.050262565641410406 0.06499999999999995
0 0.5153788447111778 0.84075 0.04501125281320334 0.07650000000000001
0 0.5436984246061516 0.7922499999999999 0.05138784696174048 0.07550000000000001
0 0.5195048762190548 0.7315 0.04576144036009 0.06900000000000006
0 0.48499624906226557 0.67125 0.038259564891222786 0.0665
0 0.5009377344336085 0.6125 0.0453863465866467 0.07199999999999995
0 0.5125656414103525 0.5482499999999999 0.05363840960240063 0.0595
0 0.5630157539384846 0.55725 0.04726181545386343 0.0605
0 0.5549512378094523 0.6234999999999999 0.0476369092273069 0.06799999999999995
0 0.5564516129032258 0.6895 0.050637659414853764 0.06600000000000006
0 0.5840210052513128 0.73725 0.05176294073518384 0.07150000000000001
0 0.6093398349587398 0.788 0.055888972243060775 0.07599999999999996
0 0.6069017254313578 0.6815 0.050262565641410295 0.07099999999999995
0 0.6241560390097525 0.61525 0.054013503375843985 0.0645
0 0.5622655663915979 0.48475 0.05251312828207044 0.0685
0 0.5041260315078769 0.4475 0.051012753188297066 0.07800000000000001
0 0.4375468867216804 0.39475 0.044636159039759926 0.0645
0 0.4645536384096024 0.34875 0.05138784696174048 0.07250000000000001
0 0.5367591897974493 0.36875 0.05326331582895716 0.0675
0 0.5738934733683421 0.41025 0.050262565641410406 0.07050000000000001
0 0.6123405851462866 0.47124999999999995 0.05363840960240063 0.07249999999999995
0 0.5712678169542386 0.31775 0.04651162790697683 0.0695
0 0.6151537884471118 0.2815 0.050262565641410406 0.067
0 0.6280945236309077 0.35625 0.052138034508627196 0.07050000000000001
0 0.685483870967742 0.277 0.046886721680420185 0.067
0 0.7355588897224306 0.30575 0.05326331582895716 0.0635
0 0.7753188297074268 0.356 0.054013503375843985 0.059
0 0.786384096024006 0.40800000000000003 0.048387096774193616 0.068
0 0.8383345836459115 0.41500000000000004 0.05176294073518373 0.06
0 0.7286196549137285 0.395 0.04463615903976004 0.057999999999999996
0 0.6822955738934734 0.36925 0.054013503375843985 0.0665
0 0.6513503375843961 0.42825 0.048387096774193505 0.057499999999999996
0 0.7053638409602401 0.43325 0.04988747186796694 0.0665
0 0.7612528132033007 0.46225 0.05663915978994749 0.0645
0 0.8246436609152288 0.504 0.05663915978994749 0.07000000000000006
0 0.8735933983495874 0.46699999999999997 0.050262565641410406 0.064
0 0.8960990247561891 0.5215 0.04876219054763686 0.07800000000000001
0 0.904913728432108 0.5915 0.05813953488372092 0.07099999999999995
0 0.8488372093023255 0.58075 0.061515378844711255 0.07050000000000001
0 0.7792573143285821 0.53125 0.0528882220555138 0.06749999999999995
0 0.7871342835708928 0.5965 0.055888972243060775 0.07099999999999995
0 0.7228057014253564 0.5117499999999999 0.05326331582895716 0.07350000000000001
0 0.731807951987997 0.5825 0.04951237809452369 0.06099999999999994
0 0.667291822955739 0.48724999999999996 0.04801200300075015 0.06849999999999995
0 0.6794823705926482 0.554 0.0528882220555138 0.06399999999999995
0 0.6247186796699176 0.54925 0.05438859714928734 0.0635
0 0.6731057764441111 0.61625 0.050637659414853764 0.0605
0 0.6607276819204801 0.687 0.05363840960240063 0.07599999999999996
0 0.7117404351087773 0.698 0.05438859714928734 0.06999999999999995
0 0.7653788447111778 0.65575 0.05813953488372092 0.06449999999999989
0 0.8225806451612903 0.6892499999999999 0.05326331582895716 0.0675
0 0.867404351087772 0.6485000000000001 0.05513878469617406 0.06700000000000006
0 0.9281695423855965 0.6685 0.050637659414853764 0.07499999999999996
0 0.9112903225806452 0.7315 0.05738934733683421 0.06500000000000006
0 0.8555888972243061 0.7264999999999999 0.0547636909227307 0.07399999999999995
0 0.8199549887471868 0.7565 0.05626406601650413 0.07900000000000007
0 0.8715303825956489 0.80375 0.050637659414853764 0.07750000000000001
0 0.7550637659414854 0.74125 0.04951237809452369 0.0695
0 0.7036759189797449 0.752 0.054013503375843985 0.06400000000000006
0 0.6554763690922731 0.76175 0.055888972243060775 0.0625
0 0.6631657914478619 0.8162499999999999 0.05101275318829701 0.07350000000000001
0 0.7156789197299325 0.8285 0.05701425356339085 0.07299999999999995
0 0.7685671417854464 0.81525 0.05326331582895727 0.0665
0 0.8218304576144037 0.86025 0.05701425356339085 0.0685
0 0.7876969242310577 0.91725 0.057764441110277565 0.08050000000000002
0 0.7372468117029257 0.909 0.05138784696174037 0.08399999999999996
0 0.6789197299324832 0.898 0.05251312828207044 0.07400000000000007
0 0.627344336084021 0.879 0.04988747186796705 0.07699999999999996
0 0.576331582895724 0.8527499999999999 0.04763690922730679 0.07550000000000001
