0 0.11496624156039009 0.445 0.07464366091522882 0.10499999999999998
0 0.15660165041260315 0.5325 0.06489122280570142 0.10600000000000004
0 0.209489872468117 0.5782499999999999 0.06564141035258816 0.07950000000000002
0 0.25468867216804203 0.5462499999999999 0.06826706676669164 0.08750000000000002
0 0.2108027006751688 0.45825 0.07726931732933234 0.09550000000000003
0 0.1629782445611403 0.379 0.07614403600900224 0.09799999999999998
0 0.21736684171042758 0.305 0.08439609902475617 0.08699999999999997
0 0.26650412603150786 0.38525 0.0776444111027757 0.09649999999999997
0 0.2948237059264816 0.30074999999999996 0.07351837959489871 0.10249999999999998
0 0.3460240060015004 0.39375 0.07464366091522884 0.09150000000000003
0 0.42104276069017255 0.398 0.06864216054013506 0.09700000000000003
0 0.3869092273068267 0.3105 0.0753938484621155 0.09899999999999998
0 0.4761815453863466 0.277 0.06864216054013506 0.094
0 0.481807951987997 0.3695 0.07764441110277565 0.09799999999999998
0 0.4703675918979745 0.46349999999999997 0.07651912978244568 0.08999999999999997
0 0.2978244561140285 0.47150000000000003 0.07651912978244563 0.09900000000000003
0 0.3709677419354839 0.48225 0.0682670667666917 0.08950000000000002
0 0.3237059264816204 0.5609999999999999 0.06976744186046513 0.09999999999999998
0 0.29182295573893474 0.6367499999999999 0.06901725431357841 0.09350000000000003
0 0.3595273818454614 0.63275 0.06114028507126784 0.08250000000000002
0 0.3915978994748687 0.56725 0.07051762940735185 0.10150000000000003
0 0.45555138784696175 0.5547500000000001 0.06939234808702177 0.10550000000000004
0 0.4309827456864216 0.6315 0.07576894223555891 0.07799999999999996
0 0.39478619654913727 0.7155 0.07689422355588899 0.09199999999999997
0 0.46249062265566393 0.76375 0.06901725431357841 0.08850000000000002
0 0.4874343585896474 0.6737500000000001 0.0663915978994748 0.08550000000000002
0 0.508814703675919 0.598 0.07764441110277565 0.08899999999999997
0 0.5356339084771192 0.5135000000000001 0.07876969242310577 0.08300000000000007
0 0.5573893473368342 0.4335 0.07876969242310583 0.08399999999999996
0 0.5463240810202551 0.3325 0.07164291072768192 0.09900000000000003
0 0.6061515378844711 0.36324999999999996 0.07426856714178542 0.10149999999999998
0 0.6138409602400601 0.2495 0.07614403600900232 0.09799999999999998
0 0.6671042760690172 0.3 0.07164291072768192 0.10099999999999998
0 0.7321830457614404 0.311 0.06751687921980498 0.09799999999999998
0 0.7830082520630157 0.36275 0.08139534883720934 0.09249999999999997
0 0.8272693173293324 0.2915 0.07539384846211561 0.09800000000000003
0 0.8653413353338335 0.38575000000000004 0.08477119279819956 0.09049999999999997
0 0.8938484621155289 0.47024999999999995 0.07726931732933229 0.09449999999999997
0 0.9081020255063765 0.56275 0.07576894223555886 0.09250000000000003
0 0.8036384096024006 0.46425 0.07014253563390849 0.09350000000000003
0 0.7400600150037508 0.426 0.06751687921980498 0.09399999999999997
0 0.6712303075768942 0.40025 0.07164291072768192 0.09650000000000003
0 0.6219054763690923 0.45749999999999996 0.06751687921980498 0.10199999999999998
0 0.660165041260315 0.5405 0.0682670667666917 0.09000000000000002
0 0.5868342085521381 0.55975 0.07239309827456863 0.08450000000000002
0 0.7449362340585146 0.515 0.0682670667666917 0.09499999999999997
0 0.8070142535633908 0.55975 0.0753938484621155 0.10050000000000003
0 0.7010502625656414 0.60625 0.07351837959489871 0.09950000000000003
0 0.6282820705176294 0.6185 0.07351837959489882 0.08100000000000007
0 0.5632033008252063 0.66025 0.0708927231807952 0.09349999999999992
0 0.536384096024006 0.72375 0.07501875468867214 0.09250000000000003
0 0.6114028507126781 0.744 0.07426856714178542 0.08400000000000007
0 0.560952738184546 0.8085 0.06339084771192793 0.08600000000000008
0 0.6222805701425356 0.83275 0.05926481620405111 0.09549999999999992
0 0.6811702925731433 0.861 0.06301575393848469 0.08400000000000007
0 0.7273068267066767 0.8145 0.06526631657914472 0.08499999999999996
0 0.6714178544636159 0.75675 0.06676669167291815 0.08850000000000002
0 0.6710427606901725 0.6875 0.07801950487621911 0.09200000000000008
0 0.7340585146286571 0.736 0.07951987996999244 0.09299999999999997
0 0.8017629407351838 0.72975 0.06789197299324823 0.08050000000000002
0 0.7728807201800449 0.6535 0.07539384846211561 0.09899999999999998
0 0.8477119279819956 0.6635 0.07426856714178542 0.09099999999999997
