0 0.06601650412603151 0.6127499999999999 0.06301575393848463 0.07750000000000001
0 0.09471117779444861 0.55125 0.06189047261815453 0.07150000000000001
0 0.06807951987996999 0.488 0.05588897224306077 0.07200000000000001
0 0.10408852213053263 0.45475 0.05738934733683421 0.08050000000000002
0 0.07914478619654913 0.38449999999999995 0.0555138784696174 0.07700000000000001
0 0.1571642910727682 0.37150000000000005 0.05701425356339085 0.068
0 0.18435858964741186 0.43799999999999994 0.04988747186796699 0.062
0 0.1867966991747937 0.4855 0.05626406601650413 0.07799999999999996
0 0.17348087021755437 0.55175 0.06339084771192796 0.07250000000000001
0 0.13165791447861966 0.6085 0.058514628657164294 0.07700000000000007
0 0.18735933983495873 0.63175 0.061140285071267814 0.07950000000000002
0 0.15322580645161288 0.6995 0.052888222055513884 0.07899999999999996
0 0.20761440360090022 0.702 0.05063765941485371 0.07799999999999996
0 0.2556264066016504 0.73625 0.061140285071267814 0.08450000000000002
0 0.29838709677419356 0.781 0.05738934733683421 0.08299999999999996
0 0.34827456864216055 0.724 0.05513878469617406 0.07999999999999996
0 0.30832708177044266 0.67525 0.0660165041260315 0.08450000000000002
0 0.2509377344336084 0.6475 0.0652663165791448 0.07799999999999996
0 0.24081020255063765 0.57975 0.053263315828957214 0.07650000000000001
0 0.2871342835708927 0.56225 0.05738934733683421 0.07850000000000001
0 0.2481245311327832 0.51075 0.05963990997749438 0.07250000000000006
0 0.22824456114028507 0.4365 0.05363840960240063 0.06999999999999995
0 0.28094523630907725 0.42400000000000004 0.05851462865716428 0.07200000000000001
0 0.3036384096024006 0.488 0.06114028507126784 0.07499999999999996
0 0.22561890472618154 0.38249999999999995 0.05213803450862714 0.055999999999999994
0 0.24193548387096775 0.34825 0.05101275318829704 0.07550000000000001
0 0.30438859714928734 0.36225 0.05813953488372092 0.07750000000000001
0 0.20048762190547637 0.32775 0.0468867216804201 0.0665
0 0.1579144786196549 0.31675 0.051012753188297066 0.0665
0 0.18360840210052512 0.25275 0.05663915978994749 0.07549999999999998
0 0.25637659414853714 0.25125 0.04388597149287321 0.06449999999999997
0 0.29838709677419356 0.27149999999999996 0.05738934733683421 0.068
0 0.27663165791447863 0.30300000000000005 0.04163540885221306 0.055999999999999994
0 0.2948237059264816 0.221 0.04426106526631657 0.06
0 0.33477119279819956 0.22175 0.04913728432108028 0.07550000000000001
0 0.3621530382595649 0.24924999999999997 0.05513878469617406 0.07349999999999998
0 0.3460240060015004 0.32275 0.05588897224306072 0.08050000000000002
0 0.29088522130532635 0.1955 0.059639909977494354 0.062
0 0.34433608402100524 0.40449999999999997 0.05326331582895727 0.067
0 0.35933983495873967 0.46175 0.05401350337584393 0.07350000000000001
0 0.3925356339084771 0.403 0.052138034508627196 0.07500000000000001
0 0.3396474118529632 0.5945 0.052888222055513856 0.06599999999999995
0 0.38184546136534137 0.647 0.058514628657164336 0.07699999999999996
0 0.37715678919729934 0.5449999999999999 0.05513878469617406 0.07700000000000007
0 0.4167291822955739 0.76875 0.059264816204050996 0.08050000000000002
0 0.4714928732183046 0.75675 0.05101275318829712 0.07850000000000001
0 0.5298199549887472 0.7702500000000001 0.05663915978994749 0.07550000000000001
0 0.5845836459114779 0.73325 0.05663915978994749 0.07550000000000001
0 0.641972993248312 0.788 0.05288822205551391 0.07599999999999996
0 0.6926106526631658 0.80625 0.0528882220555138 0.07050000000000001
0 0.4774943735933983 0.66825 0.058514628657164225 0.07450000000000001
0 0.5333833458364592 0.67825 0.05176294073518373 0.0695
0 0.5705176294073518 0.63075 0.04951237809452369 0.0645
0 0.6252813203300825 0.70425 0.05326331582895727 0.07050000000000001
0 0.6697299324831207 0.73525 0.05363840960240063 0.07350000000000001
0 0.7164291072768192 0.74825 0.04951237809452369 0.07050000000000001
0 0.6701050262565642 0.663 0.05138784696174048 0.06999999999999995
0 0.6247186796699176 0.62975 0.05288822205551391 0.0685
0 0.6271567891972993 0.5605 0.04951237809452369 0.08000000000000007
0 0.5768942235558889 0.5615 0.0547636909227307 0.07699999999999996
0 0.5264441110277569 0.5805 0.05738934733683421 0.07600000000000007
0 0.47336834208552137 0.59825 0.05551387846961742 0.0724999999999999
0 0.4336084021005251 0.54325 0.05401350337584393 0.0665
0 0.42310577644411107 0.48650000000000004 0.05176294073518378 0.067
0 0.4876219054763691 0.5277499999999999 0.05026256564141035 0.07550000000000001
0 0.4521755438859715 0.42300000000000004 0.05363840960240057 0.068
0 0.512940735183796 0.43725 0.050637659414853764 0.07449999999999996
0 0.5707051762940736 0.48650000000000004 0.05363840960240063 0.07900000000000001
0 0.6027756939234808 0.43274999999999997 0.0547636909227307 0.07249999999999995
0 0.5465116279069767 0.389 0.057764441110277565 0.064
0 0.48424606151537886 0.353 0.04651162790697677 0.061
0 0.43342085521380347 0.34075 0.05438859714928729 0.07750000000000001
0 0.40772693173293323 0.29125 0.054013503375843985 0.0695
0 0.42685671417854465 0.24725000000000003 0.0480120030007502 0.06750000000000003
0 0.46174043510877716 0.2905 0.04876219054763692 0.06
0 0.377344336084021 0.1765 0.04276069017254314 0.063
0 0.418979744936234 0.17825 0.04651162790697677 0.056499999999999995
0 0.46099024756189044 0.12 0.05026256564141035 0.067
0 0.5063765941485372 0.11474999999999999 0.04276069017254314 0.061499999999999985
0 0.5095648912228057 0.17775000000000002 0.05138784696174037 0.05050000000000002
0 0.52344336084021 0.21075 0.05138784696174037 0.0685
0 0.472993248312078 0.2325 0.0480120030007502 0.063
0 0.5026256564141035 0.27349999999999997 0.04501125281320334 0.067
0 0.5423855963990998 0.29200000000000004 0.05851462865716428 0.07800000000000001
0 0.5873968492123031 0.27525 0.05626406601650413 0.07450000000000001
0 0.572205551387847 0.229 0.04538634658664675 0.066
0 0.5562640660165041 0.16975 0.050262565641410406 0.0625
0 0.6055888972243061 0.1205 0.0528882220555138 0.062
0 0.6108402100525132 0.23049999999999998 0.03488372093023251 0.04100000000000001
0 0.6202175543885972 0.27775 0.03188297074268576 0.0695
0 0.6588522130532632 0.30175 0.05738934733683421 0.07350000000000001
0 0.6603525881470367 0.21525 0.05138784696174048 0.07350000000000001
0 0.695986496624156 0.1785 0.05063765941485365 0.064
0 0.704801200300075 0.273 0.04726181545386343 0.066
0 0.7064891222805701 0.3275 0.04913728432108022 0.067
0 0.6669167291822955 0.37575000000000003 0.05176294073518373 0.07449999999999996
0 0.6093398349587398 0.34275 0.05513878469617406 0.07450000000000001
0 0.667291822955739 0.4405 0.061515378844711144 0.07199999999999995
0 0.6650412603150788 0.519 0.050262565641410295 0.067
0 0.6759189797449362 0.5922499999999999 0.054013503375843985 0.0704999999999999
0 0.7893848462115529 0.2605 0.05438859714928734 0.06799999999999998
0 0.822768192048012 0.29375 0.04913728432108022 0.0685
0 0.7511252813203301 0.3065 0.048387096774193505 0.067
0 0.778694673668417 0.3395 0.041260315078769705 0.064
0 0.7340585146286571 0.38649999999999995 0.05101275318829701 0.08100000000000002
0 0.7792573143285821 0.39825 0.04913728432108022 0.0675
0 0.8197674418604651 0.38475 0.05063765941485365 0.0665
0 0.7224306076519129 0.47875 0.05326331582895716 0.06949999999999995
0 0.7886346586646662 0.50175 0.05363840960240063 0.07050000000000001
0 0.8107651912978244 0.4505 0.050637659414853764 0.07100000000000001
0 0.8439609902475619 0.45175 0.04576144036009011 0.0615
0 0.8298949737434358 0.532 0.04988747186796705 0.067
0 0.780570142535634 0.5685 0.05326331582895727 0.06299999999999994
0 0.721305326331583 0.55275 0.05851462865716439 0.07850000000000001
0 0.741185296324081 0.59325 0.04951237809452369 0.0695
0 0.8064516129032258 0.62575 0.050262565641410295 0.0695
0 0.7865716429107277 0.70725 0.05851462865716428 0.07050000000000001
0 0.7216804201050262 0.68125 0.050262565641410295 0.07250000000000001
0 0.7456864216054013 0.7735000000000001 0.04576144036009 0.07199999999999995
0 0.7231807951987996 0.8285 0.04351087771942985 0.06099999999999994
0 0.7803825956489122 0.8387500000000001 0.04988747186796694 0.0675
0 0.7944486121530383 0.77675 0.05101275318829701 0.0605
0 0.8400225056264066 0.79175 0.048387096774193505 0.0675
0 0.8177044261065267 0.7262500000000001 0.04876219054763686 0.07550000000000001
0 0.8411477869467368 0.673 0.052138034508627196 0.06900000000000006
0 0.864403600900225 0.732 0.04913728432108022 0.06600000000000006
0 0.9075393848462115 0.77725 0.052138034508627085 0.07450000000000001
0 0.9416729182295573 0.73425 0.05738934733683421 0.07450000000000001
0 0.8947861965491373 0.6745 0.05363840960240063 0.06600000000000006
0 0.9705551387846962 0.679 0.05663915978994749 0.07599999999999996
0 0.9064141035258815 0.6074999999999999 0.0528882220555138 0.06700000000000006
0 0.9585521380345086 0.6007499999999999 0.0476369092273069 0.07150000000000001
0 0.8570892723180795 0.6034999999999999 0.048762190547636974 0.06999999999999995
0 0.8852213053263316 0.5465 0.061515378844711144 0.07099999999999995
0 0.88503375843961 0.4815 0.05738934733683421 0.06799999999999995
0 0.9518004501125281 0.52025 0.05813953488372092 0.07850000000000001
0 0.9347336834208552 0.43725 0.05626406601650413 0.07149999999999995
