0 0.2805701425356339 0.31999999999999995 0.04351087771942985 0.061
0 0.32314328582145535 0.32175 0.04913728432108028 0.0645
0 0.34883720930232553 0.37625 0.03600900225056264 0.0625
0 0.3799699924981245 0.32899999999999996 0.04051012753188299 0.061
0 0.34246061515378845 0.26075 0.03600900225056264 0.06749999999999998
0 0.3899099774943736 0.271 0.03788447111777943 0.07399999999999998
0 0.40360090022505624 0.224 0.04276069017254308 0.045999999999999985
0 0.3304576144036009 0.19475 0.045011252813203284 0.056499999999999995
0 0.40003750937734434 0.11124999999999999 0.044636159039759926 0.06549999999999999
0 0.4476744186046512 0.2215 0.04388597149287321 0.064
0 0.4913728432108027 0.23475000000000001 0.04351087771942985 0.059500000000000025
0 0.49643660915228804 0.17175 0.03938484621155286 0.07149999999999998
0 0.5191297824456114 0.09675 0.04876219054763692 0.07750000000000001
0 0.4731807951987997 0.3105 0.04088522130532635 0.061
0 0.46155288822205554 0.3765 0.04838709677419356 0.07399999999999995
0 0.4375468867216804 0.41900000000000004 0.04613653413353336 0.061
0 0.48368342085521376 0.42925 0.04238559639909972 0.0655
0 0.34077269317329334 0.4295 0.04388597149287321 0.059
0 0.27681920480120026 0.39825 0.04651162790697677 0.0625
0 0.2625656414103526 0.47224999999999995 0.046511627906976744 0.07049999999999995
0 0.2965116279069767 0.5175000000000001 0.038634658664666144 0.061000000000000054
0 0.35108777194298574 0.49275 0.04426106526631657 0.051499999999999935
0 0.3869092273068267 0.46525 0.04088522130532635 0.0665
0 0.3975993998499625 0.529 0.04201050262565642 0.050000000000000044
0 0.36271567891972994 0.5760000000000001 0.04201050262565642 0.06700000000000006
0 0.40941485371342834 0.5902499999999999 0.044636159039759926 0.0595
0 0.4521755438859715 0.5807500000000001 0.04088522130532635 0.0635
0 0.4463615903975994 0.63425 0.04276069017254314 0.05349999999999999
0 0.44129782445611404 0.51375 0.04013503375843963 0.05850000000000005
0 0.4720555138784696 0.48 0.039384846211552915 0.052999999999999936
0 0.5157539384846211 0.5165 0.04501125281320334 0.064
0 0.5210052513128283 0.4575 0.03975993998499627 0.056999999999999995
0 0.5050637659414854 0.613 0.04988747186796699 0.06699999999999995
0 0.4949362340585146 0.667 0.04238559639909978 0.049000000000000044
0 0.4619279819954989 0.69875 0.04388597149287321 0.0595
0 0.4232933233308327 0.69925 0.04088522130532635 0.04849999999999999
0 0.3657164291072768 0.692 0.05551387846961742 0.07199999999999995
0 0.5082520630157539 0.7185 0.04726181545386343 0.05400000000000005
0 0.5260690172543135 0.778 0.043135783945986494 0.062000000000000055
0 0.514066016504126 0.872 0.05288822205551391 0.06600000000000006
0 0.5622655663915979 0.81575 0.04801200300075015 0.058499999999999996
0 0.5960240060015003 0.86925 0.04576144036009 0.05449999999999999
0 0.6050262565641411 0.8135 0.045011252813203284 0.06299999999999994
0 0.650787696924231 0.82975 0.04351087771942985 0.0615
0 0.7049887471867967 0.812 0.04988747186796694 0.061000000000000054
0 0.563390847711928 0.7637499999999999 0.04426106526631657 0.0595
0 0.6189047261815455 0.73775 0.045011252813203284 0.058499999999999996
0 0.6719804951237809 0.74475 0.04913728432108033 0.05349999999999999
0 0.7327456864216054 0.75775 0.04763690922730679 0.058499999999999996
0 0.7115528882220555 0.7092499999999999 0.05326331582895727 0.0595
0 0.6536009002250562 0.6975 0.04538634658664664 0.062000000000000055
0 0.596211552888222 0.6845 0.048387096774193505 0.06499999999999995
0 0.549324831207802 0.6935 0.039384846211552915 0.06000000000000005
0 0.550450112528132 0.6412500000000001 0.04913728432108022 0.055499999999999994
0 0.5444486121530383 0.5627500000000001 0.048387096774193616 0.0675
0 0.6033383345836459 0.567 0.046886721680420074 0.05900000000000005
0 0.6275318829707427 0.6227499999999999 0.04576144036009011 0.0635
0 0.6719804951237809 0.655 0.04913728432108033 0.06499999999999995
0 0.7357464366091523 0.65425 0.04988747186796694 0.0694999999999999
0 0.6770442610652663 0.57925 0.045011252813203284 0.0625
0 0.6567891972993248 0.52275 0.04651162790697683 0.05450000000000005
0 0.5648912228057015 0.505 0.04576144036009 0.05499999999999999
0 0.6061515378844711 0.47775 0.04876219054763686 0.05249999999999999
0 0.5632033008252063 0.44125 0.04988747186796694 0.0645
0 0.5654538634658665 0.35875 0.04088522130532635 0.0645
0 0.513503375843961 0.38249999999999995 0.042010502625656365 0.06
0 0.5191297824456114 0.30125 0.04351087771942985 0.0635
0 0.5502625656414104 0.2545 0.04876219054763686 0.06699999999999998
0 0.6070892723180795 0.28575 0.046886721680420074 0.0675
0 0.613278319579895 0.35550000000000004 0.04426106526631657 0.065
0 0.6541635408852213 0.32599999999999996 0.04726181545386343 0.061
0 0.662040510127532 0.39349999999999996 0.05176294073518373 0.07700000000000001
0 0.6196549137284322 0.4185 0.04201050262565642 0.059
0 0.6566016504126031 0.4665 0.04163540885221295 0.067
0 0.6987996999249813 0.43100000000000005 0.050262565641410406 0.066
0 0.7164291072768192 0.365 0.057764441110277565 0.069
0 0.65847711927982 0.25925 0.04913728432108033 0.06649999999999998
0 0.7066766691672919 0.27725 0.05251312828207044 0.0635
0 0.751687921980495 0.32425 0.04951237809452358 0.0625
0 0.5549512378094523 0.16375 0.055888972243060775 0.07750000000000001
0 0.5778319579894974 0.08349999999999999 0.05513878469617395 0.075
0 0.6410352588147037 0.051000000000000004 0.04801200300075026 0.061
0 0.645536384096024 0.11249999999999999 0.05326331582895727 0.074
0 0.6400975243810954 0.19725 0.050637659414853764 0.07050000000000001
0 0.6926106526631658 0.1965 0.05663915978994738 0.07899999999999999
0 0.7199924981245311 0.167 0.053638409602400516 0.067
0 0.7477494373593399 0.22075 0.055888972243060775 0.07350000000000001
0 0.7713803450862715 0.19575 0.0476369092273069 0.07650000000000001
0 0.7278694673668418 0.086 0.055888972243060775 0.076
0 0.7093023255813953 0.51275 0.05251312828207044 0.060500000000000054
0 0.7336834208552139 0.5825 0.04951237809452358 0.06699999999999995
0 0.8038259564891223 0.755 0.05176294073518384 0.07499999999999996
0 0.7843210802700675 0.6579999999999999 0.04951237809452369 0.06599999999999995
0 0.8306451612903225 0.68225 0.050637659414853764 0.0615
0 0.785821455363841 0.5920000000000001 0.052513128282070554 0.06999999999999995
0 0.8402100525131282 0.59475 0.04726181545386343 0.0605
0 0.7661290322580645 0.5097499999999999 0.05063765941485365 0.055499999999999994
0 0.8272693173293324 0.53525 0.05288822205551391 0.0605
0 0.7515003750937734 0.4585 0.04988747186796694 0.059
0 0.8047636909227307 0.46225 0.052138034508627085 0.0675
0 0.849212303075769 0.4765 0.05476369092273059 0.06799999999999995
0 0.7749437359339835 0.39249999999999996 0.054013503375843985 0.07300000000000001
0 0.852775693923481 0.41275 0.055888972243060775 0.07150000000000001
0 0.9000375093773443 0.43075 0.05663915978994749 0.0635
0 0.7955738934733683 0.3335 0.04576144036009 0.06
0 0.8857839459864967 0.35225 0.05738934733683421 0.07250000000000001
0 0.8537134283570893 0.29575 0.04726181545386343 0.0595
0 0.7764441110277569 0.26775 0.04951237809452358 0.0595
0 0.8405851462865717 0.236 0.054013503375843985 0.060000000000000026
0 0.8370217554388597 0.16725 0.05063765941485365 0.07050000000000001
0 0.8158289572393098 0.11049999999999999 0.054013503375843985 0.074
