0 0.10708927231807952 0.46199999999999997 0.053638409602400586 0.07
0 0.06451612903225806 0.5715 0.051012753188297066 0.07099999999999995
0 0.06976744186046512 0.629 0.04276069017254314 0.05699999999999994
0 0.10952738184546137 0.5745 0.050262565641410364 0.07099999999999995
0 0.08627156789197299 0.7090000000000001 0.05101275318829708 0.06599999999999995
0 0.13484621155288823 0.74225 0.04613653413353337 0.0605
0 0.12115528882220555 0.5125 0.058514628657164294 0.05500000000000005
0 0.200112528132033 0.35375 0.05888972243060764 0.07050000000000001
0 0.1886721680420105 0.41525 0.04876219054763692 0.0645
0 0.17160540135033758 0.48024999999999995 0.055888972243060775 0.06849999999999995
0 0.19092273068267068 0.54 0.05176294073518381 0.05999999999999994
0 0.17835708927231808 0.61 0.05513878469617406 0.06499999999999995
0 0.145536384096024 0.64375 0.049512378094523635 0.0655
0 0.18473368342085522 0.70925 0.0468867216804201 0.0645
0 0.18285821455363843 0.7782500000000001 0.04538634658664667 0.0595
0 0.2659414853713428 0.3355 0.05326331582895724 0.068
0 0.23837209302325582 0.45775 0.047636909227306845 0.0645
0 0.2743810952738185 0.41300000000000003 0.05063765941485371 0.07200000000000001
0 0.26987996999249814 0.47925 0.05513878469617406 0.0695
0 0.25300075018754686 0.532 0.04988747186796699 0.07100000000000001
0 0.23049512378094525 0.59325 0.04688672168042013 0.0655
0 0.23199549887471868 0.652 0.052888222055513856 0.06400000000000006
0 0.24287321830457614 0.7145 0.04763690922730682 0.06699999999999995
0 0.2254313578394599 0.78 0.04726181545386346 0.06299999999999994
0 0.27419354838709675 0.8180000000000001 0.05176294073518378 0.061000000000000054
0 0.3148912228057014 0.31425000000000003 0.05513878469617406 0.08249999999999996
0 0.36702925731432856 0.2925 0.052888222055513856 0.07700000000000001
0 0.3210802700675169 0.37975 0.05326331582895727 0.07150000000000001
0 0.3169542385596399 0.45375 0.0480120030007502 0.0685
0 0.3182670667666917 0.5185 0.05213803450862714 0.06900000000000006
0 0.295198799699925 0.56175 0.049512378094523635 0.0665
0 0.2710052513128282 0.6174999999999999 0.05513878469617406 0.061999999999999944
0 0.27813203300825207 0.6839999999999999 0.04013503375843963 0.07100000000000006
0 0.2965116279069767 0.745 0.04688672168042013 0.062000000000000055
0 0.32633158289572395 0.79275 0.0525131282820705 0.058499999999999996
0 0.31339084771192793 0.8625 0.04913728432108028 0.05500000000000005
0 0.3507126781695424 0.89225 0.04726181545386343 0.0615
0 0.3343960990247562 0.6 0.05288822205551391 0.06499999999999995
0 0.33870967741935487 0.6615 0.054763690922730646 0.06400000000000006
0 0.33570892723180795 0.736 0.04726181545386343 0.06699999999999995
0 0.3615903975993998 0.8260000000000001 0.053263315828957214 0.06300000000000006
0 0.3927231807951988 0.913 0.05101275318829712 0.05900000000000005
0 0.3737809452363091 0.38975 0.05213803450862714 0.0625
0 0.42948237059264815 0.34299999999999997 0.052513128282070554 0.064
0 0.41504126031507876 0.4315 0.052138034508627196 0.065
0 0.36365341335333834 0.45275 0.05663915978994749 0.0695
0 0.3687171792948237 0.53375 0.05176294073518378 0.0625
0 0.38053263315828956 0.6247499999999999 0.060390097524381126 0.0675
0 0.3852213053263316 0.7010000000000001 0.05101275318829712 0.06999999999999995
0 0.37453113278319583 0.77375 0.05213803450862714 0.058499999999999996
0 0.41129032258064513 0.8135 0.04688672168042013 0.06000000000000005
0 0.44823705926481616 0.87775 0.049512378094523635 0.0595
0 0.43435858964741186 0.94575 0.05326331582895727 0.058499999999999996
0 0.46624156039009756 0.41400000000000003 0.049512378094523635 0.063
0 0.40885221305326336 0.521 0.049512378094523635 0.067
0 0.4032258064516129 0.57425 0.05176294073518378 0.0625
0 0.4523630907726932 0.5785 0.053263315828957214 0.07099999999999995
0 0.4669917479369843 0.51075 0.05401350337584393 0.0675
0 0.49456114028507125 0.33299999999999996 0.05138784696174037 0.068
0 0.5125656414103525 0.40075 0.05513878469617406 0.07650000000000001
0 0.5056264066016504 0.46599999999999997 0.053263315828957214 0.07299999999999995
0 0.5090022505626407 0.53375 0.05401350337584404 0.0695
0 0.43773443360840214 0.64625 0.0480120030007502 0.07050000000000001
0 0.4330457614403601 0.71075 0.05213803450862714 0.0655
0 0.427231807951988 0.78975 0.05176294073518378 0.05249999999999999
0 0.4540510127531883 0.83025 0.05738934733683421 0.0625
0 0.4679294823705926 0.76875 0.052888222055513856 0.0675
0 0.49962490622655664 0.60225 0.04726181545386349 0.07150000000000001
0 0.4808702175543886 0.6779999999999999 0.05251312828207044 0.07500000000000007
0 0.5165041260315079 0.71425 0.05176294073518378 0.07150000000000001
0 0.503563390847712 0.80325 0.05213803450862714 0.0645
0 0.48874718679669915 0.92825 0.04726181545386349 0.056499999999999995
0 0.5093773443360841 0.86125 0.05251312828207044 0.07050000000000001
0 0.5395723930982745 0.92425 0.052138034508627196 0.0605
0 0.5746436609152288 0.806 0.050262565641410406 0.05999999999999994
0 0.5440735183795948 0.7642500000000001 0.04913728432108033 0.07150000000000001
0 0.5337584396099024 0.6615 0.05326331582895727 0.08099999999999996
0 0.5568267066766692 0.5800000000000001 0.05288822205551391 0.07799999999999996
0 0.541072768192048 0.34299999999999997 0.052138034508627196 0.07400000000000001
0 0.5656414103525882 0.25325 0.05551387846961742 0.07249999999999998
0 0.5982745686421606 0.31325000000000003 0.06001500375093771 0.07849999999999996
0 0.5536384096024006 0.441 0.05551387846961742 0.07899999999999996
0 0.5913353338334584 0.389 0.05438859714928734 0.07500000000000001
0 0.5742685671417854 0.50275 0.0547636909227307 0.07250000000000001
0 0.6175918979744937 0.5767500000000001 0.05738934733683421 0.0675
0 0.5759564891222806 0.623 0.05513878469617406 0.07299999999999995
0 0.5765191297824457 0.70775 0.04951237809452358 0.07450000000000001
0 0.5969617404351089 0.749 0.04913728432108033 0.06899999999999995
0 0.6183420855213804 0.6732499999999999 0.05513878469617406 0.0675
0 0.6474118529632408 0.74825 0.0547636909227307 0.07250000000000001
0 0.6404726181545386 0.24475000000000002 0.05813953488372092 0.07050000000000003
0 0.645536384096024 0.31325000000000003 0.05101275318829712 0.08349999999999996
0 0.6250937734433608 0.431 0.05438859714928734 0.07999999999999996
0 0.6395348837209303 0.5005 0.05626406601650413 0.07399999999999995
0 0.6530382595648911 0.38725 0.050262565641410295 0.0685
0 0.6526631657914479 0.608 0.052513128282070554 0.07299999999999995
0 0.685483870967742 0.7025 0.050637659414853764 0.06800000000000006
0 0.6832333083270818 0.44775 0.05813953488372092 0.07350000000000001
0 0.7288072018004501 0.26125 0.05551387846961742 0.07549999999999998
0 0.7038634658664666 0.366 0.05888972243060764 0.069
0 0.7199924981245311 0.41675 0.05738934733683421 0.07450000000000001
0 0.6909227306826706 0.5077499999999999 0.054013503375843985 0.0655
0 0.6939234808702176 0.5675 0.05551387846961742 0.06800000000000006
0 0.7297449362340584 0.64875 0.05288822205551391 0.0665
0 0.7740060015003751 0.64575 0.05138784696174048 0.07150000000000001
0 0.8287696924231058 0.62675 0.05813953488372092 0.07250000000000001
0 0.7571267816954239 0.5705 0.05513878469617406 0.06499999999999995
0 0.7413728432108027 0.48275 0.055888972243060775 0.07349999999999995
0 0.7683795948987246 0.38849999999999996 0.06564141035258819 0.07600000000000001
0 0.7800075018754689 0.3035 0.05438859714928734 0.069
0 0.8539009752438109 0.40475 0.05288822205551391 0.08050000000000002
0 0.7933233308327081 0.45075 0.05251312828207044 0.0665
0 0.8388972243060766 0.4915 0.05513878469617406 0.06999999999999995
0 0.8015753938484621 0.53425 0.05326331582895727 0.07050000000000001
0 0.86496624156039 0.5507500000000001 0.055513878469617306 0.0675
