0 0.09658664666166542 0.21250000000000002 0.05963990997749437 0.08199999999999999
0 0.08739684921230308 0.30100000000000005 0.05626406601650413 0.07500000000000001
0 0.11852963240810202 0.51175 0.057764441110277565 0.07050000000000006
0 0.19467366841710426 0.61175 0.05326331582895724 0.0655
0 0.2031132783195799 0.5425 0.04838709677419356 0.06400000000000006
0 0.18360840210052515 0.47175 0.0536384096024006 0.0625
0 0.16110277569392348 0.41925 0.04988747186796699 0.0655
0 0.13840960240060016 0.35 0.05101275318829708 0.064
0 0.15378844711177794 0.256 0.049512378094523635 0.06899999999999998
0 0.17085521380345087 0.3145 0.05213803450862714 0.065
0 0.18473368342085522 0.39749999999999996 0.052888222055513884 0.07100000000000001
0 0.1899849962490623 0.1815 0.05963990997749438 0.07400000000000001
0 0.2231807951987997 0.1445 0.04951237809452361 0.06499999999999999
0 0.27231807951987996 0.06875 0.05626406601650413 0.0765
0 0.27344336084021004 0.161 0.04876219054763692 0.08100000000000002
0 0.25037509377344336 0.2175 0.05138784696174045 0.07400000000000001
0 0.2355588897224306 0.29925 0.048012003000750175 0.0675
0 0.24193548387096775 0.36575 0.04876219054763689 0.07050000000000001
0 0.25356339084771196 0.52375 0.0525131282820705 0.06650000000000006
0 0.2777569392348087 0.577 0.05288822205551391 0.07399999999999995
0 0.24662415603900975 0.65175 0.04913728432108028 0.0695
0 0.2880720180045011 0.6859999999999999 0.04876219054763692 0.05999999999999994
0 0.31376594148537135 0.6385000000000001 0.048387096774193505 0.06500000000000006
0 0.33402100525131284 0.5762499999999999 0.04988747186796699 0.0635
0 0.2794448612153039 0.44575 0.049512378094523635 0.0665
0 0.2888222055513878 0.376 0.0525131282820705 0.06799999999999995
0 0.27831957989497375 0.3125 0.046511627906976716 0.06999999999999995
0 0.3323330832708177 0.047 0.049512378094523635 0.07500000000000001
0 0.3027006751687922 0.11049999999999999 0.04876219054763692 0.074
0 0.36271567891972994 0.11274999999999999 0.045011252813203284 0.0745
0 0.3310202550637659 0.17675000000000002 0.04388597149287321 0.07349999999999998
0 0.30120030007501875 0.22925 0.052513128282070554 0.0695
0 0.32314328582145535 0.30974999999999997 0.05438859714928734 0.07549999999999996
0 0.33477119279819956 0.433 0.05363840960240063 0.07399999999999995
0 0.3672168042010503 0.62025 0.05026256564141035 0.07150000000000001
0 0.41260315078769694 0.73425 0.04276069017254314 0.0685
0 0.40847711927981994 0.6619999999999999 0.04351087771942985 0.06300000000000006
0 0.4182295573893473 0.59425 0.0480120030007502 0.0625
0 0.36534133533383345 0.5025 0.04426106526631657 0.06300000000000006
0 0.4118529632408102 0.50975 0.054763690922730646 0.06650000000000006
0 0.38559639909977494 0.43825000000000003 0.04201050262565642 0.07049999999999995
0 0.42610652663165793 0.45199999999999996 0.0480120030007502 0.059
0 0.36346586646661666 0.37324999999999997 0.04801200300075015 0.06749999999999995
0 0.4176669167291823 0.36025 0.04988747186796699 0.07150000000000001
0 0.39909977494373594 0.30225 0.05026256564141035 0.0665
0 0.3589647411852963 0.23575000000000002 0.0480120030007502 0.07050000000000001
0 0.40435108777194295 0.232 0.05176294073518378 0.07300000000000001
0 0.3835333833458365 0.1555 0.05438859714928734 0.081
0 0.4238559639909978 0.061 0.04651162790697677 0.08299999999999999
0 0.468304576144036 0.04175 0.051387846961740424 0.0775
0 0.43904726181545384 0.13324999999999998 0.052888222055513856 0.07949999999999999
0 0.49006001500375096 0.0995 0.051387846961740424 0.068
0 0.4570517629407352 0.2595 0.04913728432108022 0.07699999999999999
0 0.49568642160540133 0.23450000000000001 0.04988747186796694 0.07500000000000001
0 0.5281320330082521 0.184 0.04801200300075026 0.07800000000000001
0 0.46305326331582897 0.35225 0.04913728432108028 0.0695
0 0.5056264066016504 0.31875 0.0480120030007502 0.0665
0 0.4746811702925732 0.42525 0.04988747186796699 0.0605
0 0.5159414853713429 0.39549999999999996 0.04313578394598655 0.063
0 0.5114403600900225 0.4665 0.04538634658664664 0.061
0 0.48949737434358587 0.55825 0.0480120030007502 0.0625
0 0.5324456114028507 0.5992500000000001 0.048387096774193505 0.055499999999999994
0 0.48424606151537886 0.6252500000000001 0.050262565641410406 0.0635
0 0.5309452363090773 0.6699999999999999 0.046886721680420074 0.061000000000000054
0 0.48199549887471865 0.6825 0.04726181545386343 0.06000000000000005
0 0.4606151537884471 0.74325 0.04726181545386349 0.057499999999999996
0 0.5080645161290323 0.73375 0.04763690922730679 0.0625
0 0.5080645161290323 0.802 0.043135783945986494 0.06700000000000006
0 0.5605776444111028 0.831 0.04763690922730679 0.05999999999999994
0 0.5506376594148537 0.771 0.03675918979744941 0.062000000000000055
0 0.5572018004501125 0.71225 0.03413353338334579 0.0615
0 0.6378469617404352 0.82775 0.05288822205551391 0.0605
0 0.6024006001500375 0.735 0.050262565641410406 0.04899999999999993
0 0.575768942235559 0.6619999999999999 0.04201050262565642 0.061000000000000054
0 0.6198424606151538 0.65125 0.04388597149287321 0.0605
0 0.6475993998499625 0.6174999999999999 0.05138784696174037 0.05999999999999994
0 0.5937734433608401 0.6067499999999999 0.04576144036009 0.055499999999999994
0 0.5825206301575394 0.5329999999999999 0.05176294073518384 0.05300000000000005
0 0.6010877719429857 0.49375 0.04988747186796705 0.0625
0 0.5607651912978244 0.44875 0.050262565641410406 0.058499999999999996
0 0.5594523630907727 0.389 0.046886721680420074 0.07
0 0.6042760690172544 0.38825 0.04951237809452358 0.0655
0 0.5928357089272318 0.33599999999999997 0.04538634658664664 0.068
0 0.5789572393098275 0.23 0.04988747186796694 0.07100000000000001
0 0.6202175543885972 0.26725 0.04613653413353336 0.058499999999999996
0 0.6102775693923481 0.20925 0.0547636909227307 0.0695
0 0.5993998499624906 0.145 0.05176294073518384 0.075
0 0.5630157539384846 0.07150000000000001 0.04576144036009 0.075
0 0.6108402100525132 0.06275 0.052138034508627196 0.07650000000000001
0 0.7149287321830458 0.12175 0.052513128282070554 0.09050000000000001
0 0.7636909227306827 0.11349999999999999 0.05101275318829701 0.06999999999999999
0 0.7938859714928732 0.169 0.05138784696174037 0.067
0 0.7357464366091523 0.1965 0.048387096774193505 0.067
0 0.799324831207802 0.22575 0.057764441110277565 0.04849999999999999
0 0.7319954988747186 0.258 0.04988747186796705 0.05799999999999997
0 0.6858589647411852 0.27375 0.04538634658664675 0.0685
0 0.769317329332333 0.3185 0.04351087771942985 0.063
0 0.7156789197299325 0.31975 0.052513128282070554 0.055499999999999994
0 0.644973743435859 0.34475 0.043135783945986494 0.0645
0 0.674231057764441 0.39275 0.050637659414853764 0.0695
0 0.7593773443360841 0.38725 0.046886721680420074 0.07050000000000001
0 0.8259564891222806 0.34825 0.048762190547636974 0.057499999999999996
0 0.9105401350337584 0.32425 0.03638409602400605 0.0675
0 0.9699924981245311 0.388 0.0547636909227307 0.07600000000000001
0 0.8942235558889722 0.44875 0.046511627906976716 0.0655
0 0.836271567891973 0.42025 0.0528882220555138 0.0635
0 0.7878844711177795 0.43475 0.04913728432108033 0.0635
0 0.7511252813203301 0.477 0.04913728432108022 0.06899999999999995
0 0.7190547636909228 0.49975 0.04726181545386343 0.0645
0 0.6704801200300075 0.49625 0.04988747186796705 0.0695
0 0.6837959489872467 0.56175 0.046511627906976716 0.057499999999999996
0 0.7273068267066767 0.5585 0.04726181545386354 0.05699999999999994
0 0.7670667666916728 0.5427500000000001 0.04201050262565642 0.0675
0 0.813953488372093 0.49124999999999996 0.04576144036009011 0.062499999999999944
0 0.8420855213803451 0.5345 0.045011252813203395 0.06600000000000006
0 0.8842835708927231 0.5285 0.04388597149287321 0.05900000000000005
0 0.8066391597899475 0.5845 0.04988747186796694 0.05899999999999994
0 0.7530007501875469 0.60525 0.048387096774193505 0.0625
0 0.7198049512378095 0.6407499999999999 0.05251312828207044 0.0595
0 0.6674793698424606 0.6655 0.04913728432108022 0.06800000000000006
0 0.6612903225806452 0.752 0.04876219054763686 0.06600000000000006
