0 0.09621155288822206 0.6347499999999999 0.06639159789947487 0.07150000000000001
0 0.14609902475618905 0.5660000000000001 0.06189047261815456 0.07599999999999996
0 0.14309827456864216 0.482 0.06264066016504126 0.08600000000000002
0 0.14834958739684923 0.39075 0.0671417854463616 0.07850000000000001
0 0.19411102775693923 0.327 0.06489122280570142 0.09299999999999997
0 0.23518379594898725 0.26725 0.06151537884471117 0.0915
0 0.2625656414103526 0.35350000000000004 0.05551387846961742 0.07700000000000001
0 0.21249062265566393 0.4105 0.06639159789947488 0.07700000000000001
0 0.2108027006751688 0.5615 0.06676669167291821 0.07499999999999996
0 0.17891972993248312 0.6395 0.06901725431357841 0.061000000000000054
0 0.30438859714928734 0.27725 0.068642160540135 0.0935
0 0.37603150787696926 0.266 0.06114028507126784 0.089
0 0.3267066766691673 0.36124999999999996 0.06751687921980493 0.09149999999999997
0 0.38728432108027006 0.33975 0.05738934733683421 0.07950000000000002
0 0.28957239309827454 0.42500000000000004 0.060765191297824483 0.08300000000000002
0 0.25618904726181546 0.49424999999999997 0.06451612903225803 0.07649999999999996
0 0.2788822205551388 0.5609999999999999 0.05663915978994749 0.08100000000000007
0 0.2663165791447862 0.65 0.05326331582895724 0.07499999999999996
0 0.34114778694673664 0.71625 0.052888222055513856 0.08550000000000002
0 0.32258064516129037 0.6087499999999999 0.05026256564141035 0.07750000000000001
0 0.3252063015753939 0.5155 0.062265566391597915 0.07400000000000001
0 0.3503375843960991 0.444 0.06376594148537135 0.07999999999999996
0 0.4032258064516129 0.41375 0.06001500375093777 0.07850000000000001
0 0.40960240060015 0.5055000000000001 0.057764441110277565 0.07900000000000001
0 0.37546886721680417 0.593 0.062265566391597915 0.08999999999999997
0 0.39159789947486867 0.65525 0.05026256564141035 0.0714999999999999
0 0.4163540885221305 0.70375 0.0547636909227307 0.0645
0 0.4322955738934734 0.595 0.05813953488372098 0.07599999999999996
0 0.4608027006751688 0.53025 0.05588897224306072 0.07050000000000001
0 0.463615903975994 0.432 0.05701425356339085 0.08299999999999996
0 0.48949737434358587 0.3705 0.05701425356339079 0.07899999999999996
0 0.5361965491372843 0.34675 0.05063765941485365 0.0675
0 0.5253188297074269 0.43425 0.05363840960240063 0.07849999999999996
0 0.5071267816954238 0.4985 0.0525131282820705 0.06399999999999995
0 0.4936234058514629 0.57725 0.05626406601650419 0.07050000000000001
0 0.48518379594898725 0.6535 0.05738934733683421 0.07799999999999996
0 0.46511627906976744 0.7215 0.05326331582895727 0.06700000000000006
0 0.5127531882970743 0.7725 0.048762190547636974 0.07199999999999995
0 0.5549512378094523 0.723 0.050637659414853764 0.05499999999999994
0 0.5146286571642911 0.68475 0.05326331582895727 0.0655
0 0.5371342835708928 0.6307499999999999 0.050262565641410295 0.0675
0 0.572768192048012 0.6655 0.04651162790697683 0.06400000000000006
0 0.5855213803450863 0.60125 0.054013503375843985 0.07050000000000001
0 0.5583270817704427 0.546 0.055888972243060775 0.07900000000000007
0 0.5630157539384846 0.46875 0.05251312828207044 0.07250000000000001
0 0.6063390847711928 0.42425 0.0528882220555138 0.07950000000000002
0 0.6661665416354088 0.35750000000000004 0.05176294073518373 0.07400000000000001
0 0.6408477119279821 0.488 0.05138784696174048 0.06899999999999995
0 0.6972993248312078 0.4345 0.052513128282070554 0.063
0 0.6952363090772693 0.51 0.048387096774193505 0.07300000000000001
0 0.6320330082520631 0.55675 0.04951237809452358 0.07050000000000001
0 0.6644786196549137 0.575 0.04763690922730679 0.06300000000000006
0 0.6290322580645161 0.6327499999999999 0.05326331582895727 0.0695
0 0.6768567141785446 0.66325 0.053638409602400516 0.0685
0 0.61496624156039 0.68675 0.055888972243060775 0.0675
0 0.6033383345836458 0.74975 0.04988747186796705 0.0605
0 0.650787696924231 0.72175 0.050262565641410295 0.0625
0 0.6674793698424606 0.7902499999999999 0.04613653413353336 0.0655
0 0.7063015753938484 0.73275 0.045011252813203284 0.0655
0 0.7453113278319581 0.72925 0.03975993998499627 0.058499999999999996
0 0.7239309827456863 0.6725 0.04051012753188299 0.07400000000000007
0 0.713615903975994 0.61375 0.04538634658664675 0.0675
0 0.7346211552888222 0.5555 0.04763690922730679 0.07299999999999995
0 0.737059264816204 0.372 0.04876219054763686 0.07599999999999996
0 0.780570142535634 0.372 0.05326331582895727 0.06999999999999995
0 0.7561890472618155 0.43 0.04651162790697683 0.07799999999999996
0 0.8081395348837209 0.45275 0.04763690922730679 0.07450000000000001
0 0.7638784696174044 0.495 0.04238559639909978 0.07499999999999996
0 0.8237059264816204 0.51825 0.04951237809452358 0.0605
0 0.7891972993248313 0.57375 0.04951237809452358 0.07250000000000001
0 0.7503750937734434 0.61575 0.04388597149287321 0.0665
0 0.7886346586646662 0.6837500000000001 0.04238559639909978 0.0635
0 0.8148912228057015 0.6247499999999999 0.04238559639909978 0.0635
0 0.8282070517629407 0.68025 0.04651162790697683 0.0665
0 0.8555888972243061 0.43175 0.048762190547636974 0.0655
0 0.8704051012753189 0.4985 0.0476369092273069 0.06799999999999995
0 0.8968492123030758 0.52425 0.05176294073518384 0.0665
0 0.8524006001500375 0.56575 0.052138034508627085 0.0635
0 0.8880345086271568 0.583 0.039384846211552915 0.05999999999999994
0 0.8554013503375844 0.622 0.04388597149287321 0.06299999999999994
