0 0.2394973743435859 0.87325 0.047636909227306845 0.046499999999999986
0 0.27363090772693177 0.82275 0.03563390847711928 0.044499999999999984
0 0.331020255063766 0.885 0.0453863465866467 0.04400000000000004
0 0.3608402100525131 0.84425 0.03600900225056264 0.045499999999999985
0 0.3835333833458365 0.813 0.028882220555138782 0.04399999999999993
0 0.25131282820705175 0.76025 0.04126031507876968 0.044499999999999984
0 0.27813203300825207 0.7585 0.02588147036759192 0.04500000000000004
0 0.2059264816204051 0.69225 0.04501125281320331 0.046499999999999986
0 0.23049512378094525 0.65125 0.04988747186796699 0.04849999999999999
0 0.25356339084771196 0.6890000000000001 0.05026256564141035 0.04999999999999993
0 0.299887471867967 0.7065 0.04238559639909978 0.040999999999999925
0 0.33477119279819956 0.76525 0.043135783945986494 0.04349999999999998
0 0.36234058514628653 0.7525 0.038259564891222786 0.04399999999999993
0 0.38728432108027006 0.74075 0.03113278319579893 0.03249999999999997
0 0.2893848462115529 0.6597500000000001 0.04238559639909972 0.044500000000000095
0 0.3505251312828207 0.6797500000000001 0.03338334583645908 0.04149999999999998
0 0.16147786946736684 0.538 0.04838709677419356 0.05500000000000005
0 0.21324081020255065 0.563 0.04763690922730682 0.04700000000000004
0 0.2730682670667667 0.58175 0.04726181545386349 0.04849999999999999
0 0.2828207051762941 0.61875 0.05026256564141035 0.044499999999999984
0 0.30457614403600897 0.5587500000000001 0.049512378094523635 0.045499999999999985
0 0.31189047261815456 0.585 0.043135783945986494 0.04400000000000004
0 0.3306451612903226 0.63375 0.03938484621155286 0.05049999999999999
0 0.3587771942985747 0.60225 0.04688672168042013 0.04949999999999999
0 0.3621530382595649 0.65725 0.04388597149287321 0.045500000000000096
0 0.3850337584396099 0.68625 0.0386346586646662 0.04749999999999999
0 0.3951612903225806 0.70275 0.03563390847711928 0.03949999999999998
0 0.42385596399099773 0.7085 0.030757689422355572 0.040000000000000036
0 0.42085521380345087 0.7475 0.03825956489122284 0.039000000000000035
0 0.42104276069017255 0.7835 0.0386346586646662 0.04200000000000004
0 0.42929482370592653 0.82625 0.03563390847711928 0.03649999999999998
0 0.4769317329332333 0.88375 0.034883720930232565 0.03949999999999998
0 0.5193173293323331 0.891 0.039384846211552915 0.040999999999999925
0 0.454801200300075 0.7797499999999999 0.03713428357089271 0.03850000000000009
0 0.4568642160540135 0.74725 0.03525881470367592 0.03649999999999998
0 0.21342835708927232 0.44699999999999995 0.04876219054763692 0.05099999999999999
0 0.24962490622655664 0.45375 0.03713428357089274 0.05449999999999999
0 0.25056264066016504 0.398 0.04876219054763689 0.05299999999999999
0 0.2173668417104276 0.32999999999999996 0.051387846961740424 0.061
0 0.24118529632408103 0.28275 0.054013503375843985 0.0635
0 0.27494373593398347 0.31799999999999995 0.04876219054763692 0.059
0 0.3117029257314329 0.38025 0.051012753188297066 0.055499999999999994
0 0.2965116279069767 0.4315 0.04913728432108028 0.059
0 0.29988747186796694 0.48024999999999995 0.04988747186796699 0.05849999999999994
0 0.34846211552888223 0.48075 0.03975993998499627 0.056499999999999995
0 0.3840960240060015 0.53075 0.04576144036009 0.0485000000000001
0 0.421980495123781 0.645 0.036759189797449354 0.04600000000000004
0 0.4257314328582146 0.67375 0.0390097524381095 0.034499999999999975
0 0.44317329332333083 0.6372500000000001 0.022880720180045055 0.04949999999999999
0 0.41335333833458365 0.5575 0.045011252813203284 0.04400000000000004
0 0.427231807951988 0.51675 0.045011252813203284 0.04949999999999999
0 0.38315828957239306 0.44875 0.047636909227306845 0.055499999999999994
0 0.40585146286571644 0.45499999999999996 0.027006751687921993 0.04999999999999999
0 0.3124531132783196 0.262 0.0547636909227307 0.06899999999999998
0 0.35783945986496624 0.24275000000000002 0.05026256564141035 0.06250000000000003
0 0.34414853713428356 0.33399999999999996 0.05513878469617406 0.063
0 0.35015003750937734 0.38025 0.04538634658664664 0.050500000000000045
0 0.3891597899474869 0.30500000000000005 0.04838709677419356 0.05299999999999999
0 0.40247561890472616 0.35475 0.04876219054763692 0.05249999999999999
0 0.4442985746436609 0.435 0.04388597149287321 0.05500000000000005
0 0.4566766691672918 0.5365 0.03713428357089277 0.04500000000000004
0 0.44317329332333083 0.592 0.0386346586646662 0.052000000000000046
0 0.4857464366091523 0.6012500000000001 0.03450862715678915 0.04749999999999999
0 0.47093023255813954 0.6355 0.043135783945986494 0.04300000000000004
0 0.46942985746436605 0.67625 0.03263315828957242 0.045499999999999985
0 0.46230307576894225 0.7172499999999999 0.03563390847711928 0.04349999999999998
0 0.4754313578394599 0.745 0.022880720180045 0.040999999999999925
0 0.5033758439609902 0.755 0.03600900225056258 0.04400000000000004
0 0.5303825956489122 0.7965 0.03150787696924229 0.03600000000000003
0 0.5551387846961741 0.7847500000000001 0.030757689422355572 0.034500000000000086
0 0.5371342835708928 0.7645 0.032258064516129115 0.03399999999999992
0 0.5129407351837959 0.7195 0.034883720930232565 0.04300000000000004
0 0.5632033008252063 0.7505 0.03188297074268576 0.03599999999999992
0 0.5738934733683421 0.7715 0.026256564141035277 0.03400000000000003
0 0.5948987246811703 0.74575 0.03825956489122284 0.044499999999999984
0 0.5525131282820706 0.7055 0.03300825206301572 0.029000000000000026
0 0.5172543135783946 0.659 0.0367591897974493 0.04300000000000004
0 0.5478244561140285 0.68475 0.037884471117779484 0.04049999999999998
0 0.5157539384846211 0.6165 0.033758439609902435 0.04500000000000004
0 0.41916729182295576 0.19825 0.04838709677419356 0.0635
0 0.4201050262565641 0.26749999999999996 0.049512378094523635 0.065
0 0.4347336834208552 0.31025 0.046511627906976716 0.06849999999999995
0 0.4602400600150037 0.3705 0.0480120030007502 0.051000000000000045
0 0.47936984246061515 0.391 0.041260315078769705 0.04899999999999999
0 0.4748687171792948 0.44675 0.044261065266316624 0.045499999999999985
0 0.47655663915978996 0.504 0.04013503375843963 0.05099999999999999
0 0.5048762190547638 0.5135000000000001 0.03900975243810956 0.04700000000000004
0 0.5069392348087022 0.55175 0.043135783945986494 0.05149999999999999
0 0.5324456114028507 0.5655 0.035633908477119336 0.04699999999999993
0 0.5590772693173294 0.624 0.035633908477119225 0.040999999999999925
0 0.5611402850712679 0.6439999999999999 0.036009002250562694 0.03300000000000003
0 0.5843960990247562 0.6945 0.032258064516129004 0.040000000000000036
0 0.5845836459114779 0.6435 0.031882970742685646 0.041999999999999926
0 0.6106526631657915 0.69 0.032258064516129004 0.03799999999999992
0 0.6235933983495874 0.7210000000000001 0.030382595648912214 0.041000000000000036
0 0.6440360090022506 0.7205 0.02925731432858214 0.03600000000000003
0 0.6374718679669917 0.68775 0.03263315828957247 0.03649999999999998
0 0.626219054763691 0.6635 0.035633908477119225 0.03700000000000003
0 0.5947111777944486 0.608 0.035633908477119336 0.03699999999999992
0 0.5390097524381096 0.517 0.032258064516129004 0.044999999999999984
0 0.5108777194298575 0.46125 0.03975993998499622 0.04849999999999999
0 0.5780195048762191 0.5507500000000001 0.03450862715678926 0.045499999999999985
0 0.6412228057014253 0.6287499999999999 0.028882220555138782 0.04349999999999998
0 0.6521005251312828 0.6465000000000001 0.01987996999249808 0.041000000000000036
0 0.4311702925731433 0.12475 0.047636909227306845 0.0655
0 0.45836459114778694 0.1515 0.04426106526631657 0.056999999999999995
0 0.4551762940735184 0.23475000000000001 0.043135783945986494 0.059500000000000025
0 0.4711177794448612 0.2935 0.04276069017254314 0.057999999999999996
0 0.4986871717929482 0.33399999999999996 0.04463615903975987 0.05399999999999999
0 0.5318829707426858 0.41925 0.046511627906976716 0.056499999999999995
0 0.5470742685671418 0.45475 0.04013503375843963 0.04749999999999999
0 0.5600150037509377 0.47725 0.03450862715678915 0.045499999999999985
0 0.596774193548387 0.50075 0.03975993998499627 0.04749999999999999
0 0.6194673668417104 0.5237499999999999 0.03638409602400605 0.04149999999999998
0 0.6192798199549887 0.556 0.036009002250562694 0.039999999999999925
0 0.6153413353338335 0.58175 0.03263315828957236 0.033500000000000085
0 0.6442235558889722 0.565 0.03413353338334579 0.049000000000000044
0 0.6787321830457616 0.6032500000000001 0.028882220555138782 0.034500000000000086
0 0.6843585896474118 0.56525 0.035633908477119225 0.04349999999999998
0 0.7121155288822205 0.58975 0.030382595648912214 0.04150000000000009
0 0.6425356339084771 0.5189999999999999 0.021005251312828266 0.029000000000000026
0 0.635596399099775 0.50075 0.030382595648912325 0.028500000000000025
0 0.6361590397599399 0.47975 0.037509377344336126 0.04549999999999993
0 0.6009002250562641 0.46175 0.039009752438109446 0.04749999999999999
0 0.508814703675919 0.23725000000000002 0.04238559639909978 0.05750000000000002
0 0.5185671417854464 0.27425 0.0453863465866467 0.05449999999999999
0 0.5247561890472618 0.1775 0.04351087771942985 0.059
0 0.5448237059264817 0.2285 0.043135783945986494 0.057999999999999996
0 0.5600150037509377 0.15725 0.04201050262565642 0.05049999999999999
0 0.5800825206301575 0.19475 0.04238559639909978 0.05249999999999999
0 0.5692048012003 0.27325 0.04613653413353336 0.056499999999999995
0 0.5575768942235559 0.3275 0.03788447111777937 0.05199999999999999
0 0.5890847711927982 0.30075 0.0386346586646662 0.056499999999999995
0 0.5714553638409603 0.35925 0.04238559639909967 0.05049999999999999
0 0.602775693923481 0.39875 0.04051012753188299 0.05249999999999999
0 0.6363465866466617 0.4195 0.037884471117779484 0.045999999999999985
0 0.6650412603150788 0.47675 0.028507126781695424 0.04749999999999993
0 0.6879219804951238 0.50325 0.037509377344336015 0.044499999999999984
0 0.668417104276069 0.5155 0.028507126781695424 0.03999999999999998
0 0.7168042010502625 0.5375 0.032258064516129004 0.04400000000000004
0 0.7593773443360841 0.587 0.029632408102025498 0.04300000000000004
0 0.6123405851462866 0.34225 0.03863465866466609 0.05449999999999999
0 0.6440360090022506 0.34725 0.032258064516129004 0.05249999999999999
0 0.6466616654163541 0.367 0.032258064516129004 0.04799999999999999
0 0.6243435858964741 0.25625 0.04763690922730679 0.055499999999999966
0 0.6303450862715679 0.29400000000000004 0.04013503375843963 0.045999999999999985
0 0.6624156039009752 0.29700000000000004 0.03900975243810956 0.059
0 0.6526631657914479 0.24725000000000003 0.03825956489122284 0.058500000000000024
0 0.6697299324831207 0.31475 0.031882970742685646 0.04250000000000004
0 0.6862340585146287 0.37775000000000003 0.03488372093023251 0.04850000000000004
0 0.7156789197299325 0.39175 0.03150787696924229 0.05149999999999999
0 0.6918604651162791 0.441 0.0386346586646662 0.049000000000000044
0 0.7079894973743436 0.47525 0.035633908477119336 0.04249999999999998
0 0.7295573893473368 0.503 0.03150787696924229 0.03899999999999998
0 0.7468117029257315 0.469 0.036009002250562694 0.05399999999999999
0 0.7304951237809452 0.42625 0.03638409602400594 0.04949999999999999
0 0.7479369842460615 0.5137499999999999 0.02775693923480871 0.045499999999999985
0 0.7537509377344336 0.4145 0.029632408102025498 0.04099999999999998
0 0.7528132033008252 0.36925 0.03525881470367598 0.05449999999999999
0 0.7768192048012003 0.38725 0.030007501875468856 0.05249999999999999
0 0.8147036759189797 0.365 0.0367591897974493 0.04799999999999999
0 0.796324081020255 0.317 0.03900975243810956 0.052000000000000046
0 0.7181170292573142 0.2955 0.03413353338334579 0.04899999999999999
0 0.6929857464366092 0.26425 0.0386346586646662 0.04849999999999999
0 0.745311327831958 0.257 0.03525881470367587 0.05199999999999996
0 0.6963615903975994 0.222 0.037884471117779484 0.05299999999999999
0 0.6181545386346587 0.1335 0.04576144036009 0.06000000000000001
0 0.6597899474868718 0.13075 0.03900975243810956 0.0615
0 0.6588522130532634 0.183 0.04388597149287321 0.05199999999999999
0 0.7055513878469617 0.161 0.037509377344336126 0.063
0 0.7342460615153789 0.17425000000000002 0.037884471117779484 0.05350000000000002
