0 0.05926481620405102 0.7112499999999999 0.06601650412603151 0.07550000000000001
0 0.10596399099774945 0.751 0.06564141035258815 0.062000000000000055
0 0.16447861965491373 0.73675 0.06864216054013506 0.0605
0 0.08645911477869467 0.6527499999999999 0.05588897224306076 0.0695
0 0.14328582145536384 0.6612499999999999 0.06376594148537135 0.07150000000000001
0 0.21099024756189047 0.67675 0.06639159789947485 0.07050000000000001
0 0.2760690172543136 0.6845 0.060765191297824456 0.06800000000000006
0 0.3525881470367592 0.6825 0.06376594148537135 0.07800000000000007
0 0.4129782445611403 0.69675 0.061515378844711144 0.07650000000000001
0 0.48874718679669915 0.72375 0.05551387846961736 0.0754999999999999
0 0.5481995498874719 0.7535000000000001 0.052138034508627085 0.06999999999999995
0 0.6121530382595649 0.7925 0.0547636909227307 0.06899999999999995
0 0.5963990997749438 0.696 0.05176294073518384 0.07300000000000006
0 0.5483870967741935 0.665 0.06226556639159797 0.06399999999999995
0 0.4872468117029257 0.655 0.057764441110277565 0.07699999999999996
0 0.43023255813953487 0.629 0.059264816204050996 0.07299999999999995
0 0.3696549137284321 0.605 0.05513878469617406 0.07000000000000006
0 0.30120030007501875 0.626 0.06301575393848463 0.07099999999999995
0 0.10427606901725431 0.5885 0.0660165041260315 0.05899999999999994
0 0.1828582145536384 0.60025 0.0641410352588147 0.0685
0 0.22955738934733683 0.5642499999999999 0.07276819204801199 0.07950000000000002
0 0.32126781695423856 0.5509999999999999 0.07014253563390849 0.08199999999999996
0 0.4118529632408102 0.5555 0.06376594148537135 0.07699999999999996
0 0.48593398349587397 0.5760000000000001 0.06264066016504122 0.08100000000000007
0 0.5470742685671418 0.59575 0.06489122280570148 0.08050000000000002
0 0.5920855213803451 0.55775 0.055888972243060775 0.08050000000000002
0 0.6145911477869468 0.49575 0.05888972243060764 0.09250000000000003
0 0.6061515378844711 0.40125 0.0637659414853714 0.09250000000000003
0 0.5609527381845462 0.45275 0.06789197299324834 0.08350000000000002
0 0.503563390847712 0.4145 0.061140285071267786 0.08100000000000002
0 0.5022505626406601 0.49375 0.06901725431357847 0.08650000000000002
0 0.4450487621905477 0.49550000000000005 0.06489122280570142 0.07700000000000001
0 0.3737809452363091 0.50025 0.06714178544636157 0.07649999999999996
0 0.28394598649662417 0.48775 0.06676669167291821 0.07349999999999995
0 0.2061140285071268 0.48250000000000004 0.06864216054013503 0.07900000000000001
0 0.14141035258814705 0.50925 0.072768192048012 0.08249999999999996
0 0.07126781695423856 0.5227499999999999 0.06826706676669167 0.08049999999999996
0 0.10221305326331584 0.40575 0.06414103525881472 0.08650000000000002
0 0.15941485371342834 0.39549999999999996 0.07426856714178545 0.09000000000000002
0 0.1532258064516129 0.2735 0.06489122280570142 0.096
0 0.21680420105026257 0.3145 0.07726931732933234 0.09799999999999998
0 0.2396849212303076 0.4085 0.07126781695423859 0.09000000000000002
0 0.27663165791447863 0.24775 0.06639159789947485 0.09649999999999997
0 0.28788447111777943 0.33575 0.07389347336834207 0.10450000000000004
0 0.3330832708177044 0.4235 0.06676669167291821 0.09000000000000002
0 0.37696924231057766 0.35450000000000004 0.06001500375093771 0.08200000000000002
0 0.340960240060015 0.28125 0.0660165041260315 0.0945
0 0.3992873218304576 0.2355 0.07464366091522878 0.10499999999999998
0 0.45967741935483875 0.1825 0.07464366091522884 0.11099999999999999
0 0.45142535633908476 0.2925 0.06339084771192799 0.08400000000000002
0 0.44129782445611404 0.39025 0.07164291072768192 0.08850000000000002
0 0.5103150787696924 0.25575 0.0753938484621155 0.0985
0 0.5496999249812453 0.3325 0.06189047261815461 0.09700000000000003
0 0.6087771942985747 0.3 0.0637659414853714 0.09099999999999997
0 0.6746061515378845 0.2575 0.07464366091522878 0.094
0 0.7488747186796699 0.23175 0.06789197299324834 0.09750000000000003
0 0.8505251312828207 0.25875 0.06789197299324834 0.08449999999999999
0 0.9022880720180044 0.23725 0.06414103525881465 0.08849999999999997
0 0.6967366841710427 0.32775 0.07014253563390849 0.08450000000000002
0 0.798762190547637 0.33199999999999996 0.0746436609152289 0.09100000000000003
0 0.9019129782445612 0.3325 0.05663915978994749 0.08400000000000002
0 0.6716054013503376 0.42175 0.06714178544636151 0.09150000000000003
0 0.7396849212303076 0.40825 0.0682670667666917 0.08650000000000002
0 0.8154538634658665 0.38925 0.05626406601650413 0.07950000000000002
0 0.8535258814703677 0.44775 0.05663915978994749 0.07650000000000001
0 0.926669167291823 0.4315 0.06264066016504122 0.08099999999999996
0 0.8947861965491373 0.51625 0.07314328582145535 0.07650000000000001
0 0.8042010502625656 0.50625 0.057764441110277565 0.07350000000000007
0 0.7648162040510128 0.46825 0.057764441110277565 0.07950000000000002
0 0.6710427606901725 0.523 0.06451612903225801 0.069
0 0.6607276819204801 0.5825 0.05888972243060764 0.07600000000000007
0 0.7248687171792949 0.54375 0.05138784696174048 0.08050000000000002
0 0.8454613653413354 0.5882499999999999 0.0682670667666917 0.0744999999999999
0 0.72655663915979 0.61675 0.06226556639159786 0.08050000000000002
0 0.654351087771943 0.6775 0.059639909977494354 0.07699999999999996
0 0.7040510127531883 0.6955 0.06226556639159786 0.06800000000000006
