0 0.7886346586646662 0.55775 0.055888972243060775 0.08450000000000002
0 0.785821455363841 0.63225 0.05101275318829712 0.08550000000000002
0 0.7623780945236309 0.70375 0.05438859714928734 0.08650000000000002
0 0.7381845461365342 0.7805 0.05851462865716428 0.09499999999999997
0 0.690735183795949 0.87 0.059639909977494354 0.08699999999999997
0 0.649662415603901 0.8255 0.055513878469617306 0.09899999999999998
0 0.6847336834208553 0.7525 0.06264066016504122 0.07999999999999996
0 0.7228057014253564 0.66125 0.05326331582895716 0.08850000000000002
0 0.7355588897224306 0.5720000000000001 0.05701425356339085 0.08799999999999997
0 0.746436609152288 0.498 0.037509377344336126 0.06299999999999994
0 0.7368717179294824 0.3355 0.04388597149287321 0.09100000000000003
0 0.7398724681170292 0.42825 0.05288822205551391 0.09449999999999997
0 0.7153038259564891 0.513 0.05326331582895727 0.09000000000000002
0 0.6946736684171043 0.6067499999999999 0.054013503375843985 0.08350000000000002
0 0.6734808702175543 0.67425 0.05888972243060764 0.08850000000000002
0 0.6911102775693923 0.25925 0.05813953488372092 0.0915
0 0.6903600900225056 0.41025 0.04988747186796694 0.09750000000000003
0 0.6618529632408101 0.49650000000000005 0.055888972243060775 0.09900000000000003
0 0.6174043510877719 0.573 0.05626406601650413 0.07599999999999996
0 0.6025881470367592 0.642 0.04238559639909978 0.09099999999999997
0 0.559264816204051 0.6965 0.06451612903225801 0.08699999999999997
0 0.563390847711928 0.78525 0.07576894223555886 0.09250000000000003
0 0.6007126781695424 0.5 0.06489122280570137 0.07600000000000001
0 0.6256564141035259 0.41200000000000003 0.057764441110277565 0.09200000000000003
0 0.6659789947486872 0.34075 0.06189047261815461 0.08950000000000002
0 0.6232183045761441 0.20350000000000001 0.06039009752438107 0.07999999999999999
0 0.5962115528882221 0.27575 0.055888972243060775 0.08150000000000002
0 0.5772693173293323 0.35225 0.05701425356339085 0.09750000000000003
0 0.5397599399849962 0.4335 0.06526631657914483 0.08599999999999997
0 0.5225056264066017 0.51825 0.06376594148537135 0.08949999999999997
0 0.5352588147036759 0.60225 0.06901725431357841 0.08649999999999991
0 0.4761815453863466 0.68275 0.07539384846211555 0.08550000000000002
0 0.418979744936234 0.6485000000000001 0.06751687921980493 0.10399999999999998
0 0.4602400600150037 0.5935 0.06376594148537135 0.10499999999999998
0 0.4606151537884471 0.486 0.06976744186046507 0.08899999999999997
0 0.4744936234058515 0.39549999999999996 0.06601650412603155 0.09000000000000002
0 0.5146286571642911 0.32525000000000004 0.06676669167291821 0.09449999999999997
0 0.5150037509377344 0.256 0.06076519129782443 0.08099999999999999
0 0.5530757689422355 0.16199999999999998 0.06789197299324834 0.08299999999999999
0 0.47768192048012004 0.145 0.06339084771192804 0.079
0 0.4619279819954989 0.1975 0.0708927231807952 0.089
0 0.4518004501125281 0.31025 0.06339084771192799 0.09749999999999998
0 0.40585146286571644 0.45399999999999996 0.07426856714178542 0.09200000000000003
0 0.40172543135783945 0.55175 0.06901725431357841 0.08450000000000002
0 0.3447111777944486 0.61825 0.0750187546886722 0.10150000000000003
0 0.32033008252063017 0.506 0.07201800450112528 0.10200000000000004
0 0.3304576144036009 0.42025 0.06976744186046513 0.11049999999999999
0 0.386721680420105 0.353 0.07126781695423856 0.10200000000000004
0 0.38447111777944487 0.249 0.07276819204801199 0.09999999999999998
0 0.3957239309827457 0.16175 0.0802700675168792 0.09049999999999998
0 0.40885221305326336 0.10175 0.06301575393848463 0.0925
0 0.34639909977494376 0.1005 0.068642160540135 0.07900000000000001
0 0.322768192048012 0.184 0.06789197299324834 0.099
0 0.32558139534883723 0.3035 0.07951987996999249 0.10499999999999998
0 0.2603150787696924 0.57125 0.0697674418604651 0.09950000000000003
0 0.24774943735933985 0.46724999999999994 0.07539384846211553 0.10249999999999998
0 0.25975243810952736 0.35150000000000003 0.07089272318079518 0.10200000000000004
0 0.2567516879219805 0.2475 0.07989497374343588 0.10499999999999998
0 0.2730682670667667 0.10875 0.06901725431357839 0.1005
0 0.2098649662415604 0.16225 0.07164291072768192 0.1025
0 0.17891972993248312 0.276 0.07801950487621906 0.092
0 0.18642160540135033 0.39775 0.0802700675168792 0.09950000000000003
