0 0.06001500375093773 0.58475 0.08027006751687922 0.11149999999999993
0 0.06451612903225806 0.665 0.08252063015753938 0.09099999999999997
0 0.13240810202550637 0.66275 0.08327081770442611 0.09449999999999992
0 0.12809452363090773 0.758 0.08664666166541636 0.10999999999999999
0 0.1740435108777194 0.8775 0.08927231807951988 0.09500000000000008
0 0.25543885971492875 0.86775 0.08777194298574645 0.10950000000000004
0 0.3619654913728432 0.8480000000000001 0.07426856714178548 0.11199999999999999
0 0.4279819954988747 0.8195 0.07351837959489871 0.10400000000000009
0 0.21999249812453114 0.70275 0.08289572393098277 0.09450000000000003
0 0.2946361590397599 0.711 0.07914478619654913 0.09899999999999998
0 0.37190547636909227 0.7444999999999999 0.08589647411852963 0.08799999999999997
0 0.1292198049512378 0.50725 0.09489872468117028 0.09550000000000003
0 0.1740435108777194 0.6045 0.09077269317329331 0.11299999999999999
0 0.2685671417854464 0.62375 0.0802700675168792 0.09550000000000003
0 0.3372093023255814 0.63775 0.0817704426106527 0.09550000000000003
0 0.43923480870217557 0.69625 0.08552138034508622 0.11150000000000004
0 0.5110652663165791 0.7070000000000001 0.0911477869467367 0.11199999999999999
0 0.5560765191297825 0.771 0.08664666166541635 0.10699999999999998
0 0.6288447111777944 0.813 0.08664666166541635 0.10999999999999999
0 0.7059264816204052 0.84175 0.07951987996999244 0.10650000000000004
0 0.7807576894223556 0.8345 0.07689422355588893 0.10799999999999998
0 0.8400225056264066 0.7989999999999999 0.08289572393098277 0.10999999999999999
0 0.17423105776444112 0.42474999999999996 0.08739684921230306 0.10149999999999998
0 0.25543885971492875 0.41300000000000003 0.08402100525131284 0.10200000000000004
0 0.32558139534883723 0.43325 0.08402100525131279 0.10349999999999998
0 0.25618904726181546 0.53 0.07876969242310575 0.11100000000000004
0 0.3486496624156039 0.53775 0.07464366091522878 0.11550000000000005
0 0.4096024006001501 0.46525 0.08177044261065264 0.09150000000000003
0 0.42010502625656415 0.57275 0.08402100525131284 0.10749999999999993
0 0.2996999249812453 0.29074999999999995 0.09527381845461369 0.10849999999999999
0 0.390285071267817 0.33275 0.082145536384096 0.10649999999999998
0 0.39459864966241565 0.23049999999999998 0.09452363090772692 0.11699999999999999
0 0.45817704426106526 0.317 0.09039759939984993 0.119
0 0.47580645161290325 0.4195 0.0776444111027757 0.10999999999999999
0 0.4814328582145536 0.509 0.0911477869467367 0.10200000000000004
0 0.5581395348837209 0.459 0.08477119279819956 0.10599999999999998
0 0.5356339084771193 0.34375 0.07351837959489871 0.11650000000000005
0 0.5121905476369092 0.20125 0.09264816204051013 0.1265
0 0.5828957239309828 0.257 0.08402100525131284 0.11099999999999999
0 0.6530382595648911 0.16475 0.10127531882970742 0.12450000000000001
0 0.755251312828207 0.18875 0.1069017254313579 0.1235
0 0.8220180045011253 0.23399999999999999 0.07689422355588893 0.124
0 0.6723555888972244 0.281 0.09264816204051007 0.11200000000000002
0 0.7597524381095273 0.31 0.08964741185296321 0.11199999999999999
0 0.6310952738184545 0.36775 0.09114778694673664 0.10649999999999998
0 0.6511627906976745 0.45125 0.07876969242310572 0.11449999999999994
0 0.599212303075769 0.5347500000000001 0.08664666166541635 0.10150000000000003
0 0.5365716429107277 0.59825 0.082145536384096 0.10550000000000004
0 0.581020255063766 0.6695 0.06976744186046513 0.119
0 0.6490997749437359 0.7135 0.08664666166541635 0.10499999999999998
0 0.6494748687171793 0.6145 0.07689422355588893 0.11199999999999999
0 0.6952363090772693 0.53175 0.0753938484621155 0.10750000000000004
0 0.7469992498124531 0.41375 0.09189797449362347 0.10050000000000003
0 0.8351462865716429 0.4165 0.07689422355588893 0.11299999999999999
0 0.849212303075769 0.50125 0.07876969242310572 0.10750000000000004
0 0.7715678919729932 0.52525 0.08327081770442613 0.10450000000000004
0 0.7387471867966992 0.6192500000000001 0.0753938484621155 0.10950000000000004
0 0.8070142535633908 0.621 0.07689422355588893 0.09699999999999998
0 0.8921605401350338 0.60225 0.07689422355588893 0.11350000000000005
0 0.7303075768942235 0.73675 0.07801950487621911 0.10349999999999993
0 0.799324831207802 0.7222500000000001 0.07876969242310583 0.10849999999999993
0 0.8863465866466617 0.71425 0.0817704426106527 0.08950000000000002
