0 0.1265941485371343 0.31975 0.0536384096024006 0.07749999999999996
0 0.16166541635408854 0.27275 0.05476369092273067 0.07050000000000001
0 0.22168042010502625 0.30300000000000005 0.04876219054763692 0.07700000000000001
0 0.2721305326331583 0.27675 0.06264066016504125 0.0675
0 0.31451612903225806 0.3145 0.059639909977494354 0.07799999999999996
0 0.29932483120780196 0.21475 0.054013503375843985 0.08250000000000002
0 0.33870967741935487 0.1785 0.06451612903225806 0.08199999999999999
0 0.36459114778694673 0.27475 0.06076519129782443 0.07750000000000001
0 0.37115528882220555 0.352 0.06039009752438107 0.066
0 0.42010502625656415 0.31899999999999995 0.045011252813203284 0.07400000000000001
0 0.2854463615903976 0.388 0.05326331582895727 0.07100000000000001
0 0.18454613653413354 0.35350000000000004 0.051012753188297066 0.062
0 0.1965491372843211 0.4245 0.060765191297824456 0.07500000000000001
0 0.06470367591897974 0.44275 0.05063765941485371 0.07649999999999996
0 0.11140285071267816 0.50275 0.04726181545386347 0.06650000000000006
0 0.15022505626406601 0.48950000000000005 0.04688672168042013 0.07300000000000001
0 0.11477869467366841 0.56525 0.05401350337584397 0.0615
0 0.1562265566391598 0.55575 0.052888222055513884 0.07050000000000001
0 0.19861215303825958 0.5555 0.06264066016504125 0.07899999999999996
0 0.25412603150787694 0.49050000000000005 0.04913728432108028 0.069
0 0.29932483120780196 0.5225 0.03900975243810956 0.07300000000000006
0 0.32876969242310583 0.46875 0.04988747186796699 0.07149999999999995
0 0.3666541635408852 0.41975 0.05738934733683421 0.0695
0 0.3790322580645161 0.50025 0.0618904726181545 0.07449999999999996
0 0.2623780945236309 0.5907500000000001 0.04988747186796699 0.0655
0 0.15922730682670666 0.61775 0.04913728432108025 0.0645
0 0.07633158289572393 0.6715 0.05663915978994749 0.07000000000000006
0 0.15172543135783945 0.6872499999999999 0.0536384096024006 0.0655
0 0.2040510127531883 0.65425 0.05851462865716428 0.07050000000000001
0 0.2357464366091523 0.7 0.05663915978994749 0.06900000000000006
0 0.18435858964741186 0.7757499999999999 0.05588897224306075 0.0615
0 0.23218304576144036 0.7845 0.04876219054763692 0.06499999999999995
0 0.30682670667666917 0.725 0.0547636909227307 0.06899999999999995
0 0.33383345836459116 0.74125 0.04201050262565642 0.056499999999999995
0 0.36702925731432856 0.6975 0.05738934733683421 0.06600000000000006
0 0.36552888222055513 0.78925 0.039384846211552915 0.0635
0 0.41091522880720177 0.6307499999999999 0.04838709677419356 0.07150000000000001
0 0.4176669167291823 0.69 0.052888222055513856 0.06300000000000006
0 0.30795198799699924 0.62225 0.046511627906976716 0.0655
0 0.363278319579895 0.5885 0.04763690922730679 0.06099999999999994
0 0.41279069767441856 0.565 0.052888222055513856 0.06900000000000006
0 0.4465491372843211 0.49675 0.04613653413353341 0.06549999999999995
0 0.42779444861215304 0.42775 0.04163540885221306 0.0685
0 0.4608027006751688 0.3755 0.051387846961740424 0.06699999999999995
0 0.47636909227306823 0.44375 0.0480120030007502 0.0675
0 0.48537134283570893 0.5655 0.04501125281320334 0.06099999999999994
0 0.49099774943735935 0.6154999999999999 0.041260315078769705 0.06500000000000006
0 0.5168792198049512 0.6392500000000001 0.042010502625656476 0.0655
0 0.5255063765941486 0.5805 0.050262565641410406 0.06400000000000006
0 0.517066766691673 0.5137499999999999 0.04613653413353341 0.0695
0 0.40753938484621155 0.2315 0.04913728432108022 0.07600000000000001
0 0.45817704426106526 0.2185 0.06039009752438107 0.07500000000000001
0 0.46492873218304576 0.3085 0.05363840960240063 0.067
0 0.5080645161290323 0.19475 0.05063765941485365 0.07150000000000001
0 0.5225056264066017 0.27849999999999997 0.04801200300075015 0.08100000000000002
0 0.5180045011252813 0.355 0.053263315828957214 0.07
0 0.5530757689422356 0.22875 0.05663915978994749 0.07750000000000001
0 0.5598274568642161 0.3175 0.05438859714928734 0.07699999999999996
0 0.5573893473368342 0.39049999999999996 0.04576144036009011 0.07
0 0.5367591897974493 0.44875 0.050262565641410295 0.0605
0 0.59039759939985 0.49724999999999997 0.04801200300075015 0.06649999999999995
0 0.568642160540135 0.5522499999999999 0.048762190547636974 0.055499999999999994
0 0.5731432858214554 0.6012500000000001 0.05101275318829712 0.057499999999999996
0 0.6219054763690923 0.6327499999999999 0.05326331582895716 0.0655
0 0.6378469617404351 0.569 0.046886721680420074 0.06999999999999995
0 0.6787321830457614 0.57775 0.04988747186796694 0.057499999999999996
0 0.6376594148537134 0.49775 0.04726181545386343 0.06749999999999995
0 0.681357839459865 0.5135 0.048387096774193505 0.06
0 0.6063390847711928 0.40700000000000003 0.05138784696174037 0.067
0 0.6697299324831207 0.4335 0.050637659414853764 0.062
0 0.6717929482370593 0.367 0.05176294073518384 0.059
0 0.6160915228807202 0.33525 0.048387096774193616 0.0675
0 0.6087771942985747 0.27275 0.050262565641410295 0.07550000000000001
0 0.6513503375843961 0.28775 0.046886721680420074 0.07150000000000001
0 0.599212303075769 0.19275 0.04988747186796705 0.07050000000000001
0 0.6577269317329333 0.20274999999999999 0.052138034508627196 0.060500000000000026
0 0.7186796699174793 0.2125 0.05101275318829701 0.059
0 0.7633158289572393 0.2315 0.04276069017254314 0.068
0 0.72655663915979 0.27525 0.0547636909227307 0.0675
0 0.714178544636159 0.33875 0.05101275318829712 0.0695
0 0.740060015003751 0.396 0.052513128282070554 0.059
0 0.7850712678169542 0.29575 0.04651162790697683 0.07550000000000001
0 0.8287696924231058 0.26775 0.05438859714928734 0.06849999999999998
0 0.8709677419354839 0.32525 0.052513128282070554 0.07250000000000001
0 0.8818454613653413 0.36975 0.04351087771942985 0.056499999999999995
0 0.8008252063015754 0.36550000000000005 0.05326331582895727 0.067
0 0.8707801950487621 0.4215 0.05138784696174048 0.07500000000000001
0 0.9097899474868717 0.43975 0.05138784696174037 0.07349999999999995
0 0.7850712678169542 0.45425 0.050262565641410406 0.0695
0 0.7175543885971493 0.4645 0.050262565641410406 0.067
0 0.7490622655663917 0.506 0.046511627906976716 0.059
0 0.8276444111027756 0.501 0.050637659414853764 0.062000000000000055
0 0.8610277569392348 0.484 0.04238559639909978 0.064
0 0.7846961740435109 0.54675 0.048762190547636974 0.0625
0 0.8105776444111028 0.5475 0.03975993998499627 0.06000000000000005
0 0.7348087021755438 0.563 0.04726181545386343 0.061999999999999944
0 0.7233683420855214 0.636 0.04538634658664664 0.062000000000000055
0 0.7216804201050262 0.6805 0.046511627906976716 0.050999999999999934
0 0.6674793698424606 0.6555 0.04013503375843963 0.06499999999999995
0 0.7021755438859715 0.7322500000000001 0.04951237809452369 0.0615
0 0.6247186796699175 0.6970000000000001 0.044636159039759926 0.06399999999999995
0 0.7661290322580645 0.61925 0.048387096774193505 0.056499999999999995
0 0.763503375843961 0.6805 0.04013503375843963 0.05800000000000005
0 0.8137659414853713 0.667 0.03713428357089266 0.06799999999999995
0 0.8088897224306076 0.609 0.04388597149287321 0.05400000000000005
0 0.8557764441110277 0.617 0.04538634658664664 0.050000000000000044
0 0.8790322580645161 0.5815 0.043135783945986494 0.06000000000000005
0 0.9105401350337585 0.6067499999999999 0.05288822205551391 0.057499999999999996
