0 0.0555138784696174 0.376 0.05476369092273067 0.06999999999999995
0 0.08702175543885972 0.3345 0.06001500375093774 0.068
0 0.11740435108777195 0.40025 0.05101275318829708 0.07050000000000001
0 0.10502625656414102 0.4285 0.05476369092273069 0.064
0 0.16166541635408854 0.44399999999999995 0.05476369092273067 0.066
0 0.21192798199549887 0.47324999999999995 0.05701425356339085 0.06649999999999995
0 0.22111777944486122 0.397 0.055888972243060775 0.07200000000000001
0 0.27344336084021004 0.44599999999999995 0.05551387846961739 0.07
0 0.15941485371342834 0.35650000000000004 0.05551387846961739 0.07900000000000001
0 0.1961740435108777 0.32175 0.060765191297824456 0.0695
0 0.15003750937734434 0.25175 0.0622655663915979 0.07849999999999999
0 0.18192048012003 0.17125 0.0615153788447112 0.0945
0 0.26650412603150786 0.1985 0.05513878469617403 0.08499999999999999
0 0.3233308327081771 0.2475 0.060765191297824483 0.07199999999999998
0 0.3516504126031508 0.17099999999999999 0.06039009752438107 0.088
0 0.4058514628657164 0.233 0.06301575393848463 0.08200000000000002
0 0.4118529632408102 0.15875 0.06001500375093777 0.08750000000000001
0 0.4696174043510878 0.20500000000000002 0.057764441110277565 0.08499999999999999
0 0.4549887471867967 0.28200000000000003 0.05401350337584393 0.07300000000000001
0 0.49849962490622657 0.3265 0.052513128282070554 0.069
0 0.3790322580645161 0.29825 0.055888972243060775 0.07150000000000001
0 0.4255438859714929 0.35525 0.05738934733683421 0.08050000000000002
0 0.3345836459114779 0.34825 0.054013503375843985 0.07850000000000001
0 0.27063015753938485 0.35575 0.061140285071267814 0.0645
0 0.31807951987996996 0.39675 0.0480120030007502 0.0685
0 0.377344336084021 0.39249999999999996 0.054013503375843985 0.066
0 0.4279819954988747 0.42200000000000004 0.05326331582895727 0.059
0 0.48255813953488375 0.41025 0.05438859714928734 0.0645
0 0.46867966991747934 0.4575 0.04913728432108028 0.061
0 0.41972993248312074 0.48450000000000004 0.0525131282820705 0.065
0 0.36759189797449365 0.45199999999999996 0.053263315828957214 0.065
0 0.31957989497374345 0.4715 0.05701425356339085 0.061999999999999944
0 0.2704426106526632 0.52675 0.05626406601650413 0.060500000000000054
0 0.22186796699174793 0.5347500000000001 0.04988747186796699 0.0635
0 0.19092273068267068 0.5385 0.044261065266316596 0.06400000000000006
0 0.13822205551387848 0.51325 0.05288822205551387 0.05750000000000005
0 0.13634658664666166 0.54175 0.05663915978994749 0.04149999999999998
0 0.17854463615903976 0.58975 0.04726181545386349 0.058499999999999996
0 0.22468117029257315 0.6005 0.04276069017254314 0.061999999999999944
0 0.2586271567891973 0.5680000000000001 0.05138784696174045 0.05700000000000005
0 0.2828207051762941 0.6074999999999999 0.0480120030007502 0.05300000000000005
0 0.27156789197299325 0.6432500000000001 0.048012003000750175 0.04949999999999999
0 0.32183045761440365 0.59625 0.05026256564141035 0.04749999999999999
0 0.32239309827456863 0.661 0.04988747186796699 0.04200000000000004
0 0.3602775693923481 0.6365000000000001 0.04913728432108028 0.051999999999999935
0 0.3827831957989497 0.677 0.0453863465866467 0.05300000000000005
0 0.4156039009752438 0.65575 0.05176294073518378 0.04749999999999999
0 0.4279819954988747 0.69125 0.045011252813203284 0.04249999999999998
0 0.4722430607651913 0.6977500000000001 0.046511627906976716 0.05349999999999999
0 0.4563015753938484 0.6445000000000001 0.04838709677419356 0.05900000000000005
0 0.40828957239309827 0.60975 0.04988747186796699 0.055499999999999994
0 0.36552888222055513 0.57925 0.05063765941485371 0.04949999999999999
0 0.3210802700675169 0.5507500000000001 0.05101275318829712 0.055499999999999994
0 0.3619654913728432 0.5297499999999999 0.05176294073518378 0.0615
0 0.4139159789947487 0.544 0.048387096774193505 0.04999999999999993
0 0.45892723180795203 0.5785 0.05063765941485371 0.06000000000000005
0 0.5178169542385597 0.6715 0.04988747186796699 0.05800000000000005
0 0.530570142535634 0.60125 0.04613653413353336 0.058499999999999996
0 0.5118154538634658 0.5569999999999999 0.050637659414853764 0.05700000000000005
0 0.4846211552888222 0.51975 0.04651162790697677 0.06850000000000006
0 0.5313203300825207 0.49950000000000006 0.04988747186796705 0.07100000000000001
0 0.5611402850712679 0.542 0.04576144036009 0.06300000000000006
0 0.5813953488372093 0.57875 0.0547636909227307 0.03849999999999998
0 0.5553263315828958 0.21050000000000002 0.06339084771192793 0.07899999999999999
0 0.5583270817704427 0.28825 0.05813953488372092 0.08350000000000002
0 0.563953488372093 0.35275 0.05513878469617395 0.0645
0 0.6205926481620405 0.34099999999999997 0.048387096774193505 0.07300000000000001
0 0.6603525881470368 0.36850000000000005 0.04538634658664664 0.07500000000000001
0 0.6260315078769693 0.25375 0.054013503375843985 0.08049999999999999
0 0.6076519129782445 0.16949999999999998 0.05851462865716439 0.07399999999999998
0 0.6845461365341335 0.20800000000000002 0.06751687921980487 0.07499999999999998
0 0.7336834208552138 0.244 0.059264816204050996 0.07999999999999999
0 0.7121155288822205 0.319 0.05738934733683421 0.07799999999999996
0 0.5643285821455364 0.41725 0.055888972243060664 0.0625
0 0.5789572393098275 0.475 0.05438859714928723 0.06299999999999994
0 0.6260315078769693 0.44075 0.050262565641410406 0.0635
0 0.6250937734433608 0.4945 0.048387096774193505 0.05999999999999994
0 0.6481620405101276 0.5402499999999999 0.046511627906976716 0.057499999999999996
0 0.6704801200300075 0.483 0.052138034508627196 0.066
0 0.7239309827456865 0.49775 0.06001500375093771 0.05650000000000005
0 0.6912978244561141 0.41675 0.05251312828207044 0.0685
0 0.7344336084021006 0.44199999999999995 0.05176294073518373 0.063
0 0.7398724681170292 0.37925 0.059639909977494354 0.0635
0 0.7801950487621906 0.39775 0.0547636909227307 0.07050000000000001
0 0.77344336084021 0.46799999999999997 0.04801200300075026 0.06899999999999995
0 0.8184546136534133 0.47524999999999995 0.057764441110277565 0.05849999999999994
0 0.8293323330832708 0.42525 0.05326331582895727 0.0615
0 0.8349587396849212 0.36775 0.057764441110277565 0.0675
0 0.7597524381095273 0.3035 0.05738934733683421 0.068
0 0.7850712678169542 0.24000000000000002 0.054013503375843985 0.08200000000000002
0 0.8207051762940736 0.29275 0.05926481620405111 0.0625
0 0.781695423855964 0.14150000000000001 0.07951987996999255 0.088
0 0.8728432108027007 0.1965 0.06526631657914472 0.08499999999999999
0 0.9381095273818454 0.2695 0.07426856714178542 0.096
0 0.3981620405101275 0.7495 0.047636909227306845 0.05399999999999994
