0 0.10352588147036759 0.4065 0.07501875468867215 0.08500000000000002
0 0.1714178544636159 0.397 0.06976744186046513 0.08800000000000002
0 0.22918229557389347 0.348 0.07726931732933232 0.09000000000000002
0 0.29163540885221306 0.30174999999999996 0.07389347336834207 0.10149999999999998
0 0.2730682670667667 0.39949999999999997 0.07351837959489871 0.09500000000000003
0 0.34433608402100524 0.382 0.07801950487621906 0.09999999999999998
0 0.3287696924231058 0.4645 0.07239309827456863 0.09100000000000003
0 0.26556639159789946 0.48450000000000004 0.05851462865716428 0.09300000000000003
0 0.23855963990997747 0.53175 0.05401350337584396 0.08049999999999996
0 0.2777569392348087 0.5985 0.05888972243060764 0.08099999999999996
0 0.31095273818454616 0.55325 0.0615153788447112 0.09150000000000003
0 0.3825956489122281 0.522 0.06001500375093777 0.09399999999999997
0 0.3642160540135034 0.6020000000000001 0.07126781695423856 0.08199999999999996
0 0.31357839459864967 0.65925 0.06976744186046513 0.07850000000000001
0 0.3709677419354839 0.6955 0.059264816204050996 0.07899999999999996
0 0.1445986496624156 0.484 0.07614403600900224 0.08600000000000002
0 0.15153788447111777 0.55975 0.06601650412603152 0.07350000000000001
0 0.4116654163540885 0.3285 0.06789197299324828 0.10499999999999998
0 0.46324081020255065 0.38125 0.07576894223555886 0.09249999999999997
0 0.40303825956489125 0.43725 0.068642160540135 0.08649999999999997
0 0.4769317329332333 0.46775 0.06639159789947491 0.09349999999999997
0 0.46361590397599395 0.5609999999999999 0.06301575393848463 0.08599999999999997
0 0.4291072768192048 0.6365000000000001 0.06601650412603155 0.08300000000000007
0 0.42854463615903976 0.743 0.05738934733683421 0.08400000000000007
0 0.4774943735933983 0.7865 0.05926481620405094 0.07899999999999996
0 0.5360090022505626 0.74925 0.06676669167291827 0.07350000000000001
0 0.4819954988747187 0.6975 0.06001500375093777 0.08499999999999996
0 0.4939984996249062 0.629 0.0682670667666917 0.07899999999999996
0 0.5525131282820706 0.669 0.057764441110277565 0.08399999999999996
0 0.5365716429107277 0.54925 0.06939234808702177 0.08850000000000002
0 0.5427606901725431 0.46924999999999994 0.06076519129782443 0.09049999999999997
0 0.5110652663165791 0.30025 0.06339084771192799 0.09249999999999997
0 0.5617029257314329 0.36275 0.06939234808702177 0.08949999999999997
0 0.5761440360090022 0.26725 0.07501875468867214 0.1015
0 0.6235933983495874 0.3295 0.06564141035258819 0.09300000000000003
0 0.6905476369092274 0.29300000000000004 0.07276819204801199 0.10000000000000003
0 0.6946736684171043 0.39925 0.08252063015753941 0.08950000000000002
0 0.7620030007501876 0.361 0.07314328582145535 0.09299999999999997
0 0.6136534133533383 0.437 0.06976744186046502 0.09499999999999997
0 0.5965866466616654 0.515 0.06339084771192793 0.08600000000000008
0 0.650787696924231 0.563 0.07126781695423856 0.09399999999999997
0 0.6976744186046511 0.48950000000000005 0.07126781695423856 0.08300000000000002
0 0.7753188297074269 0.47450000000000003 0.07426856714178542 0.09700000000000003
0 0.8432108027006752 0.41974999999999996 0.07051762940735173 0.09949999999999998
0 0.8702175543885972 0.49024999999999996 0.07501875468867225 0.09449999999999997
0 0.8036384096024006 0.5375 0.07164291072768192 0.08699999999999997
0 0.7378094523630907 0.5675 0.07951987996999244 0.09699999999999998
0 0.7876969242310579 0.63175 0.06901725431357841 0.08850000000000002
0 0.8784696174043511 0.5860000000000001 0.07501875468867214 0.08599999999999997
0 0.9504876219054763 0.53225 0.07651912978244557 0.09549999999999997
0 0.9638034508627157 0.61375 0.06789197299324834 0.09450000000000003
0 0.88503375843961 0.67425 0.06939234808702166 0.08750000000000002
0 0.9516129032258065 0.7112499999999999 0.07876969242310572 0.08950000000000002
0 0.891972993248312 0.756 0.0682670667666917 0.09400000000000008
0 0.8223930982745686 0.7809999999999999 0.06189047261815461 0.08399999999999996
0 0.8118904726181546 0.6995 0.05813953488372092 0.09499999999999997
0 0.7526256564141036 0.75475 0.061140285071267786 0.08350000000000002
0 0.6609152288072018 0.6617500000000001 0.06751687921980498 0.09550000000000003
0 0.6826706676669168 0.75 0.07126781695423856 0.08200000000000007
0 0.6114028507126781 0.71375 0.06601650412603155 0.08349999999999991
0 0.596211552888222 0.619 0.06939234808702177 0.07699999999999996
