0 0.4341710427606902 0.28625 0.03563390847711928 0.046499999999999986
0 0.2633158289572393 0.35375 0.03600900225056261 0.04249999999999998
0 0.07783195798949738 0.65675 0.03788447111777944 0.0465000000000001
0 0.09171042760690173 0.59625 0.03788447111777944 0.04749999999999999
0 0.13240810202550637 0.6045 0.0315078769692423 0.051000000000000045
0 0.12003000750187548 0.6347499999999999 0.0382595648912228 0.045499999999999985
0 0.1352213053263316 0.68775 0.03338334583645913 0.05049999999999999
0 0.0995873968492123 0.70175 0.037134283570892726 0.04849999999999999
0 0.13203300825206302 0.73725 0.03975993998499626 0.046499999999999986
0 0.15022505626406601 0.77725 0.04163540885221306 0.05049999999999999
0 0.1706676669167292 0.72175 0.03375843960990249 0.04049999999999998
0 0.19036009002250562 0.6835 0.03563390847711928 0.050999999999999934
0 0.17291822955738934 0.6445000000000001 0.03675918979744938 0.04500000000000004
0 0.18979744936234058 0.796 0.03750937734433607 0.049000000000000044
0 0.19992498124531133 0.735 0.03525881470367592 0.04400000000000004
0 0.2241185296324081 0.6992499999999999 0.03413353338334585 0.045499999999999985
0 0.21567891972993247 0.64925 0.03375843960990246 0.04849999999999999
0 0.17760690172543137 0.5882499999999999 0.043135783945986494 0.0465000000000001
0 0.21136534133533383 0.6012500000000001 0.034883720930232565 0.04749999999999999
0 0.15078769692423105 0.5525 0.039759939984996245 0.04800000000000004
0 0.10952738184546136 0.52675 0.03900975243810953 0.0505000000000001
0 0.12678169542385598 0.479 0.03375843960990246 0.04199999999999998
0 0.1511627906976744 0.4425 0.03525881470367592 0.04700000000000004
0 0.1597899474868717 0.5035000000000001 0.038259564891222814 0.04300000000000004
0 0.18060765191297823 0.45525 0.03488372093023254 0.04749999999999999
0 0.17366841710427605 0.40475 0.038259564891222814 0.045499999999999985
0 0.2106151537884471 0.41600000000000004 0.03563390847711928 0.04199999999999998
0 0.23049512378094522 0.3755 0.03488372093023254 0.03600000000000003
0 0.2655663915978995 0.40675 0.03375843960990249 0.04149999999999998
0 0.2346211552888222 0.442 0.03788447111777943 0.04600000000000004
0 0.2297449362340585 0.4965 0.033383345836459105 0.04700000000000004
0 0.19186046511627908 0.5255 0.034883720930232565 0.04800000000000004
0 0.22599399849962493 0.552 0.033383345836459105 0.04300000000000004
0 0.29163540885221306 0.39475 0.03563390847711928 0.04049999999999998
0 0.27794448612153033 0.44975 0.03450862715678921 0.04749999999999999
0 0.26650412603150786 0.49524999999999997 0.03563390847711928 0.04849999999999999
0 0.2623780945236309 0.5475 0.03188297074268567 0.04299999999999993
0 0.24362340585146286 0.5914999999999999 0.03488372093023259 0.04500000000000004
0 0.2854463615903976 0.601 0.03825956489122284 0.03700000000000003
0 0.2576894223555889 0.646 0.032258064516129004 0.04400000000000004
0 0.29426106526631657 0.65625 0.036384096024005996 0.04049999999999998
0 0.2659414853713428 0.6910000000000001 0.03675918979744938 0.041999999999999926
0 0.3113278319579895 0.70225 0.03450862715678921 0.045499999999999985
0 0.25543885971492875 0.733 0.03450862715678918 0.04200000000000004
0 0.22730682670667668 0.76325 0.03600900225056264 0.044499999999999984
0 0.22074268567141786 0.82725 0.03788447111777943 0.04949999999999999
0 0.2535633908477119 0.85825 0.028507126781695397 0.034499999999999975
0 0.27100525131282815 0.8280000000000001 0.036384096024005996 0.039999999999999925
0 0.2738184546136534 0.77425 0.03375843960990249 0.044499999999999984
0 0.304013503375844 0.8087500000000001 0.03563390847711928 0.04749999999999999
0 0.30626406601650413 0.75675 0.034883720930232565 0.04849999999999999
0 0.3377719429857464 0.81475 0.034883720930232565 0.044499999999999984
0 0.3467741935483871 0.7595000000000001 0.0318829707426857 0.03700000000000003
0 0.35071267816954244 0.7090000000000001 0.03525881470367592 0.04500000000000004
0 0.3666541635408852 0.671 0.03338334583645913 0.041000000000000036
0 0.3300825206301575 0.6645000000000001 0.03375843960990249 0.04300000000000004
0 0.3422730682670667 0.61725 0.034883720930232565 0.046499999999999986
0 0.3784696174043511 0.61675 0.03900975243810956 0.04249999999999998
0 0.31995498874718675 0.5880000000000001 0.03600900225056264 0.04700000000000004
0 0.36046511627906974 0.5700000000000001 0.03600900225056264 0.041000000000000036
0 0.3027006751687922 0.5249999999999999 0.03525881470367592 0.049000000000000044
0 0.3388972243060765 0.5395 0.03413353338334585 0.04400000000000004
0 0.3719054763690923 0.526 0.036384096024005996 0.041000000000000036
0 0.32558139534883723 0.49749999999999994 0.03600900225056264 0.043999999999999984
0 0.3737809452363091 0.4805 0.03263315828957242 0.039999999999999925
0 0.31807951987996996 0.4445 0.036759189797449354 0.041000000000000036
0 0.3563390847711928 0.44375 0.03300825206301572 0.03750000000000003
0 0.33139534883720934 0.397 0.034883720930232565 0.03999999999999998
0 0.36815453863465863 0.38575 0.03263315828957242 0.044499999999999984
0 0.37809452363090773 0.356 0.030757689422355572 0.04099999999999998
0 0.4118529632408102 0.33675 0.033008252063015775 0.04349999999999998
0 0.4343585896474118 0.37725 0.033008252063015775 0.04850000000000004
0 0.390285071267817 0.42775 0.03413353338334585 0.044499999999999984
0 0.4381095273818455 0.43374999999999997 0.03525881470367592 0.038500000000000034
0 0.4086646661665416 0.47225 0.03263315828957236 0.04249999999999998
0 0.44673668417104273 0.478 0.03450862715678921 0.03999999999999998
0 0.41147786946736686 0.53 0.03600900225056264 0.038000000000000034
0 0.45836459114778694 0.5195 0.03600900225056264 0.03600000000000003
0 0.43210802700675166 0.55925 0.03000750187546891 0.04949999999999999
0 0.4705551387846962 0.56325 0.031882970742685646 0.044499999999999984
0 0.41935483870967744 0.61 0.03150787696924229 0.04299999999999993
0 0.4549887471867967 0.6014999999999999 0.03225806451612906 0.041000000000000036
0 0.4034133533383346 0.65625 0.03713428357089271 0.03950000000000009
0 0.46942985746436605 0.64475 0.034883720930232565 0.044499999999999984
0 0.3885971492873218 0.70725 0.033008252063015775 0.04849999999999999
0 0.4240435108777194 0.6952499999999999 0.036384096024005996 0.03949999999999998
0 0.4626781695423856 0.696 0.031882970742685646 0.04500000000000004
0 0.38540885221305327 0.76325 0.03488372093023251 0.044499999999999984
0 0.4167291822955739 0.74825 0.033008252063015775 0.046499999999999986
0 0.45573893473368343 0.7575000000000001 0.03450862715678921 0.04300000000000004
0 0.37528132033008255 0.8180000000000001 0.03413353338334585 0.039999999999999925
0 0.4079144786196549 0.8049999999999999 0.036384096024005996 0.04599999999999993
0 0.445986496624156 0.8035 0.03150787696924234 0.038999999999999924
0 0.4833083270817704 0.7935 0.03563390847711928 0.04699999999999993
0 0.5172543135783946 0.78775 0.033758439609902435 0.044500000000000095
0 0.4863090772693173 0.73 0.031882970742685646 0.04400000000000004
0 0.5230682670667667 0.7355 0.03488372093023262 0.04700000000000004
0 0.4954988747186797 0.6835 0.030757689422355627 0.04600000000000004
0 0.5294448612153038 0.68625 0.031882970742685646 0.04749999999999999
0 0.5093773443360841 0.64 0.03150787696924234 0.038999999999999924
0 0.5483870967741935 0.6432500000000001 0.03450862715678926 0.04349999999999998
0 0.49718679669917476 0.5945 0.03338334583645913 0.04400000000000004
0 0.5373218304576144 0.60075 0.03263315828957247 0.05049999999999999
0 0.5498874718679669 0.56175 0.0315078769692424 0.04049999999999998
0 0.5178169542385596 0.5575 0.03488372093023251 0.040000000000000036
0 0.4819954988747187 0.49 0.03375843960990249 0.04200000000000004
0 0.5189422355588897 0.49474999999999997 0.03263315828957236 0.03949999999999998
0 0.5673293323330832 0.519 0.028882220555138782 0.040000000000000036
0 0.5896474118529632 0.5469999999999999 0.033758439609902435 0.03599999999999992
0 0.5723930982745686 0.613 0.03450862715678915 0.04699999999999993
0 0.5508252063015754 0.47725 0.03113278319579904 0.03949999999999998
0 0.47768192048012004 0.439 0.03113278319579893 0.04500000000000004
0 0.5116279069767442 0.4275 0.03225806451612906 0.043999999999999984
0 0.48537134283570893 0.389 0.03450862715678915 0.043999999999999984
0 0.5318829707426856 0.34950000000000003 0.03450862715678915 0.03899999999999998
0 0.559264816204051 0.37525 0.03300825206301572 0.04650000000000004
0 0.5853338334583646 0.35225 0.03488372093023251 0.03649999999999998
0 0.590960240060015 0.39349999999999996 0.03338334583645919 0.043999999999999984
0 0.5618904726181545 0.43674999999999997 0.03300825206301572 0.03650000000000003
0 0.6110277569392348 0.4365 0.033758439609902435 0.04200000000000004
0 0.595086271567892 0.47625 0.03638409602400605 0.04249999999999998
0 0.6260315078769693 0.5025 0.03300825206301572 0.04799999999999999
0 0.6252813203300825 0.55175 0.033758439609902435 0.03849999999999998
0 0.6057764441110278 0.5902499999999999 0.033758439609902546 0.04250000000000009
0 0.6387846961740435 0.5894999999999999 0.032258064516129004 0.041000000000000036
0 0.5960240060015004 0.63975 0.030007501875468856 0.03649999999999998
0 0.6425356339084771 0.63775 0.03300825206301572 0.04249999999999998
0 0.5772693173293324 0.677 0.03300825206301583 0.039999999999999925
0 0.6202175543885972 0.68425 0.03188297074268576 0.045499999999999985
0 0.555701425356339 0.7152499999999999 0.03638409602400594 0.04149999999999998
0 0.5984621155288823 0.71775 0.03488372093023251 0.05249999999999999
0 0.6329707426856714 0.7250000000000001 0.029632408102025498 0.04300000000000004
0 0.5491372843210802 0.773 0.03450862715678926 0.04200000000000004
0 0.5836459114778695 0.76475 0.03300825206301572 0.04149999999999998
0 0.6177794448612153 0.76975 0.030007501875468856 0.05049999999999999
0 0.6477869467366841 0.782 0.030757689422355572 0.04700000000000004
0 0.6678544636159041 0.7395 0.03338334583645908 0.03599999999999992
0 0.7040510127531883 0.7989999999999999 0.03150787696924229 0.04300000000000004
0 0.7389347336834209 0.78375 0.032258064516129004 0.04149999999999998
0 0.6571642910727682 0.688 0.03525881470367587 0.041999999999999926
0 0.6901725431357839 0.7012499999999999 0.030007501875468856 0.04349999999999998
0 0.7226181545386346 0.7395 0.03263315828957247 0.04599999999999993
0 0.7556264066016505 0.744 0.03113278319579893 0.04200000000000004
0 0.8034508627156789 0.7515000000000001 0.02925731432858214 0.04599999999999993
0 0.8218304576144035 0.7132499999999999 0.03450862715678926 0.03749999999999998
0 0.7837584396099024 0.71075 0.03413353338334579 0.033500000000000085
0 0.718867216804201 0.69425 0.025131282820705203 0.044499999999999984
0 0.762940735183796 0.67125 0.03300825206301583 0.03649999999999998
0 0.7938859714928732 0.66225 0.03188297074268576 0.044499999999999984
0 0.8443360840210052 0.66825 0.03600900225056258 0.04249999999999998
0 0.8289572393098275 0.627 0.03600900225056258 0.04699999999999993
0 0.6787321830457616 0.651 0.028882220555138782 0.041000000000000036
0 0.7070517629407351 0.655 0.032258064516129115 0.04300000000000004
0 0.7338709677419355 0.62575 0.03113278319579893 0.046499999999999986
0 0.7726931732933233 0.63 0.03525881470367587 0.038000000000000034
0 0.8060765191297825 0.58725 0.033758439609902546 0.04149999999999998
0 0.762940735183796 0.59 0.036009002250562694 0.038000000000000034
0 0.6862340585146287 0.6054999999999999 0.03638409602400594 0.041999999999999926
0 0.7115528882220555 0.5589999999999999 0.033758439609902435 0.03799999999999992
0 0.6618529632408101 0.5535 0.03263315828957236 0.03699999999999992
0 0.7783195798949738 0.54 0.03300825206301583 0.040000000000000036
0 0.7348087021755438 0.53325 0.026256564141035166 0.044499999999999984
0 0.7096774193548387 0.5165 0.03300825206301572 0.04199999999999998
0 0.6554763690922731 0.511 0.03488372093023251 0.04099999999999998
0 0.6800450112528131 0.47850000000000004 0.032258064516129115 0.04199999999999998
0 0.6447861965491373 0.46699999999999997 0.033758439609902435 0.04299999999999998
0 0.7132408102025507 0.469 0.031882970742685646 0.04299999999999998
0 0.7445611402850713 0.4785 0.030757689422355572 0.04399999999999993
0 0.7642535633908477 0.44725000000000004 0.03488372093023262 0.039500000000000035
0 0.7284321080270068 0.4355 0.0367591897974493 0.04200000000000004
0 0.6841710427606902 0.43975 0.03525881470367587 0.03550000000000003
0 0.645536384096024 0.4135 0.032258064516129004 0.03999999999999998
0 0.6633533383345835 0.389 0.029632408102025498 0.03300000000000003
0 0.6991747936984246 0.39649999999999996 0.03150787696924229 0.03699999999999998
0 0.7396849212303076 0.38875 0.03300825206301572 0.03649999999999998
0 0.6194673668417104 0.38275000000000003 0.03338334583645919 0.039500000000000035
0 0.6217179294823706 0.32775 0.03263315828957247 0.04149999999999998
0 0.6511627906976745 0.34099999999999997 0.032258064516129115 0.044999999999999984
0 0.6967366841710427 0.3395 0.031882970742685646 0.045999999999999985
0 0.7280570142535634 0.32825 0.03300825206301572 0.04049999999999998
0 0.3970367591897974 0.5705 0.034883720930232565 0.04800000000000004
