0 0.03807201800450113 0.36225 0.03938484621155289 0.055499999999999994
0 0.0823330832708177 0.372 0.03263315828957239 0.05300000000000005
0 0.11346586646661666 0.37324999999999997 0.030382595648912228 0.04750000000000004
0 0.11140285071267816 0.32425 0.03900975243810954 0.046499999999999986
0 0.11159039759939984 0.42375 0.03488372093023255 0.044499999999999984
0 0.07220555138784696 0.47875 0.04238559639909977 0.04349999999999993
0 0.1284696174043511 0.44925 0.036384096024005996 0.04249999999999998
0 0.1310952738184546 0.49074999999999996 0.04838709677419353 0.04149999999999998
0 0.11590397599399849 0.53175 0.03450862715678919 0.0465000000000001
0 0.16522880720180044 0.519 0.033383345836459105 0.04899999999999999
0 0.1369092273068267 0.6034999999999999 0.036759189797449354 0.04700000000000004
0 0.1389722430607652 0.6775 0.04088522130532635 0.04699999999999993
0 0.15960240060015002 0.72675 0.03863465866466617 0.044499999999999984
0 0.18267066766691673 0.64725 0.03450862715678921 0.05249999999999999
0 0.1899849962490623 0.58325 0.03188297074268567 0.04149999999999998
0 0.1916729182295574 0.535 0.038259564891222814 0.050000000000000044
0 0.16710427606901726 0.47050000000000003 0.029632408102025498 0.05299999999999999
0 0.19392348087021755 0.46599999999999997 0.036759189797449354 0.05099999999999999
0 0.1706676669167292 0.41775 0.03600900225056264 0.05049999999999999
0 0.20573893473368343 0.42625 0.033383345836459105 0.05349999999999999
0 0.21324081020255065 0.369 0.0401350337584396 0.05399999999999999
0 0.18323330832708176 0.28400000000000003 0.028882220555138782 0.05199999999999999
0 0.22786946736684172 0.32675 0.03413353338334585 0.05149999999999999
0 0.24362340585146286 0.29400000000000004 0.04088522130532635 0.04899999999999999
0 0.2745686421605401 0.26075 0.03525881470367592 0.046499999999999986
0 0.31020255063765945 0.27275 0.038259564891222786 0.04949999999999999
0 0.2608777194298575 0.33225 0.04538634658664667 0.04849999999999999
0 0.2518754688672168 0.36775 0.031882970742685646 0.04350000000000004
0 0.2848837209302325 0.369 0.036384096024005996 0.04300000000000004
0 0.25150037509377343 0.41300000000000003 0.03863465866466617 0.046999999999999986
0 0.2880720180045011 0.4235 0.03450862715678921 0.043999999999999984
0 0.23462115528882221 0.47025 0.04013503375843963 0.04349999999999998
0 0.27344336084021004 0.46075 0.03600900225056264 0.04049999999999998
0 0.24249812453113279 0.52475 0.03638409602400597 0.05250000000000005
0 0.26500375093773443 0.56125 0.03863465866466617 0.05049999999999999
0 0.277569392348087 0.52225 0.036759189797449354 0.044499999999999984
0 0.21811702925731433 0.60775 0.04163540885221306 0.04249999999999998
0 0.21380345086271568 0.6245 0.03525881470367592 0.03399999999999992
0 0.20817704426106526 0.6652499999999999 0.03225806451612903 0.045499999999999985
0 0.24174793698424607 0.6515 0.033383345836459105 0.04700000000000004
0 0.26125281320330085 0.6132500000000001 0.03938484621155286 0.04949999999999999
0 0.26500375093773443 0.6910000000000001 0.037884471117779456 0.041999999999999926
0 0.263503375843961 0.72275 0.03563390847711925 0.03649999999999998
0 0.20742685671417854 0.7542500000000001 0.028507126781695424 0.04949999999999999
0 0.22955738934733683 0.7969999999999999 0.03225806451612903 0.041999999999999926
0 0.263503375843961 0.8055 0.037134283570892684 0.04499999999999993
0 0.29276069017254314 0.7847500000000001 0.03488372093023251 0.0465000000000001
0 0.3492123030757689 0.7925 0.036759189797449354 0.04899999999999993
0 0.37453113278319583 0.85625 0.03788447111777943 0.04749999999999999
0 0.31282820705176295 0.7105 0.04051012753188299 0.04400000000000004
0 0.3493998499624906 0.71375 0.03338334583645908 0.043500000000000094
0 0.36346586646661666 0.74875 0.033758439609902435 0.04149999999999998
0 0.3942235558889723 0.7717499999999999 0.03450862715678921 0.045499999999999985
0 0.4096024006001501 0.8105 0.03450862715678921 0.04400000000000004
0 0.4069767441860465 0.86225 0.030757689422355572 0.05249999999999999
0 0.44992498124531133 0.8835 0.03263315828957236 0.049000000000000044
0 0.42741935483870963 0.76825 0.03713428357089271 0.04249999999999998
0 0.43623405851462865 0.8022499999999999 0.033758439609902435 0.045499999999999985
0 0.45048762190547637 0.8320000000000001 0.03300825206301572 0.04399999999999993
0 0.45967741935483875 0.75 0.034883720930232565 0.038000000000000034
0 0.394973743435859 0.722 0.03525881470367592 0.04300000000000004
0 0.44054763690922727 0.7052499999999999 0.0318829707426857 0.045499999999999985
0 0.4743060765191298 0.70975 0.038634658664666144 0.04849999999999999
0 0.2891972993248312 0.6345000000000001 0.03375843960990249 0.04300000000000004
0 0.3124531132783196 0.6679999999999999 0.03750937734433607 0.04399999999999993
0 0.2965116279069767 0.60375 0.03563390847711928 0.05049999999999999
0 0.3295198799699925 0.6305000000000001 0.030382595648912214 0.049000000000000044
0 0.3602775693923481 0.6565 0.03413353338334585 0.04600000000000004
0 0.3555888972243061 0.616 0.038259564891222786 0.040999999999999925
0 0.3055138784696174 0.55175 0.03713428357089271 0.04149999999999998
0 0.3428357089272318 0.5469999999999999 0.03150787696924229 0.051000000000000045
0 0.3137659414853713 0.49624999999999997 0.034883720930232565 0.05049999999999999
0 0.34433608402100524 0.492 0.03450862715678921 0.04899999999999993
0 0.32576894223555886 0.45225 0.03788447111777943 0.04049999999999998
0 0.3220180045011253 0.39849999999999997 0.03563390847711928 0.045999999999999985
0 0.32389347336834207 0.35150000000000003 0.03338334583645913 0.04999999999999999
0 0.3477119279819955 0.36750000000000005 0.02775693923480871 0.05499999999999999
0 0.3319579894973743 0.31174999999999997 0.03975993998499622 0.049500000000000044
0 0.3660915228807202 0.32199999999999995 0.03450862715678921 0.05099999999999999
0 0.33795948987246816 0.24475000000000002 0.033008252063015775 0.048500000000000015
0 0.3642160540135034 0.21875 0.03825956489122284 0.056499999999999995
0 0.37115528882220555 0.26949999999999996 0.037884471117779484 0.04299999999999998
0 0.4071642910727682 0.28325 0.03263315828957236 0.04749999999999999
0 0.4011627906976744 0.33675 0.039384846211552915 0.056499999999999995
0 0.38615903975994 0.37725 0.037884471117779484 0.05450000000000005
0 0.3719054763690923 0.40575 0.036384096024005996 0.045499999999999985
0 0.37453113278319583 0.44875 0.036384096024005996 0.05349999999999999
0 0.4079144786196549 0.4375 0.039384846211552915 0.04300000000000004
0 0.3799699924981246 0.50125 0.036759189797449354 0.04750000000000004
0 0.3717179294823706 0.55175 0.037509377344336126 0.045499999999999985
0 0.39928732183045756 0.59325 0.03563390847711928 0.045499999999999985
0 0.4139159789947487 0.52675 0.0386346586646662 0.03749999999999998
0 0.4221680420105026 0.5705 0.0386346586646662 0.04800000000000004
0 0.4238559639909978 0.474 0.03975993998499622 0.04999999999999999
0 0.42366841710427605 0.39825 0.040135033758439576 0.04949999999999999
0 0.44617404351087775 0.43075 0.034883720930232565 0.05349999999999999
0 0.4427981995498874 0.351 0.03563390847711928 0.04799999999999999
0 0.46942985746436605 0.3175 0.038634658664666144 0.052000000000000046
0 0.4122280570142536 0.23975000000000002 0.03225806451612906 0.049500000000000016
0 0.43773443360840214 0.20174999999999998 0.03525881470367592 0.05050000000000002
0 0.4497374343585896 0.25825 0.03600900225056264 0.05049999999999996
0 0.4840585146286572 0.26749999999999996 0.031882970742685646 0.05099999999999999
0 0.5142535633908477 0.27325 0.02925731432858214 0.04849999999999999
0 0.5075018754688673 0.219 0.03375843960990249 0.04299999999999998
0 0.5523255813953488 0.23349999999999999 0.035633908477119336 0.05500000000000002
0 0.5658289572393098 0.19874999999999998 0.030382595648912214 0.05250000000000002
0 0.5965866466616654 0.20124999999999998 0.031882970742685646 0.038500000000000006
0 0.6288447111777944 0.1815 0.03638409602400594 0.04999999999999999
0 0.5947111777944486 0.25825 0.035633908477119336 0.04849999999999996
0 0.6284696174043511 0.23075 0.03788447111777937 0.05150000000000002
0 0.5346961740435109 0.3095 0.035633908477119336 0.04700000000000004
0 0.5692048012003001 0.30474999999999997 0.03338334583645908 0.04650000000000004
0 0.6033383345836458 0.3085 0.03488372093023251 0.050000000000000044
0 0.530570142535634 0.35750000000000004 0.03863465866466609 0.045999999999999985
0 0.5678919729932483 0.35250000000000004 0.03450862715678915 0.044999999999999984
0 0.5988372093023255 0.35875 0.03113278319579893 0.04349999999999998
0 0.6271567891972993 0.35025 0.03150787696924229 0.04049999999999998
0 0.49868717179294825 0.3095 0.03113278319579893 0.04400000000000004
0 0.48518379594898725 0.34925 0.03413353338334579 0.04249999999999998
0 0.5009377344336083 0.38575 0.035633908477119225 0.045499999999999985
0 0.4709302325581395 0.4105 0.036384096024005996 0.04899999999999999
0 0.49943735933983496 0.4255 0.03263315828957236 0.03899999999999998
0 0.4778694673668417 0.4535 0.032258064516129004 0.03899999999999998
0 0.46624156039009756 0.50875 0.03525881470367592 0.04749999999999999
0 0.5007501875468867 0.49 0.03525881470367587 0.03600000000000003
0 0.5275693923480871 0.45225 0.03413353338334579 0.04149999999999998
0 0.45817704426106526 0.5605 0.037884471117779484 0.04400000000000004
0 0.4426106526631658 0.6012500000000001 0.03525881470367592 0.04749999999999999
0 0.4071642910727682 0.651 0.035633908477119225 0.04600000000000004
0 0.441297824456114 0.64975 0.03338334583645913 0.05349999999999999
0 0.4737434358589647 0.6545 0.03600900225056264 0.040000000000000036
0 0.4896849212303076 0.6000000000000001 0.03638409602400605 0.031000000000000028
0 0.5226931732933233 0.652 0.034133533383345904 0.04800000000000004
0 0.5080645161290323 0.6957500000000001 0.03263315828957242 0.045499999999999985
0 0.5153788447111778 0.7264999999999999 0.03450862715678915 0.04500000000000004
0 0.4981245311327832 0.77875 0.036759189797449354 0.0485000000000001
0 0.48218304576144033 0.8227500000000001 0.03413353338334585 0.04349999999999998
0 0.4780570142535634 0.86825 0.03563390847711928 0.04149999999999998
0 0.5067516879219804 0.92025 0.03975993998499627 0.04149999999999998
0 0.5153788447111778 0.856 0.033758439609902435 0.04600000000000004
0 0.5393848462115529 0.8705 0.03150787696924229 0.03599999999999992
0 0.5440735183795948 0.83675 0.031882970742685646 0.04049999999999998
0 0.5315078769692423 0.7775 0.03300825206301572 0.038000000000000034
0 0.5581395348837209 0.792 0.032258064516129004 0.041999999999999926
0 0.5553263315828958 0.752 0.03413353338334579 0.04200000000000004
0 0.5692048012003001 0.702 0.03113278319579893 0.04599999999999993
0 0.5390097524381096 0.66025 0.02775693923480871 0.044499999999999984
0 0.49249812453113284 0.5622499999999999 0.03225806451612906 0.05349999999999999
0 0.527006751687922 0.5415000000000001 0.03600900225056258 0.03700000000000003
0 0.5298199549887472 0.59125 0.04088522130532635 0.04050000000000009
0 0.5575768942235559 0.60575 0.028132033008252066 0.044499999999999984
0 0.5555138784696174 0.54825 0.030757689422355572 0.04049999999999998
0 0.5549512378094523 0.49475 0.0386346586646662 0.03650000000000003
0 0.5431357839459865 0.4115 0.03975993998499616 0.046999999999999986
0 0.5740810202550637 0.39225 0.03638409602400594 0.04149999999999998
0 0.5800825206301575 0.43225 0.03488372093023262 0.04150000000000004
0 0.5913353338334584 0.47750000000000004 0.03338334583645919 0.04299999999999998
0 0.5872093023255813 0.5255000000000001 0.03638409602400594 0.04300000000000004
0 0.5892723180795199 0.589 0.033758439609902435 0.03700000000000003
0 0.5797074268567142 0.6292500000000001 0.035633908477119336 0.04149999999999998
0 0.6129032258064516 0.63225 0.030757689422355572 0.045499999999999985
0 0.6284696174043511 0.591 0.03488372093023251 0.04700000000000004
0 0.6490997749437359 0.618 0.03188297074268576 0.040000000000000036
0 0.6721680420105026 0.6577500000000001 0.03150787696924229 0.04050000000000009
0 0.6442235558889722 0.692 0.03488372093023251 0.041999999999999926
0 0.6170292573143286 0.7165 0.03450862715678915 0.038000000000000034
0 0.581020255063766 0.757 0.02775693923480871 0.050999999999999934
0 0.6093398349587398 0.75175 0.029632408102025498 0.03849999999999998
0 0.6380345086271568 0.7282500000000001 0.030757689422355572 0.034500000000000086
0 0.6485371342835708 0.75125 0.03450862715678926 0.04149999999999998
0 0.5890847711927982 0.82875 0.03713428357089277 0.044499999999999984
0 0.5710802700675168 0.8855 0.03413353338334579 0.03700000000000003
0 0.5975243810952738 0.8907499999999999 0.03300825206301572 0.02949999999999997
0 0.5600150037509377 0.92825 0.02925731432858214 0.044499999999999984
0 0.5982745686421606 0.8400000000000001 0.02925731432858214 0.031000000000000028
0 0.6179669917479369 0.8474999999999999 0.02738184546136535 0.041000000000000036
0 0.6093398349587398 0.80275 0.026631657914478635 0.04249999999999998
0 0.6262190547636909 0.79875 0.013128282070517638 0.034499999999999975
0 0.6547261815453864 0.8085 0.03488372093023251 0.04400000000000004
0 0.672543135783946 0.8435 0.030007501875468856 0.040000000000000036
0 0.6764816204051012 0.781 0.029632408102025498 0.03600000000000003
0 0.6791072768192048 0.733 0.03488372093023262 0.04400000000000004
0 0.7004876219054763 0.7502500000000001 0.03113278319579893 0.04149999999999998
0 0.7244936234058514 0.7277499999999999 0.03413353338334579 0.045499999999999985
0 0.7436234058514628 0.76175 0.03263315828957236 0.04049999999999998
0 0.7541260315078769 0.74125 0.013128282070517638 0.026499999999999968
0 0.7503750937734434 0.69775 0.03113278319579904 0.03849999999999998
0 0.6881095273818454 0.68225 0.030382595648912214 0.04249999999999998
0 0.7138034508627157 0.6717500000000001 0.024756189047261845 0.030500000000000083
0 0.7306826706676669 0.65725 0.03825956489122273 0.04150000000000009
0 0.676669167291823 0.59775 0.037509377344336126 0.045500000000000096
0 0.7228057014253564 0.6055 0.037509377344336126 0.038000000000000034
0 0.739497374343586 0.62775 0.02363090772693177 0.02849999999999997
0 0.6869842460615154 0.5567500000000001 0.03263315828957236 0.04749999999999999
0 0.7209302325581395 0.56725 0.0315078769692424 0.04749999999999999
0 0.7468117029257314 0.57125 0.027006751687921993 0.04149999999999998
0 0.7749437359339835 0.55225 0.036009002250562694 0.04249999999999998
0 0.6834208552138035 0.5125 0.03450862715678915 0.041000000000000036
0 0.7109902475618906 0.5217499999999999 0.026631657914478635 0.04050000000000009
0 0.7387471867966993 0.5217499999999999 0.030382595648912214 0.04149999999999998
0 0.7406226556639159 0.47825 0.0386346586646662 0.04149999999999998
0 0.7721305326331582 0.5 0.03413353338334579 0.044999999999999984
0 0.6174043510877719 0.54175 0.033758439609902435 0.045499999999999985
0 0.6485371342835708 0.53925 0.030757689422355572 0.046499999999999986
0 0.6243435858964741 0.496 0.031882970742685646 0.044999999999999984
0 0.6517254313578394 0.486 0.039384846211552915 0.04699999999999993
0 0.6192798199549887 0.442 0.03675918979744941 0.04600000000000004
0 0.6536009002250562 0.43725 0.03338334583645908 0.049500000000000044
0 0.6879219804951238 0.45275 0.03525881470367587 0.03949999999999998
0 0.608589647411853 0.40349999999999997 0.035633908477119336 0.043999999999999984
0 0.6436609152288072 0.38749999999999996 0.03825956489122273 0.045999999999999985
0 0.653225806451613 0.3305 0.03113278319579893 0.04799999999999999
0 0.667854463615904 0.371 0.04013503375843963 0.04700000000000004
0 0.6882970742685672 0.40700000000000003 0.04351087771942985 0.044999999999999984
0 0.6385971492873218 0.27625 0.0386346586646662 0.05149999999999999
0 0.6762940735183796 0.28325 0.03675918979744941 0.04049999999999998
0 0.6646661665416354 0.2135 0.036009002250562694 0.04899999999999999
0 0.6631657914478619 0.16 0.033758439609902546 0.05299999999999999
0 0.7393098274568642 0.181 0.032258064516129004 0.04799999999999999
0 0.7117404351087773 0.21225 0.03413353338334579 0.04949999999999999
0 0.7044261065266317 0.25525000000000003 0.03450862715678926 0.047500000000000014
0 0.7366841710427607 0.243 0.03300825206301583 0.04500000000000001
0 0.7715678919729932 0.21175 0.04051012753188288 0.046499999999999986
0 0.7818829707426856 0.2545 0.0386346586646662 0.04500000000000001
0 0.70423855963991 0.314 0.03488372093023262 0.050000000000000044
0 0.7289947486871717 0.34175 0.028132033008252066 0.046499999999999986
0 0.7492498124531133 0.318 0.03488372093023262 0.04800000000000004
0 0.7867591897974493 0.29800000000000004 0.03113278319579893 0.044999999999999984
0 0.7211177794448612 0.381 0.035633908477119336 0.041000000000000036
0 0.7550637659414854 0.36 0.02775693923480871 0.04299999999999998
0 0.7291822955738935 0.4275 0.03525881470367587 0.05099999999999999
0 0.7738184546136535 0.4535 0.04276069017254314 0.03699999999999998
0 0.7627531882970743 0.40625 0.0386346586646662 0.046499999999999986
0 0.7871342835708928 0.39049999999999996 0.03413353338334579 0.03699999999999998
0 0.7850712678169542 0.35050000000000003 0.03525881470367587 0.043999999999999984
0 0.8167666916729182 0.35475 0.028882220555138782 0.04849999999999999
0 0.8582145536384096 0.36575 0.03525881470367587 0.04949999999999999
0 0.8675918979744937 0.32175 0.037509377344336126 0.04150000000000004
0 0.8833458364591148 0.35050000000000003 0.032258064516129004 0.03999999999999998
0 0.849774943735934 0.2365 0.035633908477119336 0.047000000000000014
0 0.8619654913728432 0.26649999999999996 0.037509377344336126 0.046999999999999986
0 0.8966616654163542 0.273 0.031882970742685646 0.04899999999999999
0 0.8034508627156789 0.433 0.030757689422355572 0.049000000000000044
0 0.8473368342085521 0.42425 0.033758439609902435 0.045499999999999985
0 0.8302700675168793 0.45899999999999996 0.03488372093023251 0.03899999999999998
0 0.8079519879969992 0.489 0.03525881470367598 0.04199999999999998
0 0.81695423855964 0.5217499999999999 0.03975993998499627 0.03949999999999998
0 0.8454613653413353 0.49749999999999994 0.033758439609902435 0.03799999999999998
0 0.8837209302325582 0.472 0.0367591897974493 0.04299999999999998
0 0.8795948987246811 0.42575 0.03450862715678926 0.04749999999999999
0 0.8972243060765192 0.40800000000000003 0.030007501875468856 0.046999999999999986
0 0.9221680420105026 0.3795 0.03338334583645919 0.04500000000000004
0 0.9309827456864216 0.44425000000000003 0.03300825206301572 0.038500000000000034
0 0.8985371342835708 0.45199999999999996 0.025131282820705203 0.044999999999999984
0 0.9332333083270818 0.4855 0.03525881470367598 0.039999999999999925
0 0.922543135783946 0.519 0.03488372093023262 0.04299999999999998
0 0.9379219804951238 0.54825 0.03263315828957236 0.03849999999999998
0 0.8884096024006001 0.5297499999999999 0.028132033008252066 0.0485000000000001
0 0.84152288072018 0.5622499999999999 0.03263315828957236 0.045499999999999985
0 0.8722805701425356 0.56975 0.03113278319579893 0.046499999999999986
0 0.7991372843210802 0.5680000000000001 0.030382595648912214 0.04300000000000004
0 0.8015753938484621 0.60375 0.030007501875468856 0.03849999999999998
0 0.8298949737434358 0.61825 0.028882220555138782 0.03949999999999998
0 0.7818829707426856 0.65125 0.035633908477119336 0.04849999999999999
0 0.7766316579144785 0.6997500000000001 0.02588147036759192 0.04149999999999998
0 0.7925731432858214 0.6759999999999999 0.030007501875468967 0.039999999999999925
0 0.8220180045011253 0.704 0.02738184546136524 0.03799999999999992
0 0.8255813953488372 0.6855 0.023255813953488413 0.03499999999999992
