0 0.0967741935483871 0.29825 0.03000750187546887 0.05449999999999999
0 0.1110277569392348 0.36 0.03375843960990248 0.05299999999999999
0 0.13072018004501124 0.3305 0.03488372093023255 0.05199999999999999
0 0.1618529632408102 0.30025 0.03563390847711928 0.05249999999999999
0 0.17010502625656415 0.3395 0.03263315828957239 0.05399999999999999
0 0.1791072768192048 0.27175 0.03263315828957239 0.0595
0 0.20930232558139533 0.28300000000000003 0.03675918979744938 0.055999999999999994
0 0.2051762940735184 0.33225 0.03675918979744938 0.05049999999999999
0 0.16354088522130533 0.39475 0.03450862715678921 0.05249999999999999
0 0.20086271567891972 0.42800000000000005 0.036384096024005996 0.04899999999999999
0 0.24849962490622654 0.42225 0.036384096024005996 0.046499999999999986
0 0.23893473368342083 0.47 0.03900975243810953 0.056999999999999995
0 0.2633158289572393 0.513 0.036759189797449326 0.05400000000000005
0 0.28769692423105775 0.5295000000000001 0.03450862715678921 0.05700000000000005
0 0.2923855963990998 0.5805 0.03563390847711928 0.05600000000000005
0 0.2786946736684171 0.472 0.04051012753188299 0.04999999999999999
0 0.2603150787696924 0.367 0.036759189797449354 0.057999999999999996
0 0.291072768192048 0.381 0.04351087771942985 0.055999999999999994
0 0.3049512378094523 0.3305 0.03450862715678921 0.056999999999999995
0 0.268754688672168 0.231 0.036384096024005996 0.059
0 0.32126781695423856 0.27875 0.04013503375843963 0.05049999999999999
0 0.34321080270067517 0.23425 0.04276069017254314 0.047500000000000014
0 0.368529632408102 0.196 0.04088522130532629 0.056999999999999995
0 0.4081020255063766 0.1665 0.045011252813203284 0.056999999999999995
0 0.3790322580645161 0.2575 0.04013503375843963 0.05899999999999997
0 0.4163540885221305 0.22925 0.041260315078769705 0.057499999999999996
0 0.44992498124531133 0.27175 0.04238559639909978 0.057499999999999996
0 0.3840960240060015 0.314 0.04201050262565642 0.049000000000000044
0 0.4189797449362341 0.33575 0.04201050262565642 0.0615
0 0.45986496624156037 0.33075 0.040510127531882933 0.0645
0 0.3514628657164291 0.36050000000000004 0.04201050262565642 0.056999999999999995
0 0.37865716429107277 0.368 0.044636159039759926 0.055999999999999994
0 0.3317704426106527 0.402 0.04163540885221301 0.04799999999999999
0 0.3677794448612153 0.41725 0.04238559639909972 0.057499999999999996
0 0.30870217554388596 0.44425 0.04351087771942985 0.05449999999999999
0 0.34002250562640657 0.45499999999999996 0.040135033758439576 0.055999999999999994
0 0.3259564891222806 0.5015000000000001 0.0390097524381095 0.051000000000000045
0 0.327456864216054 0.5509999999999999 0.03825956489122284 0.05399999999999994
0 0.349774943735934 0.5880000000000001 0.04088522130532635 0.05399999999999994
0 0.3190172543135784 0.627 0.04088522130532635 0.05600000000000005
0 0.35183795948987245 0.65125 0.03975993998499627 0.05449999999999999
0 0.3852213053263316 0.61525 0.03300825206301572 0.05449999999999999
0 0.39741185296324083 0.67075 0.043135783945986494 0.05049999999999999
0 0.4358589647411853 0.6475 0.03900975243810956 0.05399999999999994
0 0.36815453863465863 0.53975 0.03938484621155286 0.055499999999999994
0 0.40097524381095273 0.528 0.033758439609902435 0.052000000000000046
0 0.4298574643660915 0.5469999999999999 0.03750937734433607 0.05300000000000005
0 0.4165416354088522 0.6 0.04163540885221306 0.05600000000000005
0 0.4617404351087772 0.6087499999999999 0.041260315078769705 0.0635
0 0.3925356339084771 0.47975 0.04013503375843963 0.05249999999999999
0 0.4328582145536384 0.501 0.0390097524381095 0.04600000000000004
0 0.4052888222055514 0.42875 0.043135783945986494 0.05149999999999999
0 0.4409227306826707 0.45825 0.04013503375843963 0.0595
0 0.43698424606151537 0.40275 0.04351087771942985 0.05349999999999999
0 0.463615903975994 0.216 0.03825956489122284 0.059
0 0.49118529632408103 0.1655 0.04013503375843963 0.06
0 0.5290697674418605 0.19924999999999998 0.04463615903976004 0.05450000000000002
0 0.5712678169542386 0.172 0.045011252813203395 0.05100000000000002
0 0.564516129032258 0.25 0.04426106526631657 0.05300000000000002
0 0.5020630157539385 0.25975 0.04013503375843969 0.06149999999999997
0 0.5090022505626406 0.31625 0.03975993998499627 0.0615
0 0.5453863465866466 0.2965 0.041260315078769705 0.059
0 0.5900225056264066 0.2885 0.04351087771942985 0.056999999999999995
0 0.6121530382595648 0.23325 0.046511627906976716 0.05650000000000002
0 0.6522880720180044 0.2205 0.046511627906976716 0.06
0 0.6492873218304576 0.28725 0.04351087771942985 0.0625
0 0.6286571642910728 0.3285 0.04276069017254314 0.05399999999999999
0 0.5838334583645911 0.35725 0.04088522130532635 0.056499999999999995
0 0.5418229557389347 0.36175 0.04013503375843952 0.05349999999999999
0 0.5030007501875469 0.383 0.04051012753188299 0.056999999999999995
0 0.47749437359339836 0.41775 0.045011252813203284 0.0595
0 0.518192048012003 0.45425 0.043135783945986494 0.05149999999999999
0 0.5433233308327082 0.41300000000000003 0.043135783945986494 0.05299999999999999
0 0.5843960990247561 0.41175 0.04351087771942985 0.05349999999999999
0 0.6055888972243061 0.45625 0.04238559639909978 0.055499999999999994
0 0.5684546136534133 0.46225 0.037884471117779484 0.05449999999999999
0 0.5465116279069768 0.5115 0.04051012753188299 0.057999999999999996
0 0.5060015003750937 0.5145 0.03975993998499627 0.05700000000000005
0 0.46867966991747934 0.50075 0.040135033758439576 0.055499999999999994
0 0.4816204051012753 0.562 0.04351087771942985 0.05500000000000005
0 0.504688672168042 0.6025 0.04013503375843963 0.05700000000000005
0 0.5433233308327081 0.59025 0.039384846211552804 0.0605
0 0.5727681920480121 0.61725 0.04201050262565642 0.056499999999999995
0 0.5995873968492123 0.5815 0.04463615903976004 0.05400000000000005
0 0.6222805701425356 0.6287499999999999 0.04201050262565642 0.057499999999999996
0 0.5708927231807952 0.544 0.04276069017254314 0.05799999999999994
0 0.5977119279819955 0.50625 0.04388597149287321 0.05449999999999999
0 0.6399099774943735 0.552 0.041260315078769705 0.06399999999999995
0 0.6652288072018004 0.59725 0.04388597149287321 0.0645
0 0.6537884471117779 0.4865 0.04276069017254314 0.05599999999999994
0 0.6429107276819205 0.42925 0.04576144036009011 0.0595
0 0.6256564141035259 0.381 0.045011252813203284 0.062
0 0.6798574643660915 0.32899999999999996 0.04613653413353336 0.05299999999999999
0 0.7044261065266317 0.21825 0.04276069017254314 0.0605
0 0.7374343585896475 0.271 0.046511627906976716 0.05499999999999999
0 0.7304951237809452 0.32525 0.05138784696174048 0.056499999999999995
0 0.6687921980495124 0.38549999999999995 0.037509377344336015 0.06
0 0.7093023255813953 0.38925 0.04201050262565642 0.0675
0 0.6869842460615154 0.45275 0.04238559639909978 0.0625
0 0.7115528882220554 0.50075 0.04051012753188299 0.0635
0 0.682483120780195 0.5489999999999999 0.04238559639909978 0.06300000000000006
0 0.7074268567141786 0.5954999999999999 0.04351087771942985 0.06300000000000006
0 0.7314328582145537 0.54725 0.04426106526631657 0.0595
0 0.7856339084771193 0.5585 0.048387096774193616 0.062000000000000055
0 0.7530007501875469 0.48625 0.046886721680420074 0.0655
0 0.7325581395348837 0.437 0.04201050262565642 0.06000000000000005
0 0.7569392348087022 0.38675 0.045011252813203395 0.05349999999999999
0 0.7865716429107277 0.4465 0.048762190547636974 0.061
0 0.8190172543135784 0.49425 0.04538634658664664 0.0655
0 0.782258064516129 0.3375 0.04388597149287321 0.062
0 0.8087021755438859 0.394 0.04201050262565642 0.062
0 0.8259564891222806 0.21825 0.05176294073518384 0.05249999999999999
0 0.8130157539384846 0.2915 0.046886721680420185 0.056999999999999995
0 0.8569017254313578 0.28 0.048387096774193616 0.059
0 0.836271567891973 0.34625 0.05138784696174037 0.0635
0 0.8794073518379595 0.3755 0.0528882220555138 0.06000000000000005
0 0.9034133533383346 0.32975 0.055888972243060775 0.0595
0 0.8501500375093773 0.43500000000000005 0.043135783945986494 0.064
0 0.48687171792948236 0.6485000000000001 0.045761440360090055 0.05599999999999994
