0 0.14516129032258066 0.1855 0.0450112528132033 0.065
0 0.17873218304576144 0.20325 0.04538634658664664 0.07149999999999998
0 0.18773443360840208 0.14300000000000002 0.050637659414853736 0.054000000000000006
0 0.22393098274568643 0.16425 0.04876219054763692 0.0625
0 0.2711927981995499 0.2205 0.03975993998499627 0.05299999999999999
0 0.2886346586646662 0.25725 0.055138784696174004 0.07949999999999999
0 0.31939234808702177 0.201 0.038634658664666144 0.07099999999999998
0 0.3548387096774194 0.19225 0.057764441110277565 0.07350000000000001
0 0.3872843210802701 0.255 0.0641410352588147 0.08299999999999999
0 0.3310202550637659 0.1325 0.05513878469617406 0.06000000000000001
0 0.42029257314328583 0.32299999999999995 0.055888972243060775 0.08200000000000002
0 0.45405101275318827 0.3815 0.055138784696174004 0.08099999999999996
0 0.5093773443360841 0.41100000000000003 0.05326331582895727 0.07700000000000001
0 0.5581395348837209 0.40875 0.06076519129782443 0.08150000000000002
0 0.6070892723180795 0.42375 0.05513878469617395 0.07350000000000001
0 0.6796699174793699 0.3075 0.05626406601650413 0.07
0 0.668979744936234 0.2295 0.05438859714928734 0.07600000000000001
0 0.7164291072768192 0.24025000000000002 0.05326331582895727 0.07350000000000004
0 0.7372468117029258 0.30200000000000005 0.05888972243060764 0.07100000000000001
0 0.7788822205551389 0.26525 0.05663915978994749 0.07449999999999998
0 0.7081770442610653 0.155 0.06076519129782454 0.076
0 0.7657539384846213 0.184 0.059639909977494354 0.07600000000000001
0 0.8569017254313578 0.199 0.06339084771192793 0.07699999999999999
0 0.9054763690922731 0.2515 0.06076519129782454 0.08299999999999999
0 0.9561140285071268 0.30275 0.06226556639159786 0.07950000000000002
0 0.9472993248312078 0.387 0.059639909977494354 0.08200000000000002
0 0.8657164291072768 0.33875 0.06451612903225812 0.08150000000000002
0 0.8068267066766692 0.3165 0.05851462865716439 0.08099999999999996
0 0.767066766691673 0.36425 0.06076519129782443 0.07950000000000002
0 0.8203300825206301 0.38825 0.05701425356339085 0.0605
0 0.8782820705176294 0.40525 0.06789197299324834 0.07450000000000001
0 0.8435858964741185 0.47375 0.05626406601650413 0.07749999999999996
0 0.9109152288072018 0.47924999999999995 0.05513878469617406 0.07849999999999996
0 0.9180420105026257 0.548 0.05888972243060764 0.07100000000000006
0 0.8529632408102026 0.54975 0.05326331582895727 0.07250000000000001
0 0.8809077269317329 0.613 0.05888972243060764 0.06899999999999995
0 0.7648162040510127 0.43825000000000003 0.04876219054763686 0.07049999999999995
0 0.791072768192048 0.5062500000000001 0.057764441110277565 0.07950000000000002
0 0.7998874718679669 0.57375 0.050637659414853764 0.07250000000000001
0 0.8240810202550637 0.64225 0.04951237809452358 0.07350000000000001
0 0.7051762940735185 0.37725 0.050262565641410295 0.0625
0 0.7199924981245311 0.44075 0.04988747186796694 0.07349999999999995
0 0.7372468117029257 0.50175 0.04613653413353336 0.06749999999999995
0 0.7484996249062266 0.56725 0.05063765941485365 0.08050000000000002
0 0.7751312828207051 0.65375 0.05363840960240063 0.07350000000000001
0 0.7173668417104275 0.6432500000000001 0.05513878469617406 0.07350000000000001
0 0.6937359339834959 0.571 0.05513878469617395 0.06900000000000006
0 0.6927981995498875 0.5035000000000001 0.05326331582895716 0.07399999999999995
0 0.6686046511627908 0.43525 0.05138784696174048 0.07449999999999996
0 0.6385971492873219 0.4925 0.05513878469617406 0.07799999999999996
0 0.5690172543135784 0.47675 0.05701425356339085 0.06349999999999995
0 0.589834958739685 0.53775 0.05663915978994749 0.07450000000000001
0 0.6256564141035259 0.5805 0.05626406601650413 0.08800000000000008
0 0.6577269317329333 0.63775 0.05888972243060764 0.07450000000000001
0 0.5151912978244562 0.481 0.05813953488372092 0.07699999999999996
0 0.5391972993248313 0.546 0.05513878469617406 0.07500000000000007
0 0.564516129032258 0.6027499999999999 0.05176294073518373 0.0675
0 0.604463615903976 0.64825 0.04988747186796694 0.0665
0 0.5495123780945237 0.67025 0.050262565641410295 0.0675
0 0.4889347336834209 0.704 0.05438859714928729 0.06999999999999995
0 0.491747936984246 0.62275 0.05776444111027751 0.07850000000000001
0 0.4808702175543886 0.5505 0.05251312828207044 0.06899999999999995
0 0.4626781695423856 0.489 0.04913728432108028 0.066
0 0.3809077269317329 0.39075 0.05738934733683421 0.0675
0 0.36627906976744184 0.3285 0.060390097524381126 0.07100000000000001
0 0.41972993248312074 0.44625 0.053263315828957214 0.07250000000000001
0 0.40847711927981994 0.5135 0.057764441110277565 0.07
0 0.43398349587396845 0.5762499999999999 0.04876219054763692 0.0695
0 0.4463615903975994 0.6445000000000001 0.04726181545386349 0.08100000000000007
0 0.3072018004501125 0.35925 0.057764441110277565 0.0695
0 0.3437734433608402 0.4165 0.04763690922730679 0.07400000000000001
0 0.3640285071267817 0.4805 0.050637659414853764 0.06599999999999995
0 0.3690922730682671 0.5509999999999999 0.0480120030007502 0.06999999999999995
0 0.382033008252063 0.619 0.05963990997749441 0.07099999999999995
0 0.4021005251312828 0.6795 0.04726181545386349 0.06099999999999994
0 0.22674418604651161 0.23975000000000002 0.05063765941485371 0.06250000000000003
0 0.23405851462865718 0.27549999999999997 0.06151537884471117 0.07600000000000001
0 0.15247561890472616 0.24825000000000003 0.04538634658664667 0.05750000000000002
0 0.17160540135033758 0.29175 0.05438859714928734 0.057499999999999996
0 0.12528132033008252 0.29725 0.05401350337584397 0.056499999999999995
0 0.20667666916729183 0.33825 0.06151537884471117 0.07150000000000001
0 0.24887471867966993 0.39049999999999996 0.05513878469617406 0.07
0 0.2970742685671418 0.44425 0.0525131282820705 0.0665
0 0.3117029257314329 0.52125 0.0615153788447112 0.07350000000000007
0 0.3225806451612903 0.6005 0.054013503375843985 0.07199999999999995
0 0.3383345836459115 0.6692499999999999 0.06826706676669164 0.07750000000000001
0 0.3555888972243061 0.7275 0.05176294073518378 0.06599999999999995
0 0.29876219054763686 0.706 0.051387846961740424 0.06399999999999995
0 0.2704426106526632 0.7204999999999999 0.03525881470367592 0.06599999999999995
0 0.2288072018004501 0.7015 0.048012003000750175 0.06499999999999995
0 0.22468117029257315 0.6385000000000001 0.04876219054763692 0.05900000000000005
0 0.26050262565641413 0.657 0.03713428357089271 0.05300000000000005
0 0.28132033008252066 0.646 0.0480120030007502 0.07000000000000006
0 0.26969242310577646 0.575 0.053263315828957214 0.07500000000000007
0 0.2627531882970743 0.50475 0.0468867216804201 0.07150000000000001
0 0.22936984246061515 0.45099999999999996 0.054388597149287315 0.063
0 0.1704801200300075 0.40225 0.05813953488372092 0.0685
0 0.17010502625656415 0.46299999999999997 0.0603900975243811 0.057999999999999996
0 0.18510877719429858 0.51675 0.05813953488372092 0.06850000000000006
0 0.20630157539384847 0.5800000000000001 0.048012003000750175 0.07700000000000007
0 0.16129032258064516 0.58075 0.04876219054763692 0.07850000000000001
0 0.11084021005251313 0.41125 0.05813953488372092 0.07250000000000001
0 0.09602400600150038 0.48275 0.04801200300075019 0.0665
0 0.12490622655663916 0.5225 0.049512378094523635 0.06900000000000006
0 0.0335708927231808 0.5195 0.05288822205551388 0.07
0 0.040697674418604654 0.46399999999999997 0.046136534133533386 0.063
0 0.08495873968492124 0.5565 0.049887471867967 0.06899999999999995
0 0.08252063015753938 0.6014999999999999 0.04801200300075019 0.04799999999999993
0 0.12228057014253563 0.6065 0.04276069017254312 0.07500000000000007
0 0.10315078769692423 0.6415 0.04276069017254314 0.06300000000000006
0 0.14253563390847712 0.6835 0.04876219054763692 0.08200000000000007
0 0.12903225806451613 0.75925 0.0525131282820705 0.07350000000000001
