0 0.3171417854463616 0.2705 0.05063765941485371 0.10500000000000001
0 0.26462865716429107 0.355 0.046886721680420074 0.09900000000000003
0 0.36346586646661666 0.34199999999999997 0.05626406601650413 0.10300000000000004
0 0.34508627156789196 0.36525 0.045761440360090055 0.07850000000000001
0 0.26294073518379596 0.44525000000000003 0.04351087771942985 0.08849999999999997
0 0.30457614403600897 0.45899999999999996 0.04876219054763692 0.09200000000000003
0 0.3507126781695424 0.43975 0.05551387846961742 0.09149999999999997
0 0.29426106526631657 0.5335 0.04163540885221306 0.08499999999999996
0 0.3478994748687172 0.54725 0.04688672168042013 0.08750000000000002
0 0.38540885221305327 0.534 0.05513878469617406 0.09100000000000003
0 0.4187921980495124 0.47375 0.05963990997749441 0.09549999999999997
0 0.2865716429107277 0.63075 0.04576144036009 0.08450000000000002
0 0.35352588147036756 0.75925 0.05063765941485371 0.09550000000000003
0 0.3317704426106527 0.70275 0.04838709677419356 0.07250000000000001
0 0.39909977494373594 0.60975 0.04426106526631657 0.07850000000000001
0 0.42948237059264815 0.64625 0.054013503375843985 0.09749999999999992
0 0.4626781695423856 0.7384999999999999 0.05513878469617406 0.09900000000000009
0 0.41916729182295576 0.8382499999999999 0.05888972243060764 0.08750000000000002
0 0.5151912978244562 0.85175 0.06414103525881465 0.10349999999999993
0 0.5298199549887472 0.7745 0.06339084771192793 0.10699999999999998
0 0.5470742685671418 0.6819999999999999 0.06714178544636162 0.10999999999999999
0 0.5065641410352588 0.63425 0.05813953488372087 0.09050000000000002
0 0.5157539384846211 0.5555 0.06601650412603144 0.10299999999999998
0 0.47168042010502625 0.55325 0.04913728432108022 0.09750000000000003
0 0.5030007501875469 0.45825 0.06076519129782443 0.09150000000000003
0 0.4521755438859715 0.3635 0.05813953488372092 0.10499999999999998
0 0.5127531882970743 0.36875 0.06676669167291821 0.11249999999999999
0 0.5626406601650413 0.46525 0.0682670667666917 0.11350000000000005
0 0.49324831207801956 0.2675 0.06301575393848463 0.099
0 0.4975618904726181 0.158 0.07389347336834207 0.122
0 0.6069017254313578 0.197 0.08552138034508627 0.133
0 0.5772693173293324 0.26175 0.07276819204801199 0.0995
0 0.5973368342085521 0.379 0.0798949737434359 0.124
0 0.6408477119279821 0.49975 0.0798949737434359 0.11850000000000005
0 0.6055888972243061 0.56375 0.07464366091522878 0.10050000000000003
0 0.6312828207051763 0.6795 0.08102025506376598 0.119
0 0.7188672168042011 0.733 0.0933983495873969 0.121
0 0.6691672918229556 0.6255 0.0960240060015004 0.126
0 0.8034508627156789 0.66525 0.09902475618904727 0.12749999999999995
0 0.7576894223555889 0.5445 0.0960240060015003 0.12200000000000005
0 0.8683420855213804 0.559 0.1095273818454614 0.12300000000000005
0 0.8002625656414104 0.44025000000000003 0.10465116279069775 0.1395
0 0.7708177044261065 0.30325 0.10127531882970753 0.1265
0 0.6896099024756188 0.29525 0.0798949737434359 0.1185
