0 0.10165041260315079 0.3955 0.09077269317329331 0.126
0 0.19898724681170293 0.27775 0.09414853713428356 0.13050000000000003
0 0.21417854463615904 0.39825 0.08477119279819956 0.10450000000000004
0 0.28994748687171795 0.361 0.08777194298574645 0.127
0 0.09883720930232558 0.5117499999999999 0.09114778694673667 0.11049999999999993
0 0.17966991747936983 0.5137499999999999 0.08552138034508627 0.11449999999999994
0 0.26406601650412603 0.47725 0.09152288072018003 0.10750000000000004
0 0.35783945986496624 0.501 0.08852213053263314 0.10299999999999998
0 0.1427231807951988 0.6127499999999999 0.07839459864966242 0.09550000000000003
0 0.16897974493623408 0.73525 0.08139534883720931 0.11649999999999994
0 0.24774943735933985 0.806 0.08514628657164294 0.09900000000000009
0 0.32651912978244557 0.84425 0.08889722430607655 0.10750000000000004
0 0.40941485371342834 0.89775 0.08889722430607655 0.08449999999999991
0 0.48743435858964745 0.86275 0.07914478619654913 0.09650000000000003
0 0.22693173293323332 0.61275 0.08402100525131284 0.10549999999999993
0 0.3066391597899475 0.5820000000000001 0.09639909977494376 0.09599999999999997
0 0.29932483120780196 0.6655 0.07801950487621906 0.09099999999999997
0 0.3722805701425356 0.6892499999999999 0.0843960990247562 0.10750000000000004
0 0.4330457614403601 0.773 0.07914478619654913 0.10099999999999998
0 0.5183795948987246 0.775 0.08177044261065264 0.09499999999999997
0 0.400225056264066 0.57925 0.07351837959489871 0.10849999999999993
0 0.45555138784696175 0.6505000000000001 0.08214553638409605 0.09199999999999997
0 0.5339459864966242 0.67525 0.082145536384096 0.10050000000000003
0 0.6189047261815454 0.6427499999999999 0.08927231807951985 0.10550000000000004
0 0.4761815453863466 0.56175 0.08439609902475614 0.10450000000000004
0 0.3809077269317329 0.3765 0.08589647411852963 0.119
0 0.4457989497374344 0.46224999999999994 0.08289572393098271 0.10849999999999999
0 0.4176669167291823 0.26925 0.08514628657164286 0.11050000000000001
0 0.4638034508627157 0.1535 0.09564891222805705 0.121
0 0.5191297824456114 0.255 0.08852213053263314 0.11399999999999999
0 0.5993998499624906 0.19375 0.09827456864216044 0.1225
0 0.6378469617404352 0.28575 0.08364591147786948 0.11050000000000001
0 0.7269317329332333 0.28575 0.09452363090772686 0.11050000000000001
0 0.48424606151537886 0.36675 0.08552138034508627 0.1215
0 0.5742685671417854 0.3655 0.09002250562640657 0.124
0 0.531695423855964 0.4565 0.08289572393098271 0.11799999999999994
0 0.562828207051763 0.5469999999999999 0.08739684921230306 0.09399999999999997
0 0.6145911477869468 0.47575 0.08364591147786948 0.11450000000000005
0 0.668417104276069 0.576 0.08777194298574642 0.11299999999999999
0 0.7078019504876218 0.661 0.08777194298574653 0.10099999999999998
0 0.7616279069767442 0.5822499999999999 0.08364591147786948 0.10449999999999993
0 0.7274943735933983 0.4885 0.08214553638409605 0.10999999999999999
0 0.8010127531882971 0.48350000000000004 0.07839459864966247 0.10100000000000003
0 0.6597899474868718 0.36675 0.07351837959489871 0.09549999999999997
0 0.7753188297074268 0.3905 0.08777194298574642 0.118
