0 0.21305326331582897 0.8454999999999999 0.03900975243810953 0.04500000000000004
0 0.2798199549887472 0.89875 0.04426106526631657 0.05249999999999999
0 0.33402100525131284 0.8605 0.04088522130532635 0.05599999999999994
0 0.2680045011252813 0.8345 0.036384096024005996 0.050000000000000044
0 0.27475618904726185 0.8095 0.04088522130532629 0.04800000000000004
0 0.39141035258814705 0.8614999999999999 0.03563390847711928 0.05300000000000005
0 0.36046511627906974 0.8175 0.04501125281320334 0.050000000000000044
0 0.3253938484621155 0.792 0.03713428357089271 0.04500000000000004
0 0.34639909977494376 0.7695000000000001 0.04088522130532629 0.051000000000000045
0 0.3188297074268567 0.74425 0.036759189797449354 0.04849999999999999
0 0.24643660915228807 0.7005 0.04726181545386349 0.05699999999999994
0 0.21305326331582897 0.6577500000000001 0.038259564891222814 0.054500000000000104
0 0.2471867966991748 0.6265000000000001 0.03975993998499622 0.05300000000000005
0 0.29744936234058517 0.65375 0.03975993998499622 0.055499999999999994
0 0.30382595648912225 0.69975 0.03525881470367592 0.04849999999999999
0 0.3332708177044261 0.6995 0.040135033758439576 0.052999999999999936
0 0.3342085521380345 0.6675 0.04276069017254314 0.05600000000000005
0 0.3724681170292573 0.7050000000000001 0.04351087771942985 0.051999999999999935
0 0.37884471117779445 0.75875 0.045011252813203284 0.058499999999999996
0 0.39666166541635406 0.802 0.04088522130532629 0.04999999999999993
0 0.43285821455363843 0.8282499999999999 0.04201050262565642 0.0595
0 0.4382970742685671 0.7885 0.0453863465866467 0.04600000000000004
0 0.47336834208552137 0.8327500000000001 0.04426106526631657 0.05349999999999999
0 0.5116279069767442 0.81775 0.04126031507876965 0.0615
0 0.5500750187546887 0.825 0.037884471117779484 0.061999999999999944
0 0.482370592648162 0.77725 0.04351087771942985 0.0495000000000001
0 0.5361965491372843 0.77725 0.046886721680420074 0.0535000000000001
0 0.5750187546886723 0.7835 0.03675918979744941 0.062000000000000055
0 0.4551762940735184 0.73625 0.04088522130532635 0.0605
0 0.40660165041260315 0.72025 0.04351087771942985 0.0625
0 0.43623405851462865 0.6785 0.04426106526631657 0.05800000000000005
0 0.4795573893473368 0.68275 0.04388597149287321 0.05349999999999999
0 0.5065641410352588 0.7164999999999999 0.04613653413353336 0.04700000000000004
0 0.5253188297074268 0.6865 0.044636159039759926 0.06000000000000005
0 0.4013503375843961 0.645 0.04201050262565642 0.04699999999999993
0 0.3516504126031508 0.619 0.039384846211552915 0.050999999999999934
0 0.3190172543135784 0.611 0.040135033758439576 0.050000000000000044
0 0.2830082520630157 0.5735 0.040135033758439576 0.05899999999999994
0 0.31882970742685673 0.57125 0.04426106526631657 0.055499999999999994
0 0.24381095273818454 0.529 0.046511627906976716 0.05400000000000005
0 0.28188297074268565 0.5115000000000001 0.043135783945986494 0.051000000000000045
0 0.20967741935483872 0.47175 0.04876219054763692 0.0605
0 0.19692423105776444 0.41625 0.04876219054763692 0.058499999999999996
0 0.22843210802700675 0.35525 0.04051012753188299 0.055499999999999994
0 0.26181545386346583 0.35275 0.05026256564141035 0.056499999999999995
0 0.2710052513128282 0.2835 0.0386346586646662 0.064
0 0.31207801950487624 0.32875 0.04426106526631657 0.056499999999999995
0 0.3233308327081771 0.38175 0.05026256564141035 0.0595
0 0.3722805701425356 0.38025 0.04163540885221306 0.0665
0 0.3687171792948237 0.314 0.0480120030007502 0.06899999999999995
0 0.35783945986496624 0.44325 0.04726181545386343 0.056499999999999995
0 0.33983495873968494 0.503 0.049512378094523635 0.06000000000000005
0 0.38428357089272314 0.483 0.05063765941485371 0.04799999999999999
0 0.373218304576144 0.5842499999999999 0.0480120030007502 0.055499999999999994
0 0.40078769692423105 0.5409999999999999 0.043135783945986494 0.06500000000000006
0 0.4154163540885221 0.59875 0.04538634658664664 0.0495000000000001
0 0.4427981995498875 0.5525 0.044636159039759926 0.06400000000000006
0 0.44392348087021755 0.49575 0.043135783945986494 0.061499999999999944
0 0.4876219054763691 0.5117499999999999 0.040510127531883044 0.0635
0 0.45236309077269315 0.629 0.04426106526631657 0.05899999999999994
0 0.4833083270817704 0.585 0.04088522130532629 0.05999999999999994
0 0.49568642160540133 0.627 0.04238559639909978 0.050999999999999934
0 0.5326331582895725 0.61175 0.045011252813203284 0.0595
0 0.5221305326331582 0.5615 0.050262565641410295 0.062000000000000055
0 0.5300075018754689 0.5055000000000001 0.04576144036009011 0.05300000000000005
0 0.5101275318829708 0.45475 0.04426106526631657 0.0605
0 0.4966241560390097 0.39625 0.04726181545386343 0.0605
0 0.47655663915978996 0.34550000000000003 0.04688672168042013 0.064
0 0.4508627156789197 0.27925 0.04726181545386343 0.0645
0 0.4216054013503376 0.23375 0.04801200300075015 0.0615
0 0.4579894973743436 0.182 0.052513128282070554 0.067
0 0.4928732183045761 0.25375 0.054763690922730646 0.07049999999999998
0 0.510502625656414 0.19525 0.04726181545386343 0.0685
0 0.5127531882970743 0.3145 0.048762190547636974 0.059
0 0.5382595648912227 0.404 0.04351087771942985 0.066
0 0.5879594898724682 0.72725 0.039384846211552915 0.04749999999999999
0 0.563953488372093 0.6890000000000001 0.04013503375843963 0.06500000000000006
0 0.5776444111027756 0.621 0.046511627906976716 0.06299999999999994
0 0.5738934733683421 0.5585 0.04951237809452369 0.06099999999999994
0 0.608589647411853 0.661 0.04238559639909978 0.06300000000000006
0 0.6260315078769692 0.71975 0.04276069017254314 0.05750000000000011
0 0.6243435858964741 0.76675 0.04013503375843963 0.05149999999999999
0 0.6192798199549887 0.57475 0.04576144036009 0.0665
0 0.5868342085521381 0.4995 0.0476369092273069 0.06599999999999995
0 0.5877719429857464 0.4275 0.04351087771942985 0.066
0 0.5648912228057015 0.35550000000000004 0.05101275318829701 0.064
0 0.5401350337584396 0.2545 0.04951237809452369 0.07299999999999998
0 0.5813953488372093 0.28425 0.054013503375843985 0.07050000000000001
0 0.5823330832708178 0.211 0.05663915978994749 0.066
0 0.5622655663915979 0.15375 0.04726181545386343 0.0675
0 0.6612903225806452 0.13874999999999998 0.04276069017254314 0.0705
0 0.6354088522130532 0.23575000000000002 0.04876219054763686 0.07350000000000001
0 0.6295948987246811 0.3045 0.04988747186796705 0.07200000000000001
0 0.6219054763690923 0.372 0.04951237809452358 0.067
0 0.6322205551387847 0.43200000000000005 0.04763690922730679 0.059
0 0.6374718679669917 0.49624999999999997 0.04388597149287321 0.06649999999999995
0 0.6605401350337585 0.55025 0.04876219054763686 0.058499999999999996
0 0.6665416354088523 0.616 0.04426106526631657 0.06099999999999994
0 0.6560390097524381 0.6765 0.04576144036009011 0.06800000000000006
0 0.687171792948237 0.74 0.04426106526631657 0.06000000000000005
0 0.6686046511627907 0.7725 0.04388597149287321 0.051000000000000045
0 0.7408102025506377 0.7295 0.04801200300075026 0.05999999999999994
0 0.7051762940735185 0.669 0.04801200300075015 0.05700000000000005
0 0.7147411852963241 0.6154999999999999 0.048387096774193616 0.06700000000000006
0 0.7522505626406601 0.6699999999999999 0.035633908477119336 0.04500000000000004
0 0.7661290322580645 0.6365000000000001 0.044636159039759926 0.05700000000000005
0 0.7085521380345086 0.5605 0.041260315078769705 0.06499999999999995
0 0.7689422355588897 0.546 0.04726181545386343 0.06300000000000006
0 0.7209302325581395 0.50375 0.046511627906976716 0.06250000000000006
0 0.672543135783946 0.45675 0.048762190547636974 0.07050000000000001
0 0.6982370592648162 0.405 0.05513878469617406 0.062
0 0.7372468117029257 0.44375 0.039384846211552915 0.0655
0 0.7730682670667668 0.48125 0.041260315078769705 0.0675
0 0.7415603900975244 0.37949999999999995 0.039009752438109446 0.067
0 0.7111777944486122 0.3405 0.05176294073518384 0.062
0 0.6710427606901725 0.28425 0.050262565641410406 0.07150000000000001
0 0.6852963240810203 0.21175 0.05176294073518384 0.0695
0 0.7218679669917479 0.281 0.04988747186796694 0.069
0 0.7860090022505626 0.42000000000000004 0.05438859714928734 0.065
0 0.8225806451612903 0.49150000000000005 0.04951237809452358 0.065
0 0.8430232558139534 0.44325 0.048387096774193616 0.0665
0 0.8960990247561891 0.43125 0.04726181545386343 0.0635
0 0.8193923480870218 0.369 0.04988747186796694 0.069
0 0.7740060015003751 0.32125 0.05663915978994749 0.0675
0 0.8231432858214554 0.3025 0.05138784696174037 0.064
0 0.8600900225056264 0.34550000000000003 0.05176294073518384 0.062
0 0.7644411102775694 0.22975 0.055513878469617306 0.0695
0 0.7126781695423856 0.15725 0.04651162790697683 0.0625
0 0.762940735183796 0.1655 0.046511627906976716 0.068
0 0.7620030007501876 0.08574999999999999 0.046886721680420074 0.0695
0 0.8177044261065267 0.1255 0.04726181545386343 0.059
0 0.8122655663915979 0.19525 0.046886721680420074 0.0605
0 0.8413353338334584 0.25075 0.04801200300075026 0.06449999999999997
0 0.8555888972243061 0.1575 0.048762190547636974 0.07
0 0.9154163540885221 0.22425 0.050637659414853764 0.0675
0 0.9322955738934734 0.25775 0.035633908477119336 0.05249999999999996
0 0.9099774943735934 0.29075 0.059264816204050996 0.0655
0 0.9456114028507128 0.31725 0.04576144036009 0.0665
0 0.9193548387096775 0.36975 0.05176294073518373 0.0685
