0 0.12378094523630907 0.44375 0.05401350337584396 0.07350000000000001
0 0.18060765191297823 0.47450000000000003 0.054388597149287315 0.07300000000000001
0 0.14722430607651912 0.5429999999999999 0.05063765941485371 0.05900000000000005
0 0.19523630907726933 0.5505 0.05813953488372092 0.06699999999999995
0 0.19448612153038258 0.5952500000000001 0.06189047261815453 0.0635
0 0.23855963990997747 0.6555 0.056264066016504105 0.06599999999999995
0 0.24681170292573143 0.599 0.053263315828957214 0.06600000000000006
0 0.2833833458364591 0.647 0.05063765941485371 0.06499999999999995
0 0.32914478619654913 0.6785 0.05363840960240063 0.052000000000000046
0 0.2976369092273068 0.5914999999999999 0.05438859714928729 0.06799999999999995
0 0.3420855213803451 0.60675 0.057764441110277565 0.0625
0 0.3852213053263316 0.6332500000000001 0.04876219054763686 0.0655
0 0.3510877719429858 0.54925 0.06451612903225806 0.0685
0 0.4300450112528132 0.6275 0.05738934733683421 0.05999999999999994
0 0.41091522880720177 0.5675 0.056639159789947435 0.06699999999999995
0 0.2835708927231808 0.5342499999999999 0.06376594148537135 0.0615
0 0.2391222805701425 0.48975 0.05663915978994746 0.05749999999999994
0 0.20498874718679672 0.41800000000000004 0.0603900975243811 0.07700000000000001
0 0.25712678169542386 0.45399999999999996 0.06189047261815453 0.07500000000000001
0 0.140847711927982 0.37725 0.06639159789947488 0.07349999999999995
0 0.18604651162790697 0.305 0.05326331582895724 0.08299999999999996
0 0.222993248312078 0.29700000000000004 0.07014253563390846 0.09100000000000003
0 0.2520630157539385 0.37224999999999997 0.062265566391597915 0.08349999999999996
0 0.3148912228057014 0.376 0.06039009752438107 0.08299999999999996
0 0.3182670667666917 0.4755 0.0641410352588147 0.06999999999999995
0 0.3825956489122281 0.48324999999999996 0.058514628657164336 0.06449999999999995
0 0.3700300075018754 0.41825 0.06264066016504127 0.07650000000000001
0 0.29369842460615153 0.28725 0.059264816204050996 0.09250000000000003
0 0.35352588147036756 0.3235 0.06264066016504127 0.08899999999999997
0 0.40003750937734434 0.37275 0.06789197299324834 0.08949999999999997
0 0.4071642910727682 0.3035 0.06714178544636162 0.09099999999999997
0 0.44804951237809454 0.40975 0.06339084771192799 0.07450000000000001
0 0.4731807951987997 0.3135 0.06339084771192793 0.08099999999999996
0 0.5163165791447862 0.26025 0.06939234808702183 0.0955
0 0.5496999249812453 0.318 0.06639159789947491 0.07599999999999996
0 0.5166916729182296 0.38075000000000003 0.06264066016504122 0.07949999999999996
0 0.4857464366091523 0.47525 0.0547636909227307 0.07750000000000001
0 0.4317329332333083 0.5085000000000001 0.06451612903225806 0.08300000000000002
0 0.47843210802700675 0.5507500000000001 0.05438859714928729 0.07150000000000001
0 0.48255813953488375 0.6045 0.055888972243060775 0.05399999999999994
0 0.5303825956489122 0.6007499999999999 0.059264816204050996 0.0595
0 0.5909602400600149 0.615 0.05663915978994749 0.05699999999999994
0 0.5838334583645912 0.5589999999999999 0.055888972243060775 0.06900000000000006
0 0.5311327831957989 0.51125 0.04951237809452369 0.07150000000000006
0 0.5532633158289573 0.46624999999999994 0.05701425356339085 0.07249999999999995
0 0.6204051012753189 0.41125 0.06451612903225812 0.07950000000000002
0 0.5868342085521381 0.26 0.0708927231807952 0.094
0 0.6170292573143286 0.3305 0.07426856714178542 0.08300000000000002
0 0.613278319579895 0.472 0.06601650412603144 0.07299999999999995
0 0.6429107276819205 0.554 0.06226556639159786 0.07300000000000006
0 0.6504126031507877 0.5920000000000001 0.05626406601650402 0.061999999999999944
0 0.6800450112528131 0.28925 0.078019504876219 0.09150000000000003
0 0.7134283570892723 0.362 0.0690172543135783 0.08899999999999997
0 0.68192048012003 0.41175 0.06301575393848458 0.07950000000000002
0 0.6946736684171042 0.49824999999999997 0.06526631657914483 0.07249999999999995
0 0.7143660915228807 0.587 0.0663915978994748 0.07100000000000006
0 0.6965491372843211 0.6127499999999999 0.06001500375093771 0.0655
0 0.7621905476369093 0.54025 0.06751687921980498 0.07050000000000001
0 0.7578769692423106 0.58275 0.048387096774193616 0.05449999999999999
0 0.8030757689422356 0.54175 0.04726181545386343 0.07150000000000001
0 0.8375843960990248 0.46675 0.0637659414853714 0.06749999999999995
0 0.8433983495873969 0.4155 0.07314328582145546 0.07200000000000001
0 0.7665041260315079 0.4215 0.07689422355588893 0.08100000000000002
0 0.7970742685671418 0.35150000000000003 0.07801950487621911 0.08500000000000002
0 0.762940735183796 0.27325 0.06901725431357841 0.0885
