0 0.10690172543135784 0.3755 0.07876969242310577 0.09499999999999997
0 0.13653413353338334 0.311 0.07876969242310577 0.09399999999999997
0 0.19411102775693923 0.402 0.06189047261815453 0.08300000000000002
0 0.23518379594898725 0.45675 0.06226556639159789 0.08550000000000002
0 0.24943735933983496 0.36175 0.07126781695423856 0.08650000000000002
0 0.22336834208552137 0.24675 0.07314328582145535 0.09549999999999997
0 0.30532633158289574 0.2385 0.07426856714178542 0.09999999999999998
0 0.3619654913728432 0.1965 0.06751687921980493 0.099
0 0.4026631657914479 0.28225 0.06639159789947485 0.09150000000000003
0 0.45817704426106526 0.2325 0.055888972243060775 0.08900000000000002
0 0.4671792948237059 0.3185 0.06489122280570142 0.08899999999999997
0 0.536946736684171 0.3895 0.0798949737434358 0.09899999999999998
0 0.5620780195048762 0.32575 0.059639909977494354 0.08150000000000002
0 0.5609527381845462 0.23024999999999998 0.06789197299324834 0.10349999999999998
0 0.6065266316579145 0.25375 0.05251312828207044 0.0975
0 0.6517254313578394 0.258 0.06339084771192804 0.096
0 0.7003000750187547 0.23950000000000002 0.06226556639159786 0.08100000000000002
0 0.7064891222805701 0.32425 0.07164291072768192 0.07950000000000002
0 0.6136534133533383 0.3405 0.05626406601650413 0.08100000000000002
0 0.6389722430607652 0.35325 0.050637659414853764 0.07950000000000002
0 0.6896099024756188 0.39425 0.0618904726181545 0.0655
0 0.7503750937734434 0.4095 0.059639909977494465 0.08300000000000002
0 0.7897599399849962 0.3195 0.05888972243060764 0.065
0 0.8027006751687922 0.38349999999999995 0.052513128282070554 0.07200000000000001
0 0.8113278319579895 0.44375 0.04951237809452369 0.0655
0 0.8100150037509377 0.23925 0.0708927231807952 0.09549999999999997
0 0.8426481620405102 0.30325 0.050637659414853764 0.07850000000000001
0 0.844523630907727 0.35625 0.04163540885221306 0.07150000000000001
0 0.3351462865716429 0.32075 0.0618904726181545 0.09149999999999997
0 0.4092273068267067 0.372 0.0615153788447112 0.08099999999999996
0 0.3411477869467367 0.4105 0.05888972243060764 0.09300000000000003
0 0.3079519879969993 0.469 0.06526631657914478 0.07
0 0.12265566391597899 0.49324999999999997 0.0757689422355589 0.09449999999999997
0 0.19467366841710426 0.50875 0.07126781695423853 0.08450000000000002
0 0.24399849962490622 0.5647500000000001 0.06864216054013503 0.09550000000000003
0 0.21567891972993247 0.6335 0.06676669167291824 0.08799999999999997
0 0.286384096024006 0.65225 0.06864216054013506 0.08650000000000002
0 0.30176294073518384 0.5885 0.07614403600900227 0.09399999999999997
0 0.3582145536384096 0.516 0.062265566391597915 0.08900000000000002
0 0.39141035258814705 0.44875 0.059639909977494354 0.08450000000000002
0 0.4549887471867967 0.447 0.062265566391597915 0.08799999999999997
0 0.4491747936984246 0.5277499999999999 0.06339084771192799 0.07350000000000001
0 0.3994748687171793 0.5795 0.06676669167291827 0.07800000000000007
0 0.37134283570892723 0.64625 0.061515378844711144 0.08450000000000002
0 0.36102775693923483 0.718 0.058889722430607694 0.07099999999999995
0 0.41916729182295576 0.7335 0.059639909977494354 0.07100000000000006
0 0.450112528132033 0.6970000000000001 0.07051762940735185 0.07700000000000007
0 0.47505626406601653 0.6232500000000001 0.06789197299324834 0.08950000000000002
0 0.5015003750937734 0.6757500000000001 0.057764441110277565 0.07350000000000001
0 0.5211927981995499 0.7497499999999999 0.058889722430607694 0.07950000000000002
0 0.5902100525131283 0.72875 0.06489122280570148 0.0635
0 0.5840210052513128 0.79325 0.05101275318829712 0.0695
0 0.6067141785446362 0.6735 0.059639909977494465 0.08800000000000008
0 0.5125656414103525 0.54725 0.055888972243060775 0.07950000000000002
0 0.555701425356339 0.58275 0.059639909977494354 0.07850000000000001
0 0.5133158289572393 0.4545 0.05438859714928734 0.067
0 0.5500750187546887 0.495 0.053638409602400516 0.07800000000000001
0 0.5753938484621155 0.41475 0.04951237809452358 0.08450000000000002
0 0.6245311327831958 0.43425 0.061515378844711144 0.08449999999999996
0 0.635596399099775 0.5245 0.05888972243060775 0.08200000000000002
0 0.6237809452363091 0.58775 0.052513128282070554 0.07850000000000001
0 0.7179294823705926 0.598 0.05626406601650413 0.08699999999999997
0 0.6905476369092273 0.6645 0.057764441110277565 0.08899999999999997
0 0.6577269317329333 0.73425 0.06039009752438107 0.07450000000000001
0 0.7293698424606152 0.73375 0.050637659414853764 0.0665
0 0.8042010502625656 0.7290000000000001 0.06976744186046513 0.08799999999999997
0 0.8715303825956489 0.71175 0.06339084771192793 0.08549999999999991
0 0.8743435858964741 0.77925 0.06301575393848458 0.0615
0 0.8480870217554388 0.8420000000000001 0.054013503375843985 0.08599999999999997
0 0.7349962490622655 0.49425 0.05813953488372092 0.08950000000000002
0 0.7914478619654914 0.5589999999999999 0.06451612903225812 0.09500000000000008
0 0.8304576144036009 0.59075 0.06076519129782443 0.0794999999999999
