0 0.16072768192048012 0.51825 0.044636159039759926 0.07050000000000001
0 0.18117029257314327 0.5720000000000001 0.05551387846961739 0.07700000000000007
0 0.2108027006751688 0.504 0.0480120030007502 0.07600000000000001
0 0.24549887471867965 0.54225 0.0536384096024006 0.07850000000000001
0 0.1800450112528132 0.6455 0.049512378094523635 0.07700000000000007
0 0.20930232558139533 0.69575 0.048012003000750175 0.08250000000000002
0 0.22580645161290322 0.619 0.04876219054763692 0.08200000000000007
0 0.20648912228057015 0.42300000000000004 0.046136534133533386 0.07600000000000001
0 0.25168792198049517 0.38075000000000003 0.049512378094523635 0.07549999999999996
0 0.2595648912228057 0.3115 0.04726181545386349 0.06699999999999995
0 0.3023255813953488 0.33599999999999997 0.05551387846961742 0.07600000000000001
0 0.29613653413353336 0.40725 0.052888222055513856 0.07350000000000001
0 0.25356339084771196 0.46449999999999997 0.05026256564141035 0.08199999999999996
0 0.30007501875468867 0.4875 0.052513128282070554 0.07599999999999996
0 0.33402100525131284 0.45975 0.05813953488372092 0.07850000000000001
0 0.33289572393098277 0.5325 0.055888972243060775 0.07800000000000001
0 0.2950112528132033 0.575 0.05063765941485371 0.07999999999999996
0 0.26969242310577646 0.6485 0.05176294073518378 0.08699999999999997
0 0.2528132033008252 0.7317499999999999 0.05476369092273067 0.07350000000000001
0 0.3113278319579895 0.6890000000000001 0.05551387846961736 0.07799999999999996
0 0.3539009752438109 0.7375 0.05438859714928729 0.08999999999999997
0 0.40753938484621155 0.7417499999999999 0.06039009752438107 0.09150000000000003
0 0.382033008252063 0.65175 0.055138784696174004 0.09049999999999991
0 0.32651912978244557 0.61175 0.06189047261815456 0.08250000000000002
0 0.3870967741935484 0.4945 0.05701425356339085 0.08599999999999997
0 0.40360090022505624 0.56925 0.062265566391597915 0.08450000000000002
0 0.35352588147036756 0.31525000000000003 0.05438859714928729 0.07749999999999996
0 0.3840960240060015 0.39425 0.054013503375843985 0.08450000000000002
0 0.42441860465116277 0.4295 0.05963990997749441 0.07400000000000001
0 0.4182295573893473 0.30625 0.05551387846961736 0.07549999999999996
0 0.45255063765941483 0.351 0.05663915978994749 0.09100000000000003
0 0.48237059264816207 0.42925 0.054013503375843985 0.08749999999999997
0 0.4503000750187547 0.50525 0.05738934733683421 0.08150000000000002
0 0.472993248312078 0.577 0.0705176294073519 0.08500000000000008
0 0.4444861215303826 0.66 0.06301575393848463 0.09099999999999997
0 0.48349587396849214 0.74425 0.0660165041260315 0.09450000000000003
0 0.5105026256564141 0.6625000000000001 0.0547636909227307 0.09999999999999998
0 0.5425731432858214 0.5842499999999999 0.0618904726181545 0.08649999999999991
0 0.5116279069767442 0.5085 0.06376594148537135 0.08999999999999997
0 0.5176294073518379 0.31225 0.054763690922730646 0.08349999999999996
0 0.5333833458364591 0.3855 0.059264816204050996 0.08799999999999997
0 0.5564516129032258 0.443 0.06564141035258808 0.09799999999999998
0 0.5802700675168793 0.32175 0.057764441110277565 0.09049999999999997
0 0.6177794448612153 0.3855 0.06376594148537129 0.09399999999999997
0 0.6792948237059264 0.35625 0.07351837959489871 0.09150000000000003
0 0.7271192798199551 0.41000000000000003 0.06564141035258808 0.10200000000000004
0 0.6693548387096774 0.494 0.07464366091522878 0.09400000000000003
0 0.6018379594898725 0.50875 0.07389347336834207 0.09349999999999997
0 0.6074643660915229 0.59425 0.06489122280570148 0.09550000000000003
0 0.5720180045011253 0.6705 0.06451612903225801 0.09499999999999997
0 0.5495123780945237 0.75475 0.06601650412603155 0.08650000000000002
0 0.6235933983495874 0.7809999999999999 0.07164291072768192 0.09999999999999998
0 0.6918604651162791 0.783 0.07689422355588893 0.09899999999999998
0 0.6352213053263316 0.68275 0.07014253563390849 0.09950000000000003
0 0.668979744936234 0.59475 0.06714178544636162 0.10450000000000004
0 0.731807951987997 0.5405 0.07351837959489871 0.08899999999999997
0 0.7828207051762941 0.46575 0.07651912978244557 0.08850000000000002
0 0.8422730682670667 0.42525 0.08139534883720934 0.09849999999999998
0 0.8049512378094523 0.552 0.07726931732933229 0.09999999999999998
0 0.7123030757689423 0.6779999999999999 0.06601650412603144 0.09799999999999998
0 0.778694673668417 0.642 0.07576894223555886 0.09099999999999997
0 0.7691297824456114 0.73775 0.07689422355588904 0.09650000000000003
0 0.7496249062265566 0.84975 0.07914478619654908 0.11050000000000004
0 0.8514628657164292 0.70775 0.08027006751687915 0.11250000000000004
0 0.8987246811702926 0.6387499999999999 0.08777194298574642 0.10350000000000004
0 0.8863465866466617 0.52625 0.0870217554388597 0.09250000000000003
0 0.9006001500375094 0.4845 0.052513128282070554 0.05599999999999994
