0 0.27606901725431354 0.28500000000000003 0.03975993998499622 0.059
0 0.32501875468867214 0.37150000000000005 0.04088522130532629 0.055999999999999994
0 0.36609152288072017 0.40025 0.041260315078769705 0.05449999999999999
0 0.3987246811702926 0.4495 0.036759189797449354 0.055999999999999994
0 0.4187921980495124 0.48925 0.03938484621155286 0.05349999999999999
0 0.44223555888972244 0.4485 0.03825956489122284 0.05299999999999999
0 0.42104276069017255 0.40775 0.04238559639909978 0.05249999999999999
0 0.363278319579895 0.3375 0.04013503375843963 0.059
0 0.4079144786196549 0.348 0.03713428357089271 0.05499999999999999
0 0.3689047261815454 0.27725 0.043135783945986494 0.057499999999999996
0 0.3970367591897974 0.26249999999999996 0.03713428357089271 0.05099999999999999
0 0.4386721680420105 0.29275 0.043135783945986494 0.05449999999999999
0 0.45911477869467365 0.33275 0.0390097524381095 0.04949999999999999
0 0.45892723180795203 0.2545 0.034883720930232565 0.04400000000000001
0 0.49381095273818454 0.276 0.03563390847711928 0.044999999999999984
0 0.5018754688672168 0.22075 0.039009752438109446 0.04749999999999999
0 0.5343210802700675 0.14775 0.04013503375843963 0.05249999999999999
0 0.559264816204051 0.195 0.0367591897974493 0.05199999999999999
0 0.5373218304576144 0.2405 0.03713428357089277 0.049000000000000016
0 0.5360090022505626 0.29625 0.03975993998499627 0.05149999999999999
0 0.5136909227306826 0.32225 0.03713428357089271 0.05149999999999999
0 0.5502625656414104 0.34575 0.037509377344336126 0.05049999999999999
0 0.49381095273818454 0.37024999999999997 0.0386346586646662 0.04850000000000004
0 0.5320705176294074 0.388 0.04013503375843963 0.05399999999999999
0 0.48237059264816207 0.4505 0.040510127531882933 0.04899999999999999
0 0.5101275318829708 0.44075 0.03150787696924234 0.04650000000000004
0 0.5461365341335334 0.44799999999999995 0.03825956489122284 0.04999999999999999
0 0.516504126031508 0.4895 0.03900975243810956 0.04999999999999993
0 0.4639909977494373 0.502 0.03600900225056264 0.052000000000000046
0 0.486496624156039 0.54175 0.0390097524381095 0.05249999999999999
0 0.44973743435858965 0.56225 0.04351087771942985 0.058499999999999996
0 0.4086646661665416 0.6005 0.03788447111777943 0.05999999999999994
0 0.4373593398349588 0.638 0.03750937734433607 0.06099999999999994
0 0.47336834208552137 0.6572499999999999 0.036759189797449354 0.0615
0 0.4797449362340585 0.6025 0.03975993998499627 0.05599999999999994
0 0.5202550637659416 0.59925 0.04201050262565642 0.0625
0 0.5316954238559639 0.5367500000000001 0.03638409602400594 0.05149999999999999
0 0.5714553638409603 0.5405 0.03338334583645908 0.05400000000000005
0 0.5673293323330832 0.487 0.0386346586646662 0.05199999999999999
0 0.6055888972243061 0.5722499999999999 0.039384846211552915 0.055499999999999994
0 0.6168417104276069 0.5195 0.035633908477119225 0.057999999999999996
0 0.6374718679669917 0.567 0.030382595648912214 0.05399999999999994
0 0.567516879219805 0.41100000000000003 0.028507126781695424 0.04099999999999998
0 0.586271567891973 0.44799999999999995 0.037509377344336015 0.04999999999999999
0 0.6204051012753189 0.46499999999999997 0.037509377344336126 0.055999999999999994
0 0.6089647411852963 0.41375 0.035633908477119336 0.05449999999999999
0 0.44748687171792945 0.72475 0.03975993998499622 0.0595
0 0.427231807951988 0.777 0.04426106526631657 0.05400000000000005
0 0.43135783945986494 0.84025 0.0390097524381095 0.0625
0 0.47261815453863465 0.833 0.04351087771942985 0.05999999999999994
0 0.5106901725431358 0.87175 0.04613653413353336 0.057499999999999996
0 0.47261815453863465 0.90575 0.04276069017254314 0.054500000000000104
0 0.5617029257314329 0.8340000000000001 0.04163540885221306 0.05599999999999994
0 0.5622655663915979 0.913 0.045011252813203284 0.06500000000000006
0 0.5838334583645911 0.95 0.039384846211552915 0.05799999999999994
0 0.6175918979744937 0.921 0.039384846211552915 0.06300000000000006
0 0.4731807951987997 0.7725 0.04238559639909978 0.05900000000000005
0 0.5112528132033007 0.76525 0.045011252813203284 0.05349999999999999
0 0.5125656414103525 0.71925 0.04088522130532629 0.057499999999999996
0 0.518192048012003 0.656 0.04163540885221306 0.05800000000000005
0 0.550450112528132 0.6287499999999999 0.04013503375843963 0.055499999999999994
0 0.5562640660165041 0.681 0.041260315078769705 0.05500000000000005
0 0.5894598649662415 0.6875 0.03413353338334579 0.062000000000000055
0 0.5883345836459115 0.632 0.035633908477119225 0.050000000000000044
0 0.6312828207051763 0.62825 0.033758439609902435 0.05449999999999999
0 0.6275318829707427 0.69225 0.0367591897974493 0.04849999999999999
0 0.6089647411852963 0.742 0.03713428357089277 0.05699999999999994
0 0.6189047261815455 0.7989999999999999 0.04051012753188299 0.061000000000000054
0 0.6417854463615904 0.742 0.032258064516129004 0.05899999999999994
0 0.6665416354088523 0.6990000000000001 0.03675918979744941 0.05399999999999994
0 0.6699174793698425 0.6485000000000001 0.0367591897974493 0.051000000000000045
0 0.6969242310577645 0.6675 0.033758439609902435 0.05400000000000005
0 0.6789197299324832 0.593 0.037509377344336126 0.051000000000000045
0 0.7218679669917479 0.6054999999999999 0.03713428357089277 0.04999999999999993
0 0.6712303075768942 0.537 0.035633908477119225 0.04200000000000004
0 0.7014253563390848 0.554 0.03450862715678915 0.051000000000000045
0 0.736496624156039 0.5529999999999999 0.03638409602400605 0.051999999999999935
0 0.6997374343585896 0.50425 0.03713428357089266 0.05350000000000005
0 0.7214928732183046 0.49424999999999997 0.03188297074268576 0.04550000000000004
0 0.6513503375843961 0.49974999999999997 0.0386346586646662 0.05349999999999999
0 0.7811327831957989 0.5385 0.03713428357089277 0.05400000000000005
0 0.771755438859715 0.4885 0.03338334583645908 0.05399999999999994
0 0.6521005251312828 0.41900000000000004 0.035633908477119336 0.05099999999999999
0 0.6159039759939985 0.358 0.03600900225056258 0.05299999999999999
0 0.667291822955739 0.38575 0.033758439609902435 0.04849999999999999
0 0.6929857464366092 0.4315 0.03188297074268576 0.04800000000000004
0 0.6956114028507128 0.40049999999999997 0.028882220555138782 0.03999999999999998
0 0.5767066766691673 0.3205 0.03488372093023262 0.05099999999999999
0 0.5667666916729182 0.27725 0.037509377344336126 0.04949999999999999
0 0.6001500375093773 0.29200000000000004 0.033758439609902435 0.046999999999999986
0 0.5819579894973743 0.23275 0.039384846211552915 0.04550000000000001
0 0.6040885221305327 0.196 0.03488372093023262 0.04999999999999999
0 0.6339084771192798 0.19325 0.03300825206301583 0.046499999999999986
0 0.6594148537134283 0.22125 0.04201050262565642 0.05149999999999999
0 0.6727306826706676 0.20174999999999998 0.03263315828957236 0.04150000000000001
0 0.6245311327831957 0.2485 0.041260315078769705 0.05400000000000002
0 0.6348462115528882 0.29025 0.03488372093023262 0.05049999999999999
0 0.6657914478619655 0.27175 0.03675918979744941 0.046499999999999986
0 0.6974868717179294 0.2435 0.03638409602400594 0.04600000000000001
0 0.7154913728432108 0.21925 0.035633908477119225 0.04149999999999998
0 0.7226181545386346 0.27525 0.03338334583645919 0.04349999999999998
0 0.7522505626406601 0.238 0.034133533383345904 0.04300000000000001
0 0.7001125281320331 0.29725 0.03788447111777937 0.04749999999999999
0 0.6410352588147037 0.33899999999999997 0.03600900225056258 0.05099999999999999
0 0.6687921980495124 0.33775 0.030757689422355572 0.044499999999999984
0 0.6987996999249813 0.35750000000000004 0.03150787696924229 0.04999999999999999
0 0.7366841710427607 0.3425 0.03825956489122284 0.045999999999999985
0 0.7565641410352588 0.30425 0.03975993998499616 0.04949999999999999
0 0.7725056264066017 0.34199999999999997 0.03338334583645908 0.04999999999999999
0 0.7445611402850714 0.41600000000000004 0.04201050262565642 0.04799999999999999
0 0.7543135783945987 0.39925 0.03150787696924229 0.04149999999999998
0 0.79576144036009 0.23225 0.03713428357089277 0.05150000000000002
0 0.790510127531883 0.28400000000000003 0.03488372093023262 0.04899999999999999
0 0.8199549887471869 0.32599999999999996 0.036009002250562694 0.043999999999999984
0 0.8413353338334584 0.365 0.03450862715678915 0.044999999999999984
0 0.7985746436609152 0.3675 0.03450862715678915 0.041000000000000036
0 0.8000750187546887 0.40149999999999997 0.033758439609902435 0.046999999999999986
0 0.8291447861965491 0.40700000000000003 0.031882970742685646 0.045999999999999985
0 0.7856339084771193 0.43925000000000003 0.03863465866466609 0.039500000000000035
0 0.8058889722430608 0.45475 0.03113278319579904 0.04349999999999998
0 0.8030757689422355 0.4965 0.033758439609902435 0.05300000000000005
0 0.46324081020255065 0.38925 0.04051012753188299 0.055499999999999994
