0 0.20367591897974494 0.13125 0.053263315828957214 0.0635
0 0.13822205551387845 0.22 0.054388597149287315 0.05499999999999999
0 0.07295573893473369 0.277 0.03938484621155289 0.066
0 0.13915978994748687 0.27949999999999997 0.04651162790697673 0.061
0 0.20761440360090022 0.2425 0.047636909227306845 0.07000000000000003
0 0.25525131282820707 0.20525 0.046136534133533386 0.06949999999999998
0 0.2933233308327082 0.248 0.03900975243810956 0.06699999999999998
0 0.33570892723180795 0.18325 0.05101275318829712 0.07650000000000001
0 0.2464366091522881 0.26775 0.04576144036009003 0.0635
0 0.2828207051762941 0.31475 0.04501125281320334 0.0635
0 0.3246436609152288 0.27449999999999997 0.047636909227306845 0.07200000000000001
0 0.18417104276069018 0.3275 0.046511627906976744 0.059
0 0.23124531132783194 0.32325 0.04313578394598647 0.0665
0 0.11234058514628657 0.32225 0.0536384096024006 0.0595
0 0.1639159789947487 0.36950000000000005 0.05326331582895724 0.063
0 0.222993248312078 0.38 0.04763690922730682 0.064
0 0.26987996999249814 0.36825 0.049887471867966965 0.0635
0 0.32051762940735185 0.35175 0.04763690922730679 0.0605
0 0.30532633158289574 0.43000000000000005 0.04576144036009 0.07100000000000001
0 0.26744186046511625 0.44899999999999995 0.043510877719429825 0.057999999999999996
0 0.22655663915978996 0.4545 0.04576144036009003 0.05199999999999999
0 0.1485371342835709 0.45075 0.046511627906976744 0.0625
0 0.08927231807951988 0.43825000000000003 0.04051012753188296 0.06549999999999995
0 0.10146286571642911 0.51125 0.046136534133533386 0.061500000000000055
0 0.17666916729182297 0.492 0.05026256564141038 0.05699999999999994
0 0.2490622655663916 0.5095000000000001 0.04726181545386346 0.05900000000000005
0 0.2891972993248312 0.50125 0.04876219054763692 0.05449999999999999
0 0.3413353338334584 0.52925 0.046511627906976716 0.061500000000000055
0 0.29351087771942985 0.563 0.04763690922730679 0.05799999999999994
0 0.2068642160540135 0.55675 0.04163540885221306 0.0605
0 0.15753938484621155 0.53575 0.046511627906976744 0.0635
0 0.18792198049512376 0.58775 0.048012003000750175 0.05449999999999999
0 0.21774193548387097 0.6174999999999999 0.051387846961740424 0.05799999999999994
0 0.2929482370592648 0.6365000000000001 0.050262565641410406 0.05999999999999994
0 0.25487621905476365 0.67225 0.03938484621155286 0.055499999999999994
0 0.1732933233308327 0.6799999999999999 0.05176294073518381 0.05399999999999994
0 0.25787696924231057 0.73825 0.046886721680420074 0.058499999999999996
0 0.31545386346586646 0.7455 0.04576144036009 0.06300000000000006
0 0.35615153788447107 0.7635000000000001 0.05063765941485371 0.05900000000000005
0 0.31939234808702177 0.6745 0.047636909227306845 0.06800000000000006
0 0.367966991747937 0.714 0.044261065266316624 0.05599999999999994
0 0.3705926481620405 0.6507499999999999 0.04351087771942985 0.05149999999999999
0 0.4071642910727682 0.6805 0.046886721680420074 0.06099999999999994
0 0.4529257314328582 0.69325 0.04163540885221306 0.056499999999999995
0 0.47243060765191297 0.75125 0.0386346586646662 0.058499999999999996
0 0.5172543135783947 0.7442500000000001 0.03825956489122284 0.04949999999999999
0 0.5570142535633908 0.716 0.04051012753188288 0.05700000000000005
0 0.44786196549137286 0.6325000000000001 0.04276069017254314 0.05300000000000005
0 0.5086271567891973 0.632 0.04426106526631657 0.05400000000000005
0 0.5219429857464366 0.683 0.04238559639909978 0.05900000000000005
0 0.5605776444111028 0.6555 0.04238559639909978 0.06000000000000005
0 0.5476369092273068 0.5915 0.04276069017254314 0.052000000000000046
0 0.4998124531132784 0.5735 0.04463615903975998 0.05699999999999994
0 0.4238559639909978 0.5607500000000001 0.05176294073518378 0.0595
0 0.38315828957239306 0.57525 0.0453863465866467 0.0615
0 0.35202550637659413 0.46599999999999997 0.04613653413353341 0.06
0 0.386721680420105 0.51225 0.03525881470367592 0.0625
0 0.42423105776444114 0.511 0.04726181545386349 0.05800000000000005
0 0.36946736684171044 0.395 0.045011252813203284 0.061
0 0.39666166541635406 0.43674999999999997 0.047636909227306845 0.07149999999999995
0 0.4336084021005251 0.41125 0.04651162790697677 0.0615
0 0.4568642160540135 0.4685 0.04576144036009 0.05299999999999999
0 0.4968117029257314 0.4835 0.048387096774193505 0.05799999999999994
0 0.4857464366091523 0.42600000000000005 0.03975993998499622 0.05499999999999999
0 0.5361965491372843 0.45475 0.044636159039759926 0.04849999999999999
0 0.5202550637659416 0.40525 0.04051012753188299 0.058499999999999996
0 0.46042760690172546 0.36425 0.040135033758439576 0.05149999999999999
0 0.359152288072018 0.3315 0.04388597149287321 0.059
0 0.40678919729932483 0.33325 0.04163540885221306 0.0625
0 0.43548387096774194 0.2985 0.04801200300075015 0.06
0 0.36365341335333834 0.23600000000000002 0.04613653413353336 0.066
0 0.3692798199549887 0.1505 0.047636909227306845 0.06699999999999999
0 0.400225056264066 0.185 0.04276069017254314 0.064
0 0.4486121530382596 0.241 0.04276069017254314 0.07100000000000004
0 0.5018754688672168 0.26225 0.044261065266316624 0.05449999999999999
0 0.535821455363841 0.34775 0.04238559639909978 0.058499999999999996
0 0.5448237059264817 0.27875 0.043135783945986494 0.0595
0 0.5277569392348087 0.23349999999999999 0.05176294073518384 0.05700000000000002
0 0.5003750937734434 0.18675 0.044261065266316624 0.0635
0 0.45330082520630155 0.13525 0.04688672168042013 0.06350000000000001
0 0.49362340585146286 0.11674999999999999 0.04726181545386343 0.06449999999999999
0 0.5928357089272318 0.12475 0.04388597149287321 0.0685
0 0.6320330082520631 0.099 0.04051012753188299 0.063
0 0.6671042760690172 0.13025 0.04388597149287321 0.0625
0 0.6245311327831957 0.176 0.04426106526631657 0.061
0 0.6817329332333083 0.1765 0.04538634658664664 0.048000000000000015
0 0.6357839459864967 0.22775 0.04801200300075015 0.05049999999999999
0 0.6042760690172544 0.25575 0.03975993998499627 0.05949999999999997
0 0.6361590397599399 0.28375 0.04276069017254314 0.05049999999999999
0 0.6821080270067517 0.26275 0.04163540885221306 0.06049999999999997
0 0.7368717179294824 0.26875 0.048387096774193505 0.05449999999999999
0 0.8015753938484621 0.21475 0.03525881470367587 0.0615
0 0.582708177044261 0.33399999999999996 0.037884471117779484 0.057999999999999996
0 0.563390847711928 0.38975 0.04051012753188299 0.0605
0 0.6181545386346587 0.36425 0.04051012753188299 0.058499999999999996
0 0.687171792948237 0.32475 0.03825956489122273 0.0615
0 0.7216804201050262 0.35550000000000004 0.04051012753188299 0.055999999999999994
0 0.7614403600900226 0.32175 0.045011252813203284 0.0655
0 0.813390847711928 0.32325 0.03788447111777937 0.056499999999999995
0 0.859714928732183 0.243 0.045011252813203284 0.06500000000000003
0 0.7016129032258065 0.404 0.04538634658664664 0.06
0 0.7591897974493623 0.38949999999999996 0.03450862715678915 0.055999999999999994
0 0.7888222055513878 0.4145 0.04951237809452369 0.062
0 0.8255813953488371 0.4 0.04051012753188299 0.06
0 0.7749437359339835 0.47175 0.04351087771942985 0.056499999999999995
0 0.7331207801950488 0.4485 0.04163540885221306 0.061
0 0.6817329332333083 0.43625 0.043135783945986494 0.05250000000000005
0 0.6399099774943735 0.4485 0.04276069017254314 0.065
0 0.5813953488372092 0.476 0.04201050262565642 0.06099999999999994
0 0.573330832708177 0.5215000000000001 0.046886721680420185 0.04700000000000004
0 0.6641035258814704 0.49874999999999997 0.04538634658664664 0.055499999999999994
0 0.7010502625656414 0.485 0.045011252813203395 0.04899999999999993
0 0.7353713428357089 0.5095000000000001 0.04163540885221306 0.05500000000000005
0 0.8411477869467368 0.51425 0.03863465866466609 0.06350000000000006
0 0.8306451612903226 0.58975 0.043135783945986494 0.07650000000000001
0 0.7117404351087772 0.5535 0.04613653413353336 0.05400000000000005
0 0.6466616654163542 0.56175 0.04276069017254314 0.04949999999999999
0 0.5977119279819955 0.57075 0.0386346586646662 0.05049999999999999
0 0.5939609902475619 0.62625 0.03713428357089277 0.05449999999999999
0 0.6339084771192798 0.6014999999999999 0.03900975243810956 0.05399999999999994
0 0.6761065266316579 0.5922499999999999 0.04163540885221306 0.057499999999999996
0 0.7655663915978994 0.63825 0.041260315078769705 0.05049999999999999
0 0.8298949737434358 0.656 0.035633908477119225 0.062000000000000055
0 0.5930232558139534 0.6805 0.03300825206301583 0.05499999999999994
0 0.6378469617404351 0.68375 0.04538634658664664 0.04849999999999999
0 0.6905476369092274 0.67175 0.037509377344336126 0.05449999999999999
0 0.7413728432108027 0.6895 0.039384846211552804 0.05400000000000005
0 0.7845086271567892 0.6857500000000001 0.04388597149287321 0.055499999999999994
0 0.7719429857464366 0.73075 0.03450862715678915 0.0595
0 0.6858589647411854 0.7444999999999999 0.043135783945986494 0.05399999999999994
0 0.5999624906226557 0.732 0.03863465866466609 0.052999999999999936
0 0.6217179294823706 0.78225 0.04238559639909978 0.0535000000000001
0 0.5710802700675168 0.7717499999999999 0.039384846211552804 0.057499999999999996
0 0.8754688672168043 0.62775 0.03675918979744941 0.0625
0 0.9266691672918229 0.599 0.04388597149287321 0.05899999999999994
0 0.8805326331582896 0.5455 0.043135783945986494 0.06600000000000006
0 0.9551762940735185 0.5389999999999999 0.03413353338334579 0.07199999999999995
0 0.964178544636159 0.46299999999999997 0.03713428357089277 0.068
0 0.8709677419354839 0.44499999999999995 0.041260315078769594 0.04899999999999999
0 0.9411102775693923 0.39949999999999997 0.03975993998499627 0.061
