0 0.12584396099024756 0.44375 0.06864216054013504 0.08349999999999996
0 0.145536384096024 0.5215 0.06451612903225808 0.08699999999999997
0 0.20836459114778694 0.41775 0.05138784696174045 0.08450000000000002
0 0.21980495123780944 0.51275 0.0660165041260315 0.08850000000000002
0 0.16954238559639911 0.595 0.06751687921980495 0.07999999999999996
0 0.22430607651912976 0.6415 0.05851462865716425 0.07300000000000006
0 0.2605026256564141 0.7012499999999999 0.05663915978994746 0.08750000000000002
0 0.2963240810202551 0.7475 0.0615153788447112 0.08500000000000008
0 0.35840210052513133 0.7945 0.06564141035258814 0.07299999999999995
0 0.24456114028507128 0.593 0.06376594148537135 0.08599999999999997
0 0.2846961740435109 0.53025 0.057764441110277565 0.08850000000000002
0 0.25712678169542386 0.45625 0.06339084771192796 0.07350000000000001
0 0.26800450112528135 0.39325 0.05963990997749438 0.07850000000000001
0 0.30963990997749435 0.42525 0.06339084771192799 0.08749999999999997
0 0.3460240060015004 0.49250000000000005 0.06789197299324828 0.08100000000000002
0 0.317516879219805 0.603 0.05363840960240057 0.08799999999999997
0 0.31357839459864967 0.6759999999999999 0.07201800450112528 0.07999999999999996
0 0.42198049512378094 0.8554999999999999 0.06226556639159786 0.08500000000000008
0 0.4103525881470368 0.756 0.06376594148537135 0.08200000000000007
0 0.3589647411852963 0.719 0.06526631657914478 0.08299999999999996
0 0.3756564141035259 0.64025 0.05663915978994749 0.08250000000000002
0 0.3758439609902476 0.5695 0.07051762940735185 0.07899999999999996
0 0.4309827456864216 0.54375 0.06526631657914478 0.08750000000000002
0 0.3968492123030758 0.47424999999999995 0.06451612903225806 0.07449999999999996
0 0.35690172543135784 0.37625 0.06564141035258819 0.09149999999999997
0 0.33927231807951985 0.261 0.06639159789947485 0.07899999999999999
0 0.3951612903225806 0.23500000000000001 0.05663915978994749 0.08800000000000002
0 0.4060390097524381 0.32599999999999996 0.06039009752438107 0.08800000000000002
0 0.43004501125281325 0.40149999999999997 0.047636909227306845 0.08300000000000002
0 0.467741935483871 0.476 0.060765191297824483 0.08800000000000002
0 0.45592648162040506 0.61475 0.06189047261815456 0.08450000000000002
0 0.4251687921980495 0.67425 0.06789197299324828 0.07950000000000002
0 0.4696174043510878 0.7417499999999999 0.060765191297824483 0.08350000000000002
0 0.49587396849212306 0.79925 0.062265566391597915 0.07350000000000001
0 0.532258064516129 0.74875 0.06526631657914483 0.08550000000000002
0 0.49718679669917476 0.671 0.06489122280570142 0.07999999999999996
0 0.5633908477119279 0.66825 0.05701425356339085 0.07650000000000001
0 0.5163165791447861 0.5945 0.061140285071267786 0.07199999999999995
0 0.5011252813203301 0.5205 0.05851462865716428 0.08300000000000007
0 0.5995873968492123 0.62 0.061140285071267786 0.07800000000000007
0 0.5692048012003001 0.56475 0.059639909977494354 0.07250000000000001
0 0.6464741185296323 0.587 0.05813953488372092 0.08299999999999996
0 0.6699174793698425 0.5257499999999999 0.05701425356339085 0.08150000000000002
0 0.6072768192048013 0.51 0.057764441110277676 0.07800000000000007
0 0.5481995498874719 0.49624999999999997 0.05738934733683421 0.06849999999999995
0 0.45330082520630155 0.2285 0.05963990997749441 0.07900000000000001
0 0.4621155288822205 0.31675 0.06451612903225806 0.08849999999999997
0 0.4874343585896474 0.38275000000000003 0.059639909977494354 0.08849999999999997
0 0.5491372843210802 0.4135 0.06451612903225812 0.07500000000000001
0 0.6070892723180795 0.4325 0.06339084771192804 0.07699999999999996
0 0.5067516879219804 0.18975 0.0637659414853714 0.08050000000000002
0 0.5129407351837959 0.26125 0.06339084771192799 0.0955
0 0.536384096024006 0.34099999999999997 0.061515378844711255 0.08600000000000002
0 0.5963990997749438 0.3695 0.05851462865716428 0.07899999999999996
0 0.6747936984246061 0.44999999999999996 0.05326331582895727 0.08400000000000002
0 0.731245311327832 0.483 0.07239309827456863 0.07800000000000001
0 0.7355588897224306 0.41200000000000003 0.06076519129782454 0.07
0 0.667291822955739 0.372 0.05326331582895727 0.08199999999999996
0 0.6856714178544636 0.27175 0.06226556639159786 0.07949999999999999
0 0.7571267816954239 0.32475 0.0663915978994748 0.08650000000000002
0 0.572205551387847 0.2295 0.0618904726181545 0.09000000000000002
0 0.6074643660915229 0.29275 0.05063765941485365 0.08850000000000002
