0 0.13128282070517627 0.67675 0.05401350337584396 0.04949999999999999
0 0.14834958739684923 0.637 0.05138784696174044 0.050999999999999934
0 0.15491372843210804 0.573 0.05551387846961739 0.05599999999999994
0 0.1828582145536384 0.6845 0.04988747186796699 0.06600000000000006
0 0.2213053263315829 0.71375 0.053263315828957214 0.05049999999999999
0 0.27081770442610653 0.704 0.0547636909227307 0.04999999999999993
0 0.20798949737434358 0.63575 0.052888222055513884 0.0605
0 0.25806451612903225 0.64425 0.05176294073518381 0.057499999999999996
0 0.3130157539384846 0.6545000000000001 0.04838709677419356 0.05700000000000005
0 0.23199549887471868 0.58725 0.05213803450862714 0.05449999999999999
0 0.2897599399849963 0.59125 0.052888222055513856 0.0665
0 0.2031132783195799 0.5345 0.05813953488372092 0.06699999999999995
0 0.26219054763690924 0.52 0.05851462865716431 0.06800000000000006
0 0.31864216054013506 0.504 0.05738934733683421 0.069
0 0.3345836459114779 0.5662499999999999 0.054013503375843985 0.0635
0 0.23180795198799697 0.4435 0.056264066016504105 0.07
0 0.28507126781695424 0.4375 0.061515378844711144 0.07199999999999995
0 0.2747561890472618 0.33975 0.05513878469617403 0.07550000000000001
0 0.326894223555889 0.373 0.05888972243060764 0.07399999999999995
0 0.3437734433608402 0.44725 0.05438859714928734 0.07050000000000001
0 0.377344336084021 0.505 0.054013503375843985 0.07299999999999995
0 0.4015378844711178 0.5587500000000001 0.04838709677419356 0.0615
0 0.3833458364591148 0.615 0.04876219054763692 0.05699999999999994
0 0.3630907726931733 0.66375 0.046511627906976716 0.056499999999999995
0 0.4199174793698425 0.65825 0.05663915978994749 0.0535000000000001
0 0.4690547636909227 0.67075 0.05063765941485371 0.0685
0 0.43623405851462865 0.5965 0.046511627906976716 0.05999999999999994
0 0.4836834208552138 0.61575 0.050637659414853764 0.056499999999999995
0 0.4754313578394599 0.5625 0.04913728432108028 0.05899999999999994
0 0.44673668417104273 0.51825 0.051012753188297066 0.06550000000000006
0 0.4163540885221305 0.46099999999999997 0.05026256564141035 0.067
0 0.3876594148537134 0.397 0.05888972243060764 0.07500000000000001
0 0.37884471117779445 0.32625 0.0547636909227307 0.07450000000000001
0 0.4292948237059265 0.35275 0.052138034508627196 0.07050000000000001
0 0.44973743435858965 0.40475 0.054013503375843985 0.0595
0 0.48087021755438863 0.32975 0.054013503375843985 0.0615
0 0.5255063765941486 0.28525 0.05626406601650413 0.07850000000000001
0 0.510502625656414 0.36275 0.046511627906976716 0.055499999999999994
0 0.5573893473368342 0.33375 0.04951237809452369 0.07150000000000001
0 0.5026256564141035 0.43925 0.049512378094523635 0.0595
0 0.549324831207802 0.45475 0.048387096774193505 0.0625
0 0.5857089272318079 0.39449999999999996 0.0476369092273069 0.068
0 0.5037509377344336 0.5135000000000001 0.05026256564141035 0.06500000000000006
0 0.5457614403600901 0.514 0.04726181545386343 0.062000000000000055
0 0.5281320330082521 0.57975 0.04576144036009011 0.0595
0 0.5782070517629407 0.5954999999999999 0.04613653413353336 0.061999999999999944
0 0.527006751687922 0.63925 0.04426106526631657 0.056499999999999995
0 0.5752063015753939 0.6475 0.046886721680420074 0.051999999999999935
0 0.528132033008252 0.692 0.04201050262565642 0.05799999999999994
0 0.5703300825206301 0.7152499999999999 0.04238559639909978 0.057499999999999996
0 0.6215303825956489 0.74625 0.04351087771942985 0.05249999999999999
0 0.6114028507126781 0.67075 0.041260315078769705 0.05349999999999999
0 0.6575393848462115 0.65525 0.04726181545386354 0.0625
0 0.6087771942985747 0.56175 0.04201050262565642 0.0625
0 0.6646661665416354 0.5840000000000001 0.046511627906976716 0.05599999999999994
0 0.672543135783946 0.5365 0.05626406601650413 0.05899999999999994
0 0.6340960240060015 0.52025 0.05063765941485365 0.07150000000000006
0 0.5872093023255814 0.48325 0.044636159039759926 0.0635
0 0.6303450862715678 0.44775 0.0476369092273069 0.0685
0 0.6770442610652663 0.46225 0.05251312828207044 0.0595
0 0.6288447111777944 0.366 0.050637659414853764 0.068
0 0.6851087771942985 0.34475 0.05138784696174048 0.07050000000000001
0 0.7409977494373594 0.31975 0.05438859714928734 0.07550000000000001
0 0.814516129032258 0.34425 0.04988747186796705 0.0675
0 0.8554013503375844 0.32625 0.0476369092273069 0.0625
0 0.7003000750187547 0.391 0.054013503375843985 0.067
0 0.7741935483870968 0.39775 0.04801200300075015 0.0655
0 0.8499624906226557 0.39249999999999996 0.03900975243810956 0.065
0 0.7271192798199551 0.4525 0.052138034508627196 0.066
0 0.7850712678169542 0.44125 0.04351087771942985 0.0615
0 0.744748687171793 0.49974999999999997 0.048387096774193616 0.0595
0 0.8124531132783195 0.48275 0.04426106526631657 0.05749999999999994
0 0.8677794448612153 0.47250000000000003 0.04388597149287321 0.05499999999999999
0 0.7153038259564891 0.5549999999999999 0.03975993998499616 0.05799999999999994
0 0.7738184546136534 0.5265 0.04801200300075026 0.05900000000000005
0 0.8463990997749438 0.53525 0.05138784696174048 0.056499999999999995
0 0.8055138784696174 0.587 0.05063765941485365 0.05900000000000005
0 0.7138034508627157 0.6072500000000001 0.04801200300075026 0.0595
0 0.7711927981995499 0.62925 0.03975993998499616 0.058499999999999996
0 0.6948612153038259 0.6717500000000001 0.04763690922730679 0.05149999999999999
