0 0.3612153038259565 0.87975 0.07201800450112528 0.08450000000000002
0 0.4347336834208552 0.9117500000000001 0.06901725431357841 0.08750000000000002
0 0.35408852213053266 0.77275 0.07126781695423856 0.09550000000000003
0 0.4253563390847712 0.80775 0.07201800450112528 0.09150000000000003
0 0.48874718679669915 0.84675 0.07201800450112533 0.08949999999999991
0 0.3381470367591898 0.6819999999999999 0.06639159789947485 0.09399999999999997
0 0.4103525881470368 0.702 0.06826706676669164 0.09699999999999998
0 0.4804951237809452 0.73275 0.07201800450112528 0.08550000000000002
0 0.5498874718679669 0.7789999999999999 0.07951987996999244 0.09599999999999997
0 0.3237059264816204 0.582 0.06976744186046513 0.08899999999999997
0 0.3878469617404351 0.617 0.06526631657914478 0.10699999999999998
0 0.4593023255813954 0.6325000000000001 0.07464366091522884 0.09300000000000008
0 0.5354463615903976 0.6645000000000001 0.07839459864966242 0.09399999999999997
0 0.6072768192048013 0.71 0.078019504876219 0.08399999999999996
0 0.30776444111027756 0.48550000000000004 0.07464366091522878 0.09900000000000003
0 0.38953488372093026 0.4475 0.07089272318079515 0.09199999999999997
0 0.441297824456114 0.5355 0.07614403600900227 0.09499999999999997
0 0.5121905476369092 0.54675 0.07089272318079515 0.09849999999999998
0 0.5819579894973743 0.5972500000000001 0.07839459864966236 0.09449999999999992
0 0.6635408852213054 0.6535 0.08402100525131273 0.09399999999999997
0 0.7413728432108027 0.6092500000000001 0.08664666166541635 0.09750000000000003
0 0.6408477119279821 0.5257499999999999 0.08139534883720934 0.10849999999999999
0 0.7158664666166541 0.499 0.08214553638409605 0.10899999999999999
0 0.5583270817704427 0.45899999999999996 0.07539384846211561 0.10299999999999998
0 0.47861965491372843 0.4605 0.07426856714178542 0.09900000000000003
0 0.8240810202550638 0.5882499999999999 0.08402100525131284 0.09950000000000003
0 0.867404351087772 0.474 0.08589647411852963 0.10400000000000004
0 0.8522130532633159 0.365 0.078019504876219 0.11099999999999999
0 0.7560015003750937 0.3795 0.07839459864966247 0.119
0 0.6320330082520631 0.40975 0.07726931732933229 0.09650000000000003
0 0.6851087771942985 0.3275 0.08064516129032262 0.11099999999999999
0 0.8000750187546887 0.27375 0.08552138034508627 0.10850000000000001
0 0.7263690922730683 0.21200000000000002 0.08364591147786948 0.10700000000000001
0 0.6202175543885972 0.20274999999999999 0.08064516129032251 0.10750000000000001
0 0.5990247561890473 0.30974999999999997 0.08552138034508627 0.10149999999999998
0 0.5163165791447862 0.36875 0.082145536384096 0.09749999999999998
0 0.5313203300825207 0.26825 0.07689422355588899 0.11050000000000001
0 0.5333833458364591 0.14600000000000002 0.08177044261065264 0.11000000000000001
0 0.40378844711177797 0.14 0.07539384846211555 0.114
0 0.436609152288072 0.25175000000000003 0.07576894223555886 0.10149999999999998
0 0.4307951987996999 0.365 0.07164291072768192 0.10899999999999999
0 0.36552888222055513 0.30925 0.06789197299324834 0.10849999999999999
0 0.30026256564141035 0.236 0.07464366091522878 0.10599999999999998
0 0.2786946736684171 0.30125 0.07351837959489871 0.07850000000000001
0 0.2940735183795949 0.381 0.07201800450112528 0.10599999999999998
