0 0.1800450112528132 0.6467499999999999 0.03675918979744938 0.0635
0 0.15585146286571644 0.57275 0.036384096024005996 0.05449999999999999
0 0.22861965491372843 0.594 0.036384096024005996 0.04800000000000004
0 0.2610652663165791 0.626 0.03975993998499622 0.06499999999999995
0 0.26575393848462114 0.6585000000000001 0.036384096024006024 0.029000000000000026
0 0.304576144036009 0.64975 0.02775693923480871 0.0465000000000001
0 0.3013878469617404 0.7202500000000001 0.043135783945986494 0.056500000000000106
0 0.3454613653413353 0.7535000000000001 0.04501125281320334 0.05599999999999994
0 0.3687171792948237 0.7582500000000001 0.025506376594148505 0.03949999999999998
0 0.38878469617404354 0.77475 0.03938484621155286 0.057499999999999996
0 0.4154163540885221 0.753 0.039384846211552915 0.06000000000000005
0 0.4279819954988747 0.8065 0.033758439609902435 0.05699999999999994
0 0.3525881470367592 0.6910000000000001 0.0390097524381095 0.04999999999999993
0 0.38634658664666166 0.7152499999999999 0.04201050262565642 0.05349999999999999
0 0.3295198799699925 0.6405000000000001 0.04088522130532635 0.049000000000000044
0 0.3023255813953488 0.60275 0.041260315078769705 0.058499999999999996
0 0.11834208552138034 0.4895 0.0326331582895724 0.05599999999999994
0 0.1609152288072018 0.5035000000000001 0.03375843960990249 0.049000000000000044
0 0.18979744936234058 0.5245 0.03375843960990249 0.05199999999999999
0 0.23105776444111029 0.5449999999999999 0.03450862715678921 0.06300000000000006
0 0.2880720180045011 0.55525 0.03375843960990249 0.05249999999999999
0 0.07501875468867217 0.41125 0.02925731432858214 0.05349999999999999
0 0.09808702175543886 0.3715 0.034883720930232565 0.052000000000000046
0 0.11459114778694673 0.29175 0.03563390847711928 0.056499999999999995
0 0.1511627906976744 0.34325 0.03450862715678921 0.04949999999999999
0 0.12715678919729934 0.392 0.03675918979744937 0.05499999999999999
0 0.12396849212303077 0.44475 0.04163540885221306 0.04350000000000004
0 0.17010502625656415 0.46175 0.03938484621155289 0.04949999999999999
0 0.18510877719429858 0.40700000000000003 0.03788447111777943 0.046999999999999986
0 0.17029257314328583 0.26775 0.0375093773443361 0.05349999999999999
0 0.19767441860465115 0.23675000000000002 0.03600900225056264 0.05150000000000002
0 0.20161290322580644 0.185 0.03563390847711928 0.05199999999999999
0 0.25825206301575393 0.1985 0.03263315828957236 0.05000000000000002
0 0.2511252813203301 0.2415 0.03563390847711931 0.05500000000000002
0 0.22730682670667668 0.3105 0.03450862715678918 0.04800000000000004
0 0.24737434358589647 0.29500000000000004 0.040135033758439576 0.046999999999999986
0 0.22543135783945986 0.35875 0.03750937734433607 0.04749999999999999
0 0.25937734433608406 0.355 0.03338334583645913 0.056999999999999995
0 0.23105776444111026 0.40225 0.043510877719429825 0.05449999999999999
0 0.2501875468867217 0.45025 0.045011252813203284 0.05349999999999999
0 0.26050262565641413 0.499 0.031132783195798958 0.05499999999999999
0 0.2931357839459865 0.5115000000000001 0.04013503375843963 0.05700000000000005
0 0.3435858964741185 0.563 0.041260315078769705 0.051999999999999935
0 0.33402100525131284 0.5145 0.044636159039759926 0.05700000000000005
0 0.3775318829707427 0.52325 0.043135783945986494 0.05550000000000005
0 0.2929482370592648 0.45325 0.04051012753188299 0.0605
0 0.2786946736684171 0.397 0.03525881470367587 0.05399999999999999
0 0.3171417854463616 0.40675 0.03713428357089271 0.058499999999999996
0 0.29538634658664664 0.34199999999999997 0.044636159039759926 0.056999999999999995
0 0.2888222055513878 0.2955 0.036759189797449354 0.05099999999999999
0 0.28394598649662417 0.24675000000000002 0.038259564891222786 0.05350000000000002
0 0.2873218304576144 0.187 0.04276069017254314 0.061
0 0.3319579894973743 0.184 0.040510127531882933 0.062
0 0.31807951987996996 0.24275000000000002 0.0390097524381095 0.058500000000000024
0 0.32126781695423856 0.3085 0.04013503375843963 0.059
0 0.34246061515378845 0.34025 0.03675918979744941 0.0615
0 0.3657164291072768 0.29375 0.04201050262565642 0.05449999999999999
0 0.354463615903976 0.2245 0.04276069017254314 0.061
0 0.3664666166541636 0.17125 0.03450862715678921 0.05750000000000002
0 0.39909977494373594 0.20725 0.041260315078769705 0.0635
0 0.39403600900225055 0.26325 0.0386346586646662 0.06149999999999997
0 0.41597899474868716 0.2935 0.04051012753188299 0.056999999999999995
0 0.3749062265566392 0.36450000000000005 0.038634658664666144 0.061
0 0.3600900225056264 0.41300000000000003 0.03600900225056264 0.05399999999999999
0 0.3777194298574644 0.4295 0.04276069017254314 0.057999999999999996
0 0.33083270817704424 0.4585 0.03450862715678921 0.055999999999999994
0 0.3664666166541636 0.47050000000000003 0.036759189797449354 0.05399999999999999
0 0.4129782445611403 0.49 0.038259564891222786 0.05699999999999994
0 0.381470367591898 0.60525 0.036759189797449354 0.05449999999999999
0 0.38297074268567144 0.661 0.03750937734433607 0.05999999999999994
0 0.41729182295573897 0.60075 0.03938484621155286 0.058499999999999996
0 0.4214178544636159 0.655 0.039384846211552915 0.05700000000000005
0 0.4291072768192048 0.70775 0.041260315078769705 0.058499999999999996
0 0.4585521380345086 0.755 0.043135783945986494 0.06000000000000005
0 0.46174043510877716 0.81375 0.03750937734433607 0.058499999999999996
0 0.4894973743435859 0.78975 0.03900975243810956 0.0615
0 0.5151912978244562 0.852 0.04163540885221312 0.06099999999999994
0 0.4544261065266316 0.619 0.04463615903975998 0.06499999999999995
0 0.4120405101275319 0.5482499999999999 0.04388597149287321 0.055499999999999994
0 0.45405101275318827 0.565 0.0453863465866467 0.05900000000000005
0 0.4859339834958739 0.6485000000000001 0.04238559639909972 0.05700000000000005
0 0.4827456864216054 0.71075 0.042010502625656365 0.0645
0 0.5258814703675918 0.698 0.03900975243810956 0.05799999999999994
0 0.5238184546136534 0.7495 0.035633908477119336 0.05799999999999994
0 0.5348837209302326 0.80925 0.04201050262565642 0.0605
0 0.5200675168792198 0.6245 0.04613653413353336 0.05599999999999994
0 0.4966241560390098 0.58025 0.042010502625656365 0.0625
0 0.440735183795949 0.507 0.03600900225056264 0.061
0 0.42310577644411107 0.40875 0.0390097524381095 0.05449999999999999
0 0.4176669167291823 0.35550000000000004 0.04163540885221301 0.061
0 0.4339834958739685 0.24325000000000002 0.041260315078769705 0.05350000000000002
0 0.44954988747186797 0.184 0.0386346586646662 0.05199999999999999
0 0.47524381095273815 0.15025 0.042010502625656365 0.0625
0 0.47655663915978996 0.22525 0.03938484621155286 0.04949999999999999
0 0.45386346586646664 0.26925 0.04126031507876965 0.055499999999999994
0 0.4645536384096024 0.3315 0.04163540885221306 0.05499999999999999
0 0.4754313578394599 0.41775 0.04613653413353341 0.0595
0 0.48555888972243055 0.47075 0.04088522130532629 0.07250000000000001
0 0.5178169542385597 0.5175 0.051387846961740424 0.064
0 0.5602025506376594 0.8654999999999999 0.039384846211552915 0.05799999999999994
0 0.590960240060015 0.90125 0.046886721680420074 0.0645
0 0.5988372093023255 0.8485 0.04238559639909978 0.05900000000000005
0 0.6363465866466617 0.8845000000000001 0.04613653413353336 0.05999999999999994
0 0.6564141035258815 0.845 0.04651162790697683 0.062000000000000055
0 0.6914853713428357 0.87975 0.04763690922730679 0.0625
0 0.7316204051012754 0.8745 0.046886721680420074 0.06300000000000006
0 0.77344336084021 0.8547499999999999 0.05326331582895727 0.0635
0 0.576331582895724 0.7862499999999999 0.046886721680420074 0.057499999999999996
0 0.6190922730682671 0.79975 0.048387096774193505 0.056499999999999995
0 0.6522880720180044 0.763 0.046511627906976716 0.052999999999999936
0 0.6941110277569392 0.7949999999999999 0.04913728432108022 0.06399999999999995
0 0.7387471867966993 0.79325 0.05138784696174048 0.0595
0 0.7134283570892723 0.746 0.050262565641410406 0.07200000000000006
0 0.7593773443360841 0.76475 0.046886721680420074 0.0615
0 0.5656414103525882 0.72975 0.045011252813203284 0.056499999999999995
0 0.5678919729932483 0.673 0.03900975243810956 0.05599999999999994
0 0.6001500375093773 0.70225 0.04201050262565631 0.0615
0 0.6445986496624156 0.70825 0.046886721680420185 0.057499999999999996
0 0.689047261815454 0.6950000000000001 0.04426106526631657 0.06700000000000006
0 0.7498124531132784 0.70175 0.04726181545386343 0.0645
0 0.796324081020255 0.7175 0.04951237809452358 0.06499999999999995
0 0.5384471117779445 0.57275 0.04163540885221306 0.0625
0 0.5677044261065266 0.616 0.04763690922730679 0.05400000000000005
0 0.6029632408102026 0.646 0.04613653413353336 0.06699999999999995
0 0.6500375093773443 0.65025 0.04276069017254314 0.0665
0 0.6099024756189046 0.5920000000000001 0.045011252813203284 0.05700000000000005
0 0.6524756189047262 0.5905 0.04763690922730679 0.06400000000000006
0 0.6914853713428357 0.623 0.046886721680420074 0.06299999999999994
0 0.735933983495874 0.64825 0.04951237809452358 0.055499999999999994
0 0.7267441860465116 0.59375 0.046886721680420185 0.05950000000000011
0 0.771755438859715 0.59825 0.046886721680420185 0.056499999999999995
0 0.7890097524381096 0.6595 0.043135783945986494 0.06099999999999994
0 0.5793323330832708 0.552 0.04913728432108022 0.05999999999999994
0 0.5290697674418605 0.4545 0.04613653413353347 0.057999999999999996
0 0.559264816204051 0.4965 0.04426106526631657 0.05599999999999994
0 0.6009002250562641 0.492 0.04576144036009011 0.055999999999999994
0 0.627906976744186 0.53875 0.04351087771942985 0.0605
0 0.6768567141785446 0.5449999999999999 0.04763690922730679 0.06300000000000006
0 0.7273068267066767 0.5387500000000001 0.05326331582895727 0.055499999999999994
0 0.6526631657914479 0.48625 0.04951237809452358 0.057499999999999996
0 0.7064891222805701 0.48675 0.0528882220555138 0.058499999999999996
0 0.518192048012003 0.40149999999999997 0.0386346586646662 0.055999999999999994
0 0.5007501875468867 0.34875 0.04351087771942991 0.057499999999999996
0 0.49643660915228804 0.28075 0.044636159039759926 0.0625
0 0.5097524381095273 0.239 0.045011252813203284 0.05400000000000002
0 0.5247561890472618 0.1805 0.041260315078769705 0.04899999999999999
0 0.5637659414853713 0.166 0.04276069017254314 0.062
0 0.5523255813953488 0.229 0.04088522130532635 0.059
0 0.5478244561140285 0.28325 0.043135783945986494 0.0625
0 0.5423855963990998 0.34199999999999997 0.04426106526631668 0.057999999999999996
0 0.5543885971492872 0.39425 0.045011252813203284 0.0595
0 0.5817704426106527 0.43525 0.04576144036009 0.0625
0 0.6252813203300824 0.44299999999999995 0.04276069017254314 0.06
0 0.6059639909977494 0.388 0.043135783945986494 0.066
0 0.6459114778694675 0.39375 0.03675918979744941 0.0635
0 0.5945236309077269 0.22525 0.045011252813203284 0.0615
0 0.5947111777944486 0.2965 0.043135783945986494 0.057999999999999996
0 0.6249062265566392 0.33499999999999996 0.04801200300075015 0.055999999999999994
0 0.6344711177794449 0.17325000000000002 0.04388597149287321 0.058500000000000024
0 0.6380345086271568 0.243 0.04426106526631657 0.06300000000000003
0 0.6627906976744187 0.2855 0.050262565641410295 0.057999999999999996
0 0.6706676669167292 0.34125 0.04576144036009011 0.058499999999999996
0 0.7040510127531883 0.378 0.054013503375843985 0.065
0 0.6822955738934733 0.43925 0.04426106526631657 0.0605
0 0.731245311327832 0.4345 0.04388597149287321 0.061
0 0.7655663915978994 0.48624999999999996 0.04801200300075015 0.062499999999999944
0 0.7852588147036759 0.53875 0.043135783945986494 0.0625
0 0.8432108027006752 0.6845 0.05326331582895727 0.05899999999999994
0 0.8312078019504876 0.62975 0.052513128282070554 0.0615
0 0.8400225056264066 0.5615 0.05438859714928734 0.06800000000000006
0 0.8178919729932483 0.4915 0.05138784696174048 0.06999999999999995
0 0.785821455363841 0.4355 0.04801200300075026 0.06
0 0.6821080270067517 0.19625 0.04538634658664664 0.0615
0 0.7106151537884471 0.24825000000000003 0.050637659414853764 0.06150000000000003
0 0.7145536384096024 0.30575 0.048762190547636974 0.0615
0 0.7522505626406601 0.3315 0.04538634658664664 0.07200000000000001
0 0.7648162040510127 0.2625 0.04876219054763686 0.06699999999999998
0 0.8034508627156789 0.3095 0.05176294073518384 0.06899999999999995
0 0.8058889722430608 0.37825 0.04613653413353336 0.0625
0 0.8520255063765941 0.39875 0.048387096774193505 0.0595
