0 0.13840960240060016 0.27625 0.030757689422355586 0.04349999999999998
0 0.17291822955738934 0.29125 0.025506376594148533 0.04749999999999999
0 0.19673668417104276 0.29575 0.026631657914478635 0.04149999999999998
0 0.19729932483120782 0.257 0.0307576894223556 0.041000000000000036
0 0.19804951237809454 0.3345 0.029257314328582168 0.034999999999999976
0 0.2059264816204051 0.35625 0.030007501875468884 0.03749999999999998
0 0.16072768192048012 0.37925 0.03563390847711928 0.03650000000000003
0 0.20423855963991 0.39149999999999996 0.033383345836459105 0.035999999999999976
0 0.19448612153038258 0.4255 0.02813203300825204 0.03999999999999998
0 0.2329332333083271 0.4165 0.025506376594148533 0.04199999999999998
0 0.24924981245311328 0.4325 0.028882220555138782 0.04300000000000004
0 0.2355588897224306 0.379 0.024006001500375074 0.04600000000000004
0 0.2560015003750938 0.3765 0.02738184546136535 0.040000000000000036
0 0.28769692423105775 0.382 0.030757689422355572 0.039000000000000035
0 0.2644411102775694 0.34199999999999997 0.02550637659414856 0.045999999999999985
0 0.23949737434358592 0.33399999999999996 0.02888222055513881 0.04299999999999998
0 0.2740060015003751 0.29725 0.029632408102025498 0.04349999999999998
0 0.3055138784696174 0.33475 0.031882970742685646 0.04049999999999998
0 0.32145536384096024 0.377 0.02775693923480871 0.03700000000000003
0 0.29257314328582146 0.43025 0.02925731432858214 0.04250000000000004
0 0.30888972243060764 0.4615 0.031882970742685646 0.03999999999999998
0 0.32220555138784696 0.42974999999999997 0.02925731432858214 0.04250000000000004
0 0.2533758439609902 0.47425 0.028882220555138755 0.035499999999999976
0 0.26875468867216806 0.503 0.029632408102025498 0.050000000000000044
0 0.20911477869467368 0.4885 0.028882220555138782 0.039000000000000035
0 0.20442610652663168 0.5487500000000001 0.031507876969242316 0.03749999999999998
0 0.22074268567141786 0.58975 0.028132033008252066 0.03950000000000009
0 0.259377344336084 0.617 0.025131282820705175 0.040000000000000036
0 0.2756939234808702 0.65625 0.023255813953488358 0.04049999999999998
0 0.2989497374343586 0.66675 0.028507126781695424 0.033499999999999974
0 0.32314328582145535 0.6505000000000001 0.028882220555138782 0.041000000000000036
0 0.3049512378094524 0.5985 0.030007501875468856 0.03500000000000003
0 0.3055138784696174 0.57125 0.03113278319579893 0.034499999999999975
0 0.2921980495123781 0.53925 0.02925731432858214 0.03750000000000009
0 0.2633158289572393 0.544 0.02550637659414856 0.039000000000000035
0 0.24306076519129782 0.5285 0.02550637659414856 0.04500000000000004
0 0.30457614403600897 0.5077499999999999 0.03375843960990249 0.03749999999999998
0 0.3452738184546137 0.595 0.0318829707426857 0.03600000000000003
0 0.34752438109527384 0.5575 0.031132783195798985 0.03699999999999992
0 0.32914478619654913 0.5269999999999999 0.030382595648912214 0.03700000000000003
0 0.33233308327081773 0.5 0.028507126781695424 0.044999999999999984
0 0.36552888222055513 0.5277499999999999 0.026631657914478635 0.03850000000000009
0 0.38803450862715677 0.5515 0.030382595648912214 0.038999999999999924
0 0.38634658664666166 0.518 0.03300825206301572 0.03400000000000003
0 0.3734058514628657 0.599 0.029632408102025498 0.039000000000000035
0 0.3857839459864966 0.631 0.028882220555138782 0.038999999999999924
0 0.37209302325581395 0.6685 0.032258064516129004 0.052000000000000046
0 0.390285071267817 0.72175 0.03413353338334585 0.03750000000000009
0 0.41729182295573897 0.73175 0.027381845461365295 0.04849999999999999
0 0.42104276069017255 0.68975 0.02738184546136535 0.03649999999999998
0 0.4435483870967742 0.685 0.028882220555138782 0.041000000000000036
0 0.45630157539384847 0.712 0.026631657914478635 0.041000000000000036
0 0.45236309077269315 0.75325 0.028507126781695424 0.046499999999999986
0 0.40960240060015 0.653 0.02925731432858214 0.03600000000000003
0 0.43642160540135033 0.65325 0.028882220555138782 0.03750000000000009
0 0.4146661665416354 0.612 0.029632408102025498 0.038999999999999924
0 0.4292948237059265 0.5549999999999999 0.03113278319579893 0.041000000000000036
0 0.4568642160540135 0.5542499999999999 0.030007501875468856 0.05149999999999999
0 0.45161290322580644 0.6 0.02775693923480871 0.04400000000000004
0 0.42366841710427605 0.50375 0.03263315828957242 0.040500000000000036
0 0.44111027756939236 0.48124999999999996 0.03450862715678921 0.04249999999999993
0 0.45836459114778694 0.5105 0.030757689422355572 0.045999999999999985
0 0.40097524381095273 0.4645 0.02925731432858214 0.03799999999999998
0 0.37809452363090773 0.45875 0.024756189047261845 0.044499999999999984
0 0.3454613653413353 0.45925 0.02925731432858214 0.03849999999999998
0 0.35277569392348085 0.41525 0.02663165791447858 0.03949999999999998
0 0.3784696174043511 0.41125 0.030007501875468856 0.03849999999999998
0 0.4081020255063766 0.42400000000000004 0.032258064516129004 0.03899999999999998
0 0.43548387096774194 0.445 0.03150787696924229 0.03300000000000003
0 0.36834208552138037 0.3755 0.03450862715678921 0.03700000000000003
0 0.4081020255063766 0.3775 0.02925731432858214 0.04200000000000004
0 0.43623405851462865 0.36724999999999997 0.033758439609902435 0.03450000000000003
0 0.4478619654913728 0.40249999999999997 0.03600900225056264 0.03799999999999998
0 0.33477119279819956 0.347 0.029632408102025498 0.03799999999999998
0 0.367966991747937 0.32775 0.03375843960990249 0.03949999999999998
0 0.33570892723180795 0.3005 0.030757689422355572 0.04099999999999998
0 0.3094523630907727 0.29700000000000004 0.027006751687921993 0.034999999999999976
0 0.31076519129782443 0.263 0.031132783195798985 0.03999999999999998
0 0.2914478619654914 0.266 0.024756189047261845 0.03199999999999997
0 0.28019504876219054 0.25575000000000003 0.026256564141035277 0.03450000000000003
0 0.3028882220555139 0.23299999999999998 0.034883720930232565 0.03900000000000001
0 0.3306451612903226 0.20750000000000002 0.0318829707426857 0.04300000000000001
0 0.3480870217554389 0.17525000000000002 0.030007501875468856 0.035500000000000004
0 0.35671417854463616 0.21575 0.02925731432858214 0.044499999999999984
0 0.37509377344336087 0.25325000000000003 0.028507126781695424 0.04250000000000001
0 0.36946736684171044 0.28725 0.02475618904726179 0.044499999999999984
0 0.38559639909977494 0.30075 0.023255813953488413 0.05049999999999999
0 0.40678919729932483 0.33699999999999997 0.03263315828957236 0.04099999999999998
0 0.41916729182295576 0.31525000000000003 0.029632408102025498 0.04350000000000004
0 0.4493623405851463 0.33625 0.033758439609902435 0.045499999999999985
0 0.43192048012003 0.28300000000000003 0.028132033008252066 0.046999999999999986
0 0.4045386346586647 0.265 0.029632408102025498 0.03999999999999998
0 0.41429107276819205 0.21500000000000002 0.03263315828957236 0.035
0 0.4442985746436609 0.22925 0.028132033008252066 0.04550000000000001
0 0.44879969992498125 0.1925 0.028132033008252066 0.044999999999999984
0 0.40678919729932483 0.17149999999999999 0.028882220555138782 0.05000000000000002
0 0.38540885221305327 0.19524999999999998 0.028882220555138782 0.04250000000000001
0 0.37978244561140284 0.175 0.022880720180045 0.03
0 0.38765941485371347 0.12725 0.0318829707426857 0.03949999999999999
0 0.33214553638409605 0.14925 0.034883720930232565 0.035500000000000004
0 0.31676669167291827 0.10975 0.03413353338334585 0.04350000000000001
0 0.47599399849962487 0.159 0.030757689422355627 0.043999999999999984
0 0.481245311327832 0.21075 0.03225806451612906 0.04450000000000001
0 0.5105026256564141 0.22125 0.029257314328582196 0.04749999999999999
0 0.5352588147036759 0.17875000000000002 0.032258064516129115 0.04050000000000001
0 0.5369467366841711 0.22749999999999998 0.02738184546136535 0.04500000000000001
0 0.5219429857464366 0.2595 0.03338334583645919 0.041000000000000036
0 0.4921230307576895 0.265 0.03375843960990249 0.045999999999999985
0 0.508252063015754 0.29400000000000004 0.03000750187546891 0.04199999999999998
0 0.47336834208552137 0.29525 0.030007501875468856 0.04249999999999998
0 0.5750187546886721 0.1945 0.03150787696924229 0.05199999999999999
0 0.5551387846961741 0.26 0.03150787696924229 0.045999999999999985
0 0.548762190547637 0.30525 0.03300825206301583 0.04250000000000004
0 0.5219429857464366 0.32899999999999996 0.030382595648912325 0.043999999999999984
0 0.49137284321080266 0.35025 0.030757689422355516 0.04049999999999998
0 0.5196924231057765 0.36375 0.028882220555138782 0.04049999999999998
0 0.47261815453863465 0.36524999999999996 0.028507126781695424 0.04250000000000004
0 0.49774943735933985 0.3845 0.030007501875468856 0.039000000000000035
0 0.5414478619654914 0.39225 0.030382595648912214 0.035499999999999976
0 0.5570142535633908 0.354 0.030757689422355572 0.04199999999999998
0 0.5159414853713429 0.42200000000000004 0.03488372093023251 0.032999999999999974
0 0.4840585146286572 0.43474999999999997 0.031882970742685646 0.04350000000000004
0 0.47336834208552137 0.47850000000000004 0.03525881470367592 0.03699999999999998
0 0.5026256564141035 0.4865 0.022505626406601642 0.041999999999999926
0 0.5346961740435109 0.46875 0.03113278319579904 0.03849999999999998
0 0.562828207051763 0.47825 0.030382595648912214 0.035499999999999976
0 0.5652663165791447 0.429 0.030757689422355683 0.03700000000000003
0 0.5333833458364592 0.51075 0.037509377344336126 0.03250000000000003
0 0.5594523630907726 0.5277499999999999 0.02738184546136535 0.04050000000000009
0 0.5005626406601651 0.516 0.03113278319579893 0.029000000000000026
0 0.481807951987997 0.56375 0.03263315828957242 0.03649999999999998
0 0.47918229557389347 0.60725 0.03263315828957236 0.04049999999999998
0 0.4656789197299325 0.6419999999999999 0.031882970742685646 0.03300000000000003
0 0.4988747186796699 0.6732499999999999 0.030757689422355572 0.04149999999999998
0 0.5090022505626407 0.601 0.026256564141035332 0.038000000000000034
0 0.5176294073518379 0.63 0.032258064516129004 0.040000000000000036
0 0.5283195798949738 0.6719999999999999 0.029632408102025498 0.03599999999999992
0 0.5510127531882971 0.65425 0.030007501875468856 0.043500000000000094
0 0.5517629407351838 0.6890000000000001 0.030007501875468856 0.039000000000000035
0 0.5744561140285072 0.66475 0.026631657914478635 0.044500000000000095
0 0.56695423855964 0.613 0.028882220555138782 0.04299999999999993
0 0.5243810952738185 0.5645 0.032258064516129004 0.04400000000000004
0 0.5427606901725431 0.57175 0.026256564141035277 0.03949999999999998
0 0.4827456864216054 0.7075 0.030757689422355627 0.038000000000000034
0 0.47749437359339836 0.74675 0.03150787696924229 0.034499999999999975
0 0.4975618904726181 0.7915000000000001 0.03338334583645913 0.03700000000000003
0 0.5480120030007501 0.808 0.026256564141035277 0.04399999999999993
0 0.5596399099774944 0.7725 0.030757689422355572 0.03300000000000003
0 0.509939984996249 0.74125 0.029632408102025554 0.03949999999999998
0 0.5313203300825207 0.758 0.029632408102025498 0.03200000000000003
0 0.5373218304576144 0.7290000000000001 0.029632408102025498 0.03700000000000003
0 0.577456864216054 0.72675 0.03263315828957247 0.03950000000000009
0 0.5902100525131282 0.73875 0.02363090772693177 0.03049999999999997
0 0.6078394598649662 0.7522500000000001 0.026631657914478524 0.033499999999999974
0 0.5855213803450863 0.7825 0.030757689422355572 0.030000000000000027
0 0.5663915978994749 0.79325 0.022505626406601587 0.02849999999999997
0 0.6571642910727682 0.753 0.02775693923480871 0.03600000000000003
0 0.6427231807951987 0.72075 0.030382595648912214 0.03550000000000009
0 0.5982745686421606 0.7075 0.02550637659414856 0.038000000000000034
0 0.6159039759939985 0.7095 0.01875468867216812 0.03300000000000003
0 0.6646661665416354 0.69825 0.02700675168792188 0.034499999999999975
0 0.6406601650412603 0.66875 0.03300825206301572 0.034500000000000086
0 0.6014628657164292 0.662 0.028882220555138782 0.03400000000000003
0 0.6085896474118531 0.63175 0.03113278319579893 0.03249999999999997
0 0.6303450862715678 0.644 0.029632408102025498 0.03600000000000003
0 0.6357839459864967 0.6145 0.0315078769692424 0.03599999999999992
0 0.6674793698424606 0.65575 0.03113278319579893 0.03650000000000009
0 0.6852963240810203 0.67425 0.030007501875468856 0.033499999999999974
0 0.5808327081770444 0.5509999999999999 0.03113278319579893 0.039000000000000035
0 0.6099024756189048 0.55875 0.030007501875468856 0.04049999999999998
0 0.5890847711927982 0.5177499999999999 0.031882970742685646 0.035499999999999976
0 0.6252813203300825 0.5205 0.032258064516129004 0.040000000000000036
0 0.6449737434358589 0.5475 0.028882220555138782 0.03600000000000003
0 0.6695423855963991 0.5329999999999999 0.03150787696924229 0.041000000000000036
0 0.5888972243060765 0.45875 0.03300825206301572 0.03849999999999998
0 0.6164666166541635 0.47450000000000003 0.030382595648912214 0.044999999999999984
0 0.6451612903225806 0.47725 0.027006751687921993 0.04249999999999998
0 0.680232558139535 0.496 0.03113278319579893 0.044999999999999984
0 0.6781695423855965 0.45775 0.032258064516129115 0.03749999999999998
0 0.6526631657914479 0.4315 0.03300825206301572 0.039000000000000035
0 0.6239684921230308 0.437 0.03263315828957236 0.04300000000000004
0 0.5969617404351089 0.41825 0.03263315828957236 0.03949999999999998
0 0.5888972243060765 0.37675000000000003 0.03300825206301572 0.039500000000000035
0 0.6252813203300825 0.38725 0.03300825206301572 0.04049999999999998
0 0.6573518379594898 0.38725 0.030382595648912214 0.04149999999999998
0 0.686609152288072 0.40249999999999997 0.03263315828957236 0.03899999999999998
0 0.6170292573143286 0.35125 0.03300825206301572 0.04049999999999998
0 0.586271567891973 0.33925 0.032258064516129004 0.03849999999999998
0 0.5817704426106527 0.303 0.030757689422355572 0.04200000000000004
0 0.6104651162790697 0.31074999999999997 0.028882220555138782 0.04250000000000004
0 0.6374718679669917 0.30574999999999997 0.029632408102025498 0.03750000000000003
0 0.6511627906976745 0.3395 0.036009002250562694 0.04299999999999998
0 0.6753563390847712 0.32799999999999996 0.03413353338334579 0.044999999999999984
0 0.6933608402100525 0.361 0.03638409602400605 0.03999999999999998
0 0.6626031507876968 0.29000000000000004 0.03113278319579893 0.04799999999999999
0 0.614403600900225 0.266 0.030757689422355572 0.046999999999999986
0 0.586271567891973 0.2575 0.03150787696924229 0.04600000000000004
0 0.6110277569392348 0.21975 0.03300825206301572 0.04349999999999998
0 0.6425356339084771 0.196 0.032258064516129004 0.048000000000000015
0 0.6509752438109527 0.23875000000000002 0.03488372093023262 0.04550000000000001
0 0.589834958739685 0.16425 0.030382595648912214 0.04550000000000001
0 0.6172168042010502 0.16875 0.029632408102025498 0.0345
0 0.6457239309827456 0.153 0.030382595648912214 0.044999999999999984
0 0.6762940735183796 0.1345 0.03300825206301572 0.051000000000000004
0 0.6779819954988747 0.183 0.03338334583645919 0.045999999999999985
0 0.7214928732183046 0.18875 0.035633908477119336 0.04849999999999999
0 0.7475618904726181 0.159 0.03300825206301572 0.044999999999999984
0 0.7762565641410353 0.18925 0.03713428357089277 0.04249999999999998
0 0.7424981245311328 0.21525 0.03263315828957236 0.04049999999999998
0 0.7873218304576144 0.22875 0.03450862715678915 0.04050000000000001
0 0.7880720180045011 0.27075 0.033758439609902435 0.045499999999999985
0 0.7109902475618906 0.22425 0.03338334583645908 0.045499999999999985
0 0.6862340585146287 0.2475 0.03413353338334579 0.038000000000000006
0 0.7079894973743436 0.277 0.034133533383345904 0.04799999999999999
0 0.7244936234058514 0.30474999999999997 0.04013503375843963 0.04250000000000004
0 0.7524381095273819 0.28675 0.03300825206301572 0.04149999999999998
0 0.721305326331583 0.3405 0.04051012753188299 0.03999999999999998
0 0.7561890472618155 0.32375 0.028507126781695424 0.04249999999999998
0 0.7854463615903976 0.31825000000000003 0.032258064516129004 0.04550000000000004
0 0.7846961740435109 0.35450000000000004 0.03150787696924229 0.03999999999999998
0 0.7610652663165791 0.366 0.03450862715678915 0.04200000000000004
0 0.7280570142535634 0.38275000000000003 0.033758439609902435 0.04550000000000004
0 0.7348087021755438 0.431 0.03900975243810956 0.040000000000000036
0 0.7678169542385596 0.41100000000000003 0.03975993998499627 0.033999999999999975
0 0.7650037509377344 0.45375 0.03113278319579904 0.04049999999999998
0 0.704801200300075 0.4685 0.027006751687921993 0.03699999999999998
0 0.7319954988747186 0.47125 0.030382595648912214 0.03749999999999998
0 0.7128657164291072 0.5105 0.03113278319579893 0.04300000000000004
0 0.7372468117029258 0.517 0.028132033008252066 0.04099999999999998
0 0.7631282820705176 0.5025 0.034133533383345904 0.04300000000000004
0 0.785821455363841 0.518 0.03150787696924229 0.04200000000000004
0 0.713053263315829 0.5455 0.03525881470367587 0.03600000000000003
0 0.7316204051012754 0.5702499999999999 0.02213053263315834 0.033499999999999974
0 0.7166166541635409 0.591 0.0386346586646662 0.039000000000000035
0 0.6627906976744186 0.5880000000000001 0.03150787696924229 0.03300000000000003
0 0.6796699174793699 0.613 0.030007501875468856 0.03400000000000003
0 0.7040510127531883 0.6052500000000001 0.026256564141035277 0.030500000000000083
0 0.7093023255813954 0.6547499999999999 0.032258064516129004 0.04149999999999998
0 0.7372468117029258 0.6335 0.028882220555138782 0.03500000000000003
0 0.7608777194298575 0.6365000000000001 0.02588147036759192 0.039999999999999925
0 0.7666916729182296 0.59375 0.032258064516129004 0.043500000000000094
0 0.7777569392348087 0.6152500000000001 0.028132033008252066 0.045499999999999985
0 0.8008252063015754 0.6387499999999999 0.024756189047261845 0.04749999999999999
0 0.7261815453863466 0.6890000000000001 0.028507126781695424 0.03399999999999992
0 0.7409977494373593 0.6777500000000001 0.016879219804951218 0.033499999999999974
0 0.7891972993248312 0.55425 0.02925731432858214 0.034499999999999975
0 0.8158289572393098 0.57125 0.02925731432858214 0.034499999999999975
0 0.8276444111027756 0.52075 0.028882220555138782 0.03949999999999998
0 0.8576519129782445 0.52825 0.029632408102025498 0.043500000000000094
0 0.8717179294823706 0.49249999999999994 0.02775693923480871 0.04199999999999998
0 0.9067891972993248 0.48575 0.03113278319579904 0.041499999999999926
0 0.918417104276069 0.51525 0.03488372093023262 0.03750000000000003
0 0.9212303075768942 0.4585 0.0315078769692424 0.03899999999999998
0 0.8717179294823706 0.43925000000000003 0.03600900225056258 0.04250000000000004
0 0.8351462865716429 0.45975 0.030382595648912325 0.034499999999999975
0 0.8083270817704427 0.47950000000000004 0.036009002250562694 0.035999999999999976
0 0.7998874718679669 0.44875 0.031882970742685646 0.039500000000000035
0 0.8205176294073518 0.42125 0.034133533383345904 0.035499999999999976
0 0.799324831207802 0.39675 0.02925731432858214 0.045499999999999985
0 0.8388972243060766 0.39075 0.030382595648912214 0.03949999999999998
0 0.8690922730682671 0.39475 0.030757689422355572 0.04149999999999998
0 0.8885971492873218 0.4225 0.027006751687921993 0.04299999999999998
0 0.9206676669167292 0.41900000000000004 0.034133533383345904 0.03899999999999998
0 0.890285071267817 0.38275000000000003 0.02588147036759192 0.040500000000000036
0 0.9159789947486872 0.35825 0.03300825206301572 0.04149999999999998
0 0.8546511627906976 0.33599999999999997 0.03413353338334579 0.044999999999999984
0 0.8143285821455364 0.32475 0.02775693923480871 0.046499999999999986
0 0.8629032258064516 0.29800000000000004 0.03713428357089277 0.03899999999999998
0 0.8797824456114028 0.32425 0.03188297074268576 0.04149999999999998
0 0.8501500375093773 0.21575 0.03188297074268576 0.046499999999999986
0 0.86496624156039 0.2455 0.030757689422355683 0.04300000000000001
0 0.8957239309827457 0.25525000000000003 0.033758439609902435 0.04550000000000001
0 0.24924981245311328 0.20575 0.024381095273818487 0.04550000000000001
