0 0.05870217554388597 0.6715 0.03713428357089272 0.03600000000000003
0 0.06301575393848462 0.7135 0.028507126781695417 0.040000000000000036
0 0.07726931732933233 0.75075 0.024756189047261817 0.04149999999999998
0 0.07726931732933233 0.6154999999999999 0.03150787696924231 0.03799999999999992
0 0.0881470367591898 0.646 0.03300825206301576 0.04200000000000004
0 0.11796699174793698 0.67675 0.03188297074268566 0.045499999999999985
0 0.10183795948987247 0.6852499999999999 0.02138034508627157 0.035499999999999976
0 0.11684171042760691 0.717 0.03188297074268566 0.04200000000000004
0 0.14722430607651915 0.7475 0.033383345836459105 0.041999999999999926
0 0.14609902475618905 0.698 0.03113278319579893 0.03500000000000003
0 0.15360090022505626 0.683 0.03413353338334585 0.04300000000000004
0 0.12809452363090773 0.6305000000000001 0.031132783195798944 0.04399999999999993
0 0.1177794448612153 0.5925 0.030007501875468856 0.03300000000000003
0 0.14122280570142537 0.55525 0.033383345836459105 0.045499999999999985
0 0.14966241560390098 0.5762499999999999 0.030757689422355572 0.02749999999999997
0 0.1571642910727682 0.606 0.03450862715678921 0.04600000000000004
0 0.11159039759939984 0.49124999999999996 0.03488372093023255 0.04049999999999998
0 0.15772693173293323 0.5225 0.03563390847711928 0.03700000000000003
0 0.19129782445611404 0.499 0.029257314328582168 0.04099999999999998
0 0.2087396849212303 0.535 0.031132783195798958 0.04200000000000004
0 0.18642160540135033 0.57525 0.03450862715678921 0.046499999999999986
0 0.21811702925731433 0.577 0.026631657914478635 0.041000000000000036
0 0.23443360840210054 0.58675 0.03450862715678918 0.04049999999999998
0 0.17854463615903976 0.6335 0.030757689422355572 0.041999999999999926
0 0.20423855963991 0.623 0.03263315828957239 0.04200000000000004
0 0.23668417104276068 0.6247499999999999 0.034508627156789234 0.04349999999999998
0 0.23105776444111029 0.6635 0.036759189797449354 0.04200000000000004
0 0.19129782445611404 0.671 0.03300825206301575 0.04399999999999993
0 0.19767441860465118 0.7152499999999999 0.0307576894223556 0.03850000000000009
0 0.22524381095273818 0.69675 0.030382595648912214 0.03849999999999998
0 0.23724681170292572 0.45475 0.03713428357089274 0.055499999999999994
0 0.22486871717929482 0.49675 0.03113278319579893 0.04650000000000004
0 0.27419354838709675 0.46399999999999997 0.03375843960990249 0.02999999999999997
0 0.2348087021755439 0.54175 0.03300825206301575 0.045499999999999985
0 0.26481620405101275 0.518 0.03300825206301572 0.04899999999999999
0 0.2809452363090773 0.55225 0.03150787696924234 0.03649999999999998
0 0.3042010502625656 0.5297499999999999 0.033008252063015775 0.044500000000000095
0 0.3073893473368342 0.48725 0.03338334583645908 0.045499999999999985
0 0.336271567891973 0.5055 0.031882970742685646 0.04799999999999999
0 0.33870967741935487 0.46075 0.03600900225056264 0.045499999999999985
0 0.35221305326331587 0.402 0.03375843960990249 0.05099999999999999
0 0.37528132033008255 0.44025000000000003 0.03413353338334585 0.04550000000000004
0 0.37884471117779445 0.48250000000000004 0.032258064516129004 0.044999999999999984
0 0.33027006751687926 0.5465 0.03263315828957242 0.040999999999999925
0 0.3548387096774194 0.5387500000000001 0.03600900225056264 0.04349999999999998
0 0.2856339084771193 0.60175 0.0386346586646662 0.043500000000000094
0 0.2704426106526632 0.6295 0.030757689422355572 0.04300000000000004
0 0.2586271567891973 0.68575 0.028882220555138782 0.044499999999999984
0 0.27981995498874723 0.6819999999999999 0.036759189797449354 0.041999999999999926
0 0.3201425356339085 0.68125 0.031882970742685646 0.04249999999999998
0 0.30438859714928734 0.63175 0.03413353338334585 0.04249999999999998
0 0.32801950487621906 0.596 0.03413353338334579 0.04400000000000004
0 0.3608402100525131 0.5827500000000001 0.036759189797449354 0.045499999999999985
0 0.3447111777944486 0.6415 0.033008252063015775 0.04500000000000004
0 0.35783945986496624 0.6759999999999999 0.03450862715678921 0.04300000000000004
0 0.38503375843960985 0.6475 0.036384096024005996 0.04700000000000004
0 0.39384846211552893 0.575 0.03600900225056264 0.041999999999999926
0 0.39084771192798196 0.54025 0.03600900225056264 0.05249999999999999
0 0.3561515378844711 0.352 0.03338334583645908 0.044999999999999984
0 0.3884096024006002 0.39475 0.03338334583645913 0.04149999999999998
0 0.4386721680420105 0.28625 0.040135033758439576 0.046499999999999986
0 0.4626781695423856 0.32799999999999996 0.03413353338334585 0.04799999999999999
0 0.44036009002250565 0.37024999999999997 0.036759189797449354 0.04850000000000004
0 0.4163540885221305 0.393 0.03600900225056264 0.046999999999999986
0 0.47168042010502625 0.394 0.03488372093023251 0.043999999999999984
0 0.4936234058514629 0.367 0.03225806451612906 0.04600000000000004
0 0.4962490622655664 0.3115 0.03375843960990249 0.04500000000000004
0 0.48705926481620404 0.26549999999999996 0.03338334583645908 0.046999999999999986
0 0.5196924231057765 0.2595 0.04238559639909978 0.06199999999999997
0 0.5615153788447111 0.27125 0.032258064516129004 0.04749999999999999
0 0.554013503375844 0.3175 0.033758439609902435 0.049000000000000044
0 0.5283195798949738 0.3415 0.03713428357089266 0.05399999999999999
0 0.5315078769692423 0.38725 0.03300825206301572 0.045499999999999985
0 0.5022505626406601 0.40975 0.03525881470367587 0.05149999999999999
0 0.5330082520630157 0.4335 0.03300825206301572 0.049000000000000044
0 0.5086271567891973 0.46525 0.03225806451612906 0.046499999999999986
0 0.46886721680420107 0.45275 0.03450862715678921 0.04749999999999999
0 0.4060390097524381 0.4545 0.03338334583645908 0.04299999999999998
0 0.4139159789947487 0.5037499999999999 0.0386346586646662 0.045499999999999985
0 0.436046511627907 0.474 0.03563390847711928 0.046999999999999986
0 0.4356714178544636 0.5215 0.037884471117779484 0.04799999999999999
0 0.42741935483870963 0.5575 0.03413353338334585 0.040999999999999925
0 0.4579894973743436 0.56175 0.036759189797449354 0.044499999999999984
0 0.41860465116279066 0.611 0.03450862715678921 0.038000000000000034
0 0.41710427606901723 0.659 0.033008252063015775 0.04200000000000004
0 0.45911477869467365 0.64575 0.03450862715678921 0.044499999999999984
0 0.44898724681170293 0.60275 0.028507126781695424 0.046499999999999986
0 0.4846211552888222 0.58475 0.03525881470367592 0.04150000000000009
0 0.4934358589647412 0.55175 0.034883720930232565 0.04749999999999999
0 0.5174418604651163 0.5760000000000001 0.029632408102025498 0.041000000000000036
0 0.5125656414103525 0.62925 0.03263315828957242 0.044499999999999984
0 0.5144411102775694 0.70125 0.03488372093023251 0.04249999999999998
0 0.5450112528132033 0.67275 0.037509377344336015 0.045499999999999985
0 0.5583270817704427 0.6972499999999999 0.031882970742685646 0.03949999999999998
0 0.5607651912978244 0.7522500000000001 0.03525881470367587 0.045499999999999985
0 0.5937734433608403 0.768 0.02775693923480871 0.04499999999999993
0 0.5926481620405102 0.7175 0.037509377344336126 0.041000000000000036
0 0.6027756939234808 0.67825 0.03300825206301572 0.04249999999999998
0 0.5776444111027756 0.65825 0.03525881470367598 0.04150000000000009
0 0.5519504876219055 0.6305000000000001 0.035633908477119336 0.041000000000000036
0 0.5513878469617404 0.5834999999999999 0.032258064516129115 0.03700000000000003
0 0.5817704426106527 0.60925 0.033758439609902435 0.044499999999999984
0 0.6085896474118531 0.627 0.03113278319579893 0.04299999999999993
0 0.49099774943735935 0.5025 0.03300825206301583 0.04700000000000004
0 0.5170667666916728 0.5237499999999999 0.031882970742685646 0.045499999999999985
0 0.5436984246061516 0.5485 0.03488372093023251 0.04299999999999993
0 0.5772693173293324 0.5660000000000001 0.03450862715678926 0.04500000000000004
0 0.5590772693173294 0.511 0.03338334583645908 0.04600000000000004
0 0.5390097524381096 0.481 0.033758439609902435 0.03799999999999998
0 0.5667666916729182 0.4645 0.03525881470367598 0.043999999999999984
0 0.6027756939234808 0.4955 0.03300825206301572 0.04300000000000004
0 0.5783945986496624 0.4195 0.03525881470367598 0.04999999999999999
0 0.563953488372093 0.3665 0.03488372093023262 0.04500000000000004
0 0.5883345836459115 0.3365 0.03413353338334579 0.04799999999999999
0 0.6024006001500375 0.37925 0.032258064516129004 0.050500000000000045
0 0.5995873968492123 0.28700000000000003 0.03713428357089266 0.05099999999999999
0 0.6370967741935484 0.3045 0.03488372093023262 0.04999999999999999
0 0.6354088522130532 0.36325 0.03675918979744941 0.044499999999999984
0 0.6746061515378845 0.355 0.039384846211552915 0.04999999999999999
0 0.7145536384096024 0.36 0.032258064516129004 0.04899999999999999
0 0.758252063015754 0.39325 0.04238559639909978 0.05149999999999999
0 0.7031132783195799 0.40425 0.028882220555138782 0.046499999999999986
0 0.6691672918229558 0.41375 0.0367591897974493 0.03949999999999998
0 0.6299699924981246 0.40725 0.03638409602400594 0.045499999999999985
0 0.6129032258064516 0.4515 0.033758439609902435 0.045999999999999985
0 0.6479744936234058 0.446 0.028132033008252066 0.04200000000000004
0 0.681357839459865 0.4415 0.031882970742685646 0.04200000000000004
0 0.7344336084021006 0.44175 0.033758439609902546 0.050500000000000045
0 0.7927606901725431 0.44075 0.03488372093023262 0.049500000000000044
0 0.7691297824456114 0.482 0.03788447111777937 0.04199999999999998
0 0.7085521380345086 0.47925 0.03525881470367598 0.045499999999999985
0 0.7252438109527382 0.5 0.03113278319579893 0.03899999999999998
0 0.6729182295573893 0.4895 0.033758439609902435 0.04599999999999993
0 0.6286571642910728 0.485 0.032258064516129004 0.04299999999999993
0 0.6145911477869468 0.52425 0.03488372093023251 0.04249999999999998
0 0.6346586646661665 0.5567500000000001 0.03300825206301583 0.045499999999999985
0 0.6556639159789948 0.527 0.03450862715678915 0.04200000000000004
0 0.7098649662415604 0.5369999999999999 0.03263315828957236 0.05500000000000005
0 0.6117779444861215 0.5785 0.03300825206301572 0.04499999999999993
0 0.6393473368342086 0.6065 0.03488372093023251 0.041999999999999926
0 0.6779819954988747 0.58475 0.034133533383345904 0.044499999999999984
0 0.7085521380345086 0.577 0.033758439609902546 0.039999999999999925
0 0.677231807951988 0.62575 0.03263315828957247 0.046499999999999986
0 0.645536384096024 0.65575 0.03150787696924229 0.04250000000000009
0 0.6354088522130532 0.69425 0.032258064516129115 0.04049999999999998
0 0.6294073518379595 0.73925 0.030757689422355572 0.044499999999999984
0 0.6530382595648913 0.75575 0.03150787696924229 0.04049999999999998
0 0.6269692423105777 0.79525 0.035633908477119225 0.04249999999999998
0 0.6438484621155289 0.8405 0.03713428357089266 0.03600000000000003
0 0.6755438859714928 0.8235 0.032258064516129004 0.040000000000000036
0 0.7138034508627157 0.84325 0.03600900225056258 0.04149999999999998
0 0.7385596399099774 0.8125 0.03900975243810956 0.040000000000000036
0 0.6924231057764441 0.78175 0.030757689422355683 0.04050000000000009
0 0.7224306076519129 0.77325 0.03525881470367598 0.04249999999999998
0 0.6669167291822956 0.72275 0.03150787696924229 0.04249999999999998
0 0.6746061515378845 0.6795 0.03638409602400594 0.04200000000000004
0 0.7057389347336834 0.70975 0.03713428357089277 0.04249999999999998
0 0.7286196549137285 0.6872499999999999 0.03338334583645908 0.04349999999999998
0 0.7068642160540135 0.6485 0.03338334583645919 0.04200000000000004
0 0.7254313578394599 0.61225 0.033758439609902435 0.045499999999999985
0 0.785821455363841 0.5217499999999999 0.033758439609902435 0.04250000000000009
0 0.8126406601650413 0.53325 0.03113278319579893 0.04049999999999998
0 0.7526256564141036 0.54125 0.03113278319579893 0.04049999999999998
0 0.7938859714928732 0.5665 0.02738184546136535 0.04600000000000004
0 0.8120780195048762 0.5882499999999999 0.03525881470367587 0.04050000000000009
0 0.7533758439609903 0.59325 0.03413353338334579 0.04250000000000009
0 0.7861965491372843 0.6167499999999999 0.03600900225056258 0.04149999999999998
0 0.7593773443360841 0.63725 0.03713428357089266 0.044499999999999984
0 0.7974493623405852 0.6645000000000001 0.03300825206301572 0.04500000000000004
0 0.7676294073518379 0.706 0.03638409602400605 0.041000000000000036
0 0.8190172543135784 0.70475 0.03638409602400605 0.04349999999999998
0 0.746436609152288 0.7464999999999999 0.03525881470367587 0.041999999999999926
0 0.7815078769692423 0.742 0.03488372093023262 0.040999999999999925
0 0.7601275318829708 0.7835000000000001 0.03263315828957236 0.039000000000000035
0 0.8962865716429107 0.7435 0.037884471117779484 0.051000000000000045
0 0.890285071267817 0.57775 0.035633908477119336 0.04749999999999999
0 0.877906976744186 0.527 0.044636159039759926 0.05499999999999999
0 0.863278319579895 0.47875 0.03488372093023262 0.034499999999999975
