0 0.18735933983495873 0.2535 0.06789197299324831 0.08299999999999999
0 0.14872468117029258 0.34525 0.06939234808702174 0.07950000000000002
0 0.13147036759189798 0.4195 0.06339084771192799 0.08300000000000002
0 0.10933983495873968 0.495 0.06789197299324831 0.08400000000000002
0 0.10896474118529634 0.60475 0.06489122280570143 0.08650000000000002
0 0.1629782445611403 0.651 0.0641410352588147 0.07899999999999996
0 0.21961740435108779 0.6765 0.057389347336834234 0.07499999999999996
0 0.2644411102775694 0.8007500000000001 0.0682670667666917 0.09150000000000003
0 0.20442610652663165 0.59825 0.057764441110277565 0.0804999999999999
0 0.1667291822955739 0.538 0.07164291072768192 0.08700000000000002
0 0.1879219804951238 0.4575 0.06451612903225806 0.09300000000000003
0 0.24399849962490622 0.3795 0.0618904726181545 0.07799999999999996
0 0.25637659414853714 0.32575 0.06864216054013506 0.08750000000000002
0 0.27644411102775696 0.232 0.05776444111027759 0.08200000000000002
0 0.32820705176294074 0.22925 0.06451612903225806 0.09250000000000003
0 0.331020255063766 0.31174999999999997 0.05363840960240057 0.08549999999999996
0 0.32633158289572395 0.40900000000000003 0.06676669167291821 0.08700000000000002
0 0.27813203300825207 0.48224999999999996 0.07314328582145535 0.08849999999999997
0 0.24474868717179293 0.51675 0.06564141035258816 0.07750000000000001
0 0.26650412603150786 0.5765 0.06789197299324831 0.07499999999999996
0 0.2921980495123781 0.652 0.06751687921980498 0.07699999999999996
0 0.34602400600150035 0.71775 0.05663915978994749 0.08549999999999991
0 0.38747186796699173 0.79025 0.062265566391597915 0.07250000000000001
0 0.44298574643660915 0.7989999999999999 0.06226556639159786 0.08199999999999996
0 0.4187921980495124 0.20450000000000002 0.068642160540135 0.087
0 0.4069767441860465 0.2935 0.059264816204050996 0.08000000000000002
0 0.3944111027756939 0.3805 0.06489122280570142 0.07899999999999996
0 0.37734433608402096 0.46099999999999997 0.062265566391597915 0.08600000000000002
0 0.32895723930982745 0.53225 0.06901725431357841 0.08349999999999996
0 0.3360840210052513 0.618 0.06751687921980498 0.08000000000000007
0 0.38822205551387845 0.6665 0.06301575393848463 0.08299999999999996
0 0.39909977494373594 0.54925 0.0660165041260315 0.08950000000000002
0 0.4638034508627157 0.54375 0.06864216054013506 0.09049999999999997
0 0.4283570892723181 0.59575 0.06226556639159786 0.0754999999999999
0 0.4328582145536384 0.43674999999999997 0.06301575393848463 0.08849999999999997
0 0.4307951987996999 0.7010000000000001 0.059639909977494354 0.07500000000000007
0 0.48237059264816207 0.7397499999999999 0.062265566391597915 0.07350000000000001
0 0.4941860465116279 0.8525 0.06114028507126784 0.07500000000000007
0 0.5474493623405852 0.9097500000000001 0.06714178544636162 0.0824999999999999
0 0.5313203300825207 0.77 0.05513878469617406 0.07899999999999996
0 0.4684921230307577 0.6515 0.06451612903225806 0.07999999999999996
0 0.512940735183796 0.5815 0.059639909977494354 0.07800000000000007
0 0.5440735183795948 0.51425 0.06339084771192793 0.08350000000000007
0 0.5958364591147787 0.87625 0.046886721680420074 0.056499999999999995
0 0.595648912228057 0.83875 0.06226556639159786 0.0734999999999999
0 0.5326331582895724 0.6895 0.06301575393848458 0.08200000000000007
0 0.596211552888222 0.66475 0.06939234808702177 0.10249999999999992
0 0.5718304576144035 0.72375 0.06264066016504122 0.0685
0 0.6230307576894224 0.75475 0.05701425356339085 0.07050000000000001
0 0.6464741185296323 0.8145 0.055888972243060775 0.07000000000000006
0 0.6551012753188297 0.9172499999999999 0.06039009752438107 0.0695
0 0.6299699924981246 0.67625 0.035633908477119225 0.07450000000000001
0 0.6954238559639909 0.9355 0.050262565641410295 0.06899999999999995
0 0.745311327831958 0.899 0.052513128282070554 0.06600000000000006
0 0.7959489872468117 0.9405 0.0547636909227307 0.07200000000000006
0 0.8418979744936235 0.90025 0.05288822205551391 0.0685
0 0.8109527381845462 0.86575 0.06001500375093771 0.07250000000000001
0 0.877344336084021 0.859 0.05101275318829701 0.07200000000000006
0 0.9452363090772693 0.8260000000000001 0.05851462865716428 0.07700000000000007
0 0.6914853713428357 0.8465 0.055888972243060775 0.06599999999999995
0 0.6986121530382596 0.7889999999999999 0.05813953488372092 0.06500000000000006
0 0.7363090772693173 0.8175 0.054013503375843874 0.06899999999999995
0 0.763503375843961 0.76925 0.06189047261815461 0.08050000000000002
0 0.8237059264816204 0.785 0.0637659414853714 0.07099999999999995
0 0.8724681170292573 0.7947500000000001 0.05626406601650413 0.07950000000000002
0 0.917291822955739 0.73825 0.05663915978994749 0.08050000000000002
0 0.8535258814703677 0.727 0.06039009752438107 0.07899999999999996
0 0.798762190547637 0.71175 0.05288822205551391 0.0774999999999999
0 0.7439984996249063 0.6795 0.05738934733683421 0.08400000000000007
0 0.6746061515378845 0.7072499999999999 0.061140285071267786 0.07550000000000001
0 0.6704801200300075 0.6345000000000001 0.061140285071267786 0.08300000000000007
0 0.719429857464366 0.606 0.06451612903225812 0.07600000000000007
0 0.7933233308327081 0.64125 0.054013503375843874 0.07450000000000001
0 0.8458364591147787 0.6472500000000001 0.05701425356339085 0.07150000000000001
0 0.9150412603150788 0.6579999999999999 0.06264066016504122 0.07199999999999995
0 0.6385971492873218 0.5960000000000001 0.06564141035258819 0.07799999999999996
0 0.5902100525131282 0.521 0.055888972243060775 0.08100000000000002
0 0.6686046511627908 0.5237499999999999 0.061140285071267786 0.08649999999999997
0 0.7396849212303076 0.5329999999999999 0.0547636909227307 0.08199999999999996
0 0.7762565641410353 0.5775 0.059639909977494354 0.07499999999999996
0 0.8372093023255814 0.5894999999999999 0.059264816204050996 0.07599999999999996
0 0.9030382595648911 0.58975 0.05363840960240063 0.0794999999999999
0 0.9112903225806452 0.5177499999999999 0.061140285071267786 0.07350000000000001
0 0.8694673668417104 0.48625 0.05851462865716428 0.09150000000000003
0 0.8109527381845462 0.5135000000000001 0.06076519129782443 0.08700000000000008
0 0.5043135783945987 0.45949999999999996 0.06414103525881476 0.08999999999999997
0 0.5551387846961741 0.42874999999999996 0.06076519129782443 0.08249999999999996
0 0.6369092273068266 0.46124999999999994 0.06751687921980498 0.08249999999999996
0 0.694298574643661 0.44475 0.06001500375093771 0.07450000000000001
0 0.7486871717929482 0.45275 0.06451612903225812 0.08350000000000002
0 0.8038259564891223 0.42525 0.05626406601650413 0.08550000000000002
0 0.872655663915979 0.39675 0.06789197299324823 0.07850000000000001
0 0.7505626406601651 0.384 0.06076519129782454 0.07500000000000001
0 0.8021380345086271 0.34475 0.05888972243060764 0.08350000000000002
0 0.854463615903976 0.32875 0.06676669167291827 0.07150000000000001
0 0.6033383345836458 0.39 0.05288822205551391 0.08500000000000002
0 0.47843210802700675 0.36575 0.06414103525881476 0.08349999999999996
0 0.46549137284321085 0.30000000000000004 0.06451612903225806 0.08500000000000002
0 0.5146286571642911 0.10149999999999999 0.06226556639159786 0.093
0 0.5150037509377344 0.24624999999999997 0.06301575393848458 0.08249999999999999
0 0.5491372843210802 0.349 0.07126781695423856 0.08900000000000002
0 0.5712678169542386 0.27849999999999997 0.06526631657914472 0.07700000000000001
0 0.6614778694673669 0.36075 0.06714178544636162 0.07950000000000002
0 0.6372843210802701 0.28025 0.06226556639159797 0.08750000000000002
0 0.7004876219054763 0.30874999999999997 0.06039009752438107 0.09449999999999997
0 0.7678169542385596 0.28325 0.06526631657914483 0.07750000000000001
0 0.8375843960990248 0.27575 0.061515378844711255 0.07550000000000001
0 0.7968867216804201 0.21425 0.06489122280570137 0.0865
0 0.6982370592648162 0.2185 0.06339084771192793 0.08900000000000002
0 0.7432483120780196 0.1975 0.06414103525881465 0.089
0 0.6230307576894223 0.19774999999999998 0.06526631657914483 0.0865
0 0.5558889722430608 0.18375000000000002 0.06601650412603144 0.0885
0 0.6965491372843211 0.14925 0.06226556639159786 0.08850000000000001
0 0.5948987246811703 0.13025 0.06976744186046513 0.08150000000000002
