0 0.12284321080270066 0.15050000000000002 0.06339084771192798 0.101
0 0.0669542385596399 0.25625 0.06039009752438109 0.0925
0 0.09921230307576895 0.33699999999999997 0.05963990997749437 0.08300000000000002
0 0.13090772693173294 0.2915 0.05626406601650413 0.09200000000000003
0 0.19992498124531133 0.22425 0.053263315828957214 0.07250000000000001
0 0.23124531132783196 0.28025 0.06189047261815456 0.0925
0 0.28188297074268565 0.18575000000000003 0.06339084771192799 0.0915
0 0.3094523630907727 0.2635 0.07126781695423856 0.091
0 0.29594898724681173 0.3425 0.062265566391597915 0.08000000000000002
0 0.34921230307576895 0.369 0.06601650412603155 0.07699999999999996
0 0.2777569392348087 0.42675 0.05513878469617406 0.07950000000000002
0 0.1916729182295574 0.35975 0.06226556639159789 0.08050000000000002
0 0.13672168042010502 0.40449999999999997 0.06789197299324831 0.08100000000000002
0 0.058139534883720936 0.42025 0.06076519129782446 0.09749999999999998
0 0.05795198799699925 0.49675 0.06264066016504126 0.06949999999999995
0 0.09471117779444861 0.5547500000000001 0.05963990997749438 0.0675
0 0.13634658664666166 0.48175 0.05063765941485371 0.07850000000000001
0 0.18060765191297823 0.47875 0.06864216054013503 0.07250000000000001
0 0.1646661665416354 0.5549999999999999 0.05701425356339085 0.07599999999999996
0 0.1588522130532633 0.60525 0.06489122280570145 0.0625
0 0.232370592648162 0.596 0.05513878469617403 0.07099999999999995
0 0.2758814703675919 0.65525 0.055138784696174004 0.07650000000000001
0 0.33289572393098277 0.677 0.058889722430607694 0.06399999999999995
0 0.36552888222055513 0.73 0.05363840960240063 0.05899999999999994
0 0.4156039009752438 0.74325 0.04876219054763692 0.0665
0 0.43023255813953487 0.79 0.03975993998499627 0.06599999999999995
0 0.47899474868717173 0.8300000000000001 0.05626406601650408 0.05399999999999994
0 0.4754313578394599 0.77525 0.05438859714928729 0.0605
0 0.4966241560390098 0.71025 0.05176294073518384 0.07250000000000001
0 0.45330082520630155 0.6545 0.051387846961740424 0.07499999999999996
0 0.40172543135783945 0.6595 0.04426106526631657 0.06999999999999995
0 0.34246061515378845 0.6125 0.06001500375093771 0.07500000000000007
0 0.2946361590397599 0.5605 0.05438859714928734 0.07200000000000006
0 0.23724681170292572 0.5215 0.05663915978994749 0.07600000000000001
0 0.31020255063765945 0.51 0.062265566391597915 0.07700000000000001
0 0.33664666166541635 0.46349999999999997 0.05888972243060764 0.07799999999999996
0 0.38634658664666166 0.42675 0.05551387846961742 0.07950000000000002
0 0.41260315078769694 0.495 0.0480120030007502 0.07800000000000001
0 0.44879969992498125 0.44025000000000003 0.06789197299324834 0.08449999999999996
0 0.481245311327832 0.49725 0.05326331582895727 0.07350000000000001
0 0.4120405101275319 0.57025 0.055888972243060775 0.0625
0 0.4555513878469617 0.5655 0.04913728432108028 0.08200000000000007
0 0.5161290322580645 0.5762499999999999 0.06001500375093771 0.07950000000000002
0 0.5266316579144786 0.6407499999999999 0.062265566391597915 0.07350000000000001
0 0.5543885971492873 0.69075 0.05701425356339085 0.0605
0 0.5712678169542386 0.74075 0.057764441110277565 0.0615
0 0.5313203300825207 0.77575 0.050637659414853764 0.056499999999999995
0 0.5196924231057765 0.8127500000000001 0.04013503375843963 0.055499999999999994
0 0.5693923480870218 0.8205 0.048762190547636974 0.05400000000000005
0 0.6087771942985747 0.9255 0.05176294073518373 0.06899999999999995
0 0.626219054763691 0.8534999999999999 0.05513878469617406 0.06500000000000006
0 0.6686046511627907 0.86825 0.04238559639909978 0.0625
0 0.6631657914478619 0.80975 0.05326331582895716 0.0615
0 0.5962115528882221 0.7969999999999999 0.05888972243060764 0.06500000000000006
0 0.6331582895723931 0.75125 0.05326331582895727 0.0675
0 0.6989872468117029 0.724 0.059639909977494354 0.06099999999999994
0 0.7027381845461365 0.7585 0.05513878469617406 0.05999999999999994
0 0.6271567891972993 0.68675 0.05626406601650413 0.0665
0 0.5971492873218305 0.6472500000000001 0.05701425356339085 0.0675
0 0.6562265566391599 0.6045 0.059639909977494354 0.07100000000000006
0 0.6867966991747937 0.6415 0.06076519129782443 0.06999999999999995
0 0.7522505626406601 0.69075 0.05063765941485365 0.07250000000000001
0 0.5843960990247562 0.5840000000000001 0.05851462865716428 0.08100000000000007
0 0.5523255813953489 0.5185 0.055888972243060775 0.08200000000000002
0 0.6344711177794449 0.5347500000000001 0.06339084771192804 0.07150000000000001
0 0.6626031507876969 0.4585 0.06339084771192804 0.07600000000000001
0 0.6873593398349587 0.49875 0.05513878469617406 0.07349999999999995
0 0.7428732183045761 0.5547500000000001 0.06414103525881465 0.0675
0 0.7475618904726182 0.4575 0.06901725431357841 0.07600000000000001
0 0.6052138034508627 0.41625 0.06414103525881476 0.07450000000000001
0 0.550450112528132 0.4425 0.06339084771192804 0.08199999999999996
0 0.4433608402100525 0.352 0.06076519129782443 0.08200000000000002
0 0.390285071267817 0.3045 0.05963990997749441 0.07800000000000001
0 0.3649662415603901 0.17375000000000002 0.061515378844711144 0.0965
0 0.436609152288072 0.229 0.07051762940735185 0.09200000000000003
0 0.46624156039009756 0.14725 0.06676669167291821 0.0915
0 0.5 0.19674999999999998 0.07051762940735179 0.0905
0 0.5536384096024006 0.26575 0.06076519129782443 0.0955
0 0.4799324831207802 0.28400000000000003 0.06714178544636162 0.08100000000000002
0 0.5226931732933233 0.33825 0.06789197299324834 0.08050000000000002
0 0.5843960990247562 0.346 0.06451612903225801 0.09400000000000003
0 0.587959489872468 0.1905 0.07689422355588904 0.092
0 0.641410352588147 0.25125 0.07501875468867225 0.0955
0 0.6886721680420105 0.191 0.06676669167291827 0.093
0 0.7046136534133534 0.28200000000000003 0.06789197299324834 0.099
0 0.7160540135033759 0.35750000000000004 0.06901725431357841 0.07800000000000001
0 0.791072768192048 0.27725 0.07576894223555886 0.0915
0 0.8990997749437359 0.31725000000000003 0.07876969242310583 0.08649999999999997
0 0.8715303825956489 0.39375 0.07239309827456875 0.07850000000000001
0 0.8679669917479369 0.46475 0.07201800450112528 0.07850000000000001
0 0.9077269317329333 0.52625 0.06001500375093782 0.09050000000000002
0 0.8340210052513128 0.5347500000000001 0.05513878469617406 0.08350000000000002
0 0.8285821455363841 0.61425 0.06076519129782443 0.07550000000000001
0 0.8289572393098275 0.67275 0.054013503375843985 0.07250000000000001
0 0.8921605401350338 0.61775 0.059639909977494465 0.07150000000000001
0 0.9013503375843961 0.67225 0.061515378844711144 0.07550000000000001
0 0.9347336834208553 0.60175 0.04726181545386343 0.0794999999999999
