0 0.10352588147036759 0.39549999999999996 0.04426106526631657 0.04299999999999998
0 0.10277569392348088 0.44425 0.043510877719429866 0.05149999999999999
0 0.14009752438109527 0.4805 0.043135783945986494 0.04399999999999993
0 0.1562265566391598 0.44375 0.043135783945986494 0.04250000000000004
0 0.14122280570142537 0.37375 0.04538634658664667 0.04550000000000004
0 0.18923480870217554 0.37475 0.04238559639909978 0.04750000000000004
0 0.21399099774943736 0.34975 0.044636159039759926 0.04749999999999999
0 0.21117779444861218 0.42600000000000005 0.03900975243810953 0.04999999999999999
0 0.24981245311327832 0.4235 0.04051012753188299 0.05399999999999999
0 0.21305326331582897 0.46975 0.04051012753188296 0.03949999999999998
0 0.19467366841710426 0.50825 0.036009002250562666 0.044499999999999984
0 0.15378844711177794 0.53925 0.03975993998499627 0.043500000000000094
0 0.11421605401350338 0.52475 0.04163540885221306 0.044500000000000095
0 0.17779444861215304 0.5575 0.038259564891222814 0.040000000000000036
0 0.15510127531882972 0.592 0.037884471117779456 0.04600000000000004
0 0.18717179294823705 0.6094999999999999 0.0375093773443361 0.03399999999999992
0 0.23462115528882221 0.6085 0.0386346586646662 0.03700000000000003
0 0.22468117029257312 0.56175 0.03900975243810953 0.03749999999999998
0 0.25900225056264065 0.5507500000000001 0.03713428357089274 0.04149999999999998
0 0.26969242310577646 0.5875 0.04276069017254314 0.040000000000000036
0 0.23874718679669915 0.5165 0.041635408852213035 0.03999999999999998
0 0.27550637659414856 0.51 0.03788447111777943 0.03600000000000003
0 0.2653788447111778 0.475 0.04088522130532632 0.045999999999999985
0 0.30045011252813203 0.48925 0.04276069017254314 0.045499999999999985
0 0.31039009752438107 0.526 0.0453863465866467 0.04600000000000004
0 0.29726181545386343 0.5645 0.03788447111777943 0.040999999999999925
0 0.30963990997749435 0.5954999999999999 0.036384096024005996 0.04700000000000004
0 0.32914478619654913 0.63175 0.039384846211552915 0.03749999999999998
0 0.34827456864216055 0.6032500000000001 0.034883720930232565 0.03749999999999998
0 0.33664666166541635 0.56575 0.03563390847711928 0.03949999999999998
0 0.2918229557389347 0.436 0.03600900225056264 0.04800000000000004
0 0.30101275318829707 0.39425 0.04088522130532635 0.05449999999999999
0 0.3177044261065266 0.32525 0.0480120030007502 0.055499999999999994
0 0.2751312828207052 0.28225 0.043885971492873266 0.04949999999999999
0 0.23087021755438858 0.28525 0.044636159039759926 0.05149999999999999
0 0.2680045011252813 0.32825 0.031132783195798985 0.056499999999999995
0 0.36834208552138037 0.27675 0.04276069017254314 0.057499999999999996
0 0.3623405851462866 0.3295 0.041260315078769705 0.05099999999999999
0 0.40491372843210804 0.3225 0.043135783945986494 0.05299999999999999
0 0.4281695423855964 0.27475 0.04088522130532635 0.05449999999999999
0 0.44711177794448614 0.33225 0.04351087771942985 0.055499999999999994
0 0.48162040510127535 0.30375 0.040510127531882933 0.05449999999999999
0 0.48537134283570893 0.35425 0.042010502625656365 0.04949999999999999
0 0.422543135783946 0.36850000000000005 0.0386346586646662 0.05199999999999999
0 0.4578019504876219 0.387 0.0386346586646662 0.04799999999999999
0 0.37696924231057766 0.39025 0.04426106526631657 0.05049999999999999
0 0.3411477869467367 0.4145 0.04013503375843963 0.045999999999999985
0 0.37715678919729934 0.43274999999999997 0.04163540885221306 0.04550000000000004
0 0.4120405101275319 0.42675 0.04238559639909978 0.05449999999999999
0 0.4471117779444861 0.43975 0.03225806451612906 0.05250000000000005
0 0.48105776444111026 0.436 0.03713428357089271 0.05500000000000005
0 0.4874343585896474 0.47725 0.03638409602400594 0.04149999999999998
0 0.33064516129032256 0.4545 0.04238559639909978 0.04299999999999998
0 0.36271567891972994 0.49325 0.04051012753188299 0.05149999999999999
0 0.3460240060015004 0.5177499999999999 0.038634658664666144 0.04149999999999998
0 0.37134283570892723 0.5485 0.03825956489122284 0.040000000000000036
0 0.37921980495123786 0.58075 0.03600900225056264 0.04049999999999998
0 0.3925356339084771 0.5165 0.03638409602400605 0.039000000000000035
0 0.41260315078769694 0.476 0.03975993998499627 0.043999999999999984
0 0.4465491372843211 0.483 0.038634658664666144 0.04499999999999993
0 0.42966991747936983 0.5165 0.03263315828957236 0.04799999999999999
0 0.45255063765941483 0.56225 0.03788447111777943 0.04049999999999998
0 0.41072768192048015 0.565 0.03600900225056264 0.04300000000000004
0 0.42366841710427605 0.58675 0.03113278319579893 0.04849999999999999
0 0.39422355588897223 0.626 0.030757689422355572 0.040999999999999925
0 0.363278319579895 0.64925 0.034883720930232565 0.043500000000000094
0 0.39422355588897223 0.6527499999999999 0.03150787696924229 0.035499999999999976
0 0.42498124531132786 0.63575 0.03225806451612906 0.03849999999999998
0 0.4315453863465867 0.67225 0.03263315828957242 0.04149999999999998
0 0.46324081020255065 0.6765 0.032258064516129004 0.03299999999999992
0 0.4553638409602401 0.64425 0.036759189797449354 0.03550000000000009
0 0.45273818454613657 0.6015 0.03450862715678921 0.04400000000000004
0 0.48537134283570893 0.5865 0.03450862715678915 0.04300000000000004
0 0.4838709677419355 0.6194999999999999 0.03600900225056264 0.039000000000000035
0 0.4863090772693173 0.6465 0.030382595648912214 0.03400000000000003
0 0.5165041260315079 0.63025 0.03150787696924229 0.03049999999999997
0 0.5221305326331583 0.6617500000000001 0.028507126781695424 0.045499999999999985
0 0.49774943735933985 0.6897500000000001 0.03150787696924234 0.033499999999999974
0 0.5206301575393848 0.7104999999999999 0.02775693923480871 0.03700000000000003
0 0.5238184546136535 0.5845 0.026631657914478635 0.039000000000000035
0 0.5030007501875469 0.556 0.032258064516129004 0.04700000000000004
0 0.4767441860465116 0.53 0.03375843960990249 0.04200000000000004
0 0.5090022505626407 0.5125 0.03450862715678921 0.041000000000000036
0 0.5506376594148537 0.69 0.03525881470367598 0.04399999999999993
0 0.5830832708177045 0.70675 0.028132033008252066 0.04049999999999998
0 0.5838334583645912 0.6705000000000001 0.03413353338334579 0.027000000000000024
0 0.5496999249812453 0.64325 0.03263315828957247 0.031500000000000083
0 0.54576144036009 0.6114999999999999 0.030007501875468856 0.039000000000000035
0 0.5390097524381096 0.54575 0.033758439609902435 0.05049999999999999
0 0.5506376594148537 0.5675 0.033758439609902546 0.03600000000000003
0 0.5823330832708178 0.563 0.03488372093023251 0.039999999999999925
0 0.582708177044261 0.594 0.035633908477119225 0.03200000000000003
0 0.5825206301575394 0.6387499999999999 0.030007501875468856 0.03949999999999998
0 0.6145911477869468 0.62125 0.031882970742685646 0.03849999999999998
0 0.626781695423856 0.65525 0.03525881470367587 0.03950000000000009
0 0.61496624156039 0.68225 0.03638409602400594 0.03249999999999997
0 0.6170292573143286 0.72725 0.03150787696924229 0.03749999999999998
0 0.6517254313578396 0.74075 0.03113278319579893 0.02949999999999997
0 0.6477869467366841 0.7032499999999999 0.03300825206301583 0.02650000000000008
0 0.6524756189047263 0.675 0.03263315828957236 0.03599999999999992
0 0.6612903225806451 0.6447499999999999 0.03150787696924229 0.035499999999999976
0 0.6474118529632409 0.61525 0.033758439609902546 0.034499999999999975
0 0.6164666166541635 0.57925 0.03338334583645908 0.03149999999999997
0 0.6470367591897974 0.583 0.030007501875468856 0.041000000000000036
0 0.6800450112528131 0.5954999999999999 0.032258064516129115 0.04500000000000004
0 0.6922355588897224 0.627 0.03263315828957247 0.04200000000000004
0 0.6877344336084021 0.66275 0.030382595648912214 0.03949999999999998
0 0.6867966991747937 0.702 0.03450862715678915 0.03399999999999992
0 0.6929857464366092 0.73225 0.030382595648912325 0.03849999999999998
0 0.7209302325581395 0.71375 0.033758439609902546 0.03649999999999998
0 0.7179294823705926 0.6815 0.03150787696924229 0.038999999999999924
0 0.745873968492123 0.68625 0.03113278319579893 0.034499999999999975
0 0.7216804201050262 0.6427499999999999 0.033758439609902546 0.02850000000000008
0 0.7164291072768192 0.59875 0.03450862715678915 0.034499999999999975
0 0.745311327831958 0.6194999999999999 0.03300825206301572 0.041000000000000036
0 0.754688672168042 0.65375 0.03150787696924229 0.03650000000000009
0 0.7421230307576894 0.5822499999999999 0.03263315828957236 0.03949999999999998
0 0.7091147786946737 0.5655 0.03488372093023262 0.03200000000000003
0 0.7374343585896475 0.541 0.032258064516129115 0.04200000000000004
0 0.6768567141785446 0.5489999999999999 0.028132033008252066 0.041000000000000036
0 0.6462865716429107 0.5505 0.037509377344336126 0.04200000000000004
0 0.5215678919729932 0.33375 0.04088522130532635 0.055499999999999994
0 0.5178169542385597 0.37775000000000003 0.039384846211552915 0.049500000000000044
0 0.5510127531882971 0.36975 0.03825956489122284 0.049500000000000044
0 0.5185671417854464 0.4275 0.0386346586646662 0.05199999999999999
0 0.5260690172543135 0.47 0.039384846211552915 0.03999999999999998
0 0.5536384096024006 0.48375 0.03450862715678915 0.03749999999999992
0 0.5525131282820706 0.4185 0.036009002250562694 0.04799999999999999
0 0.568642160540135 0.45825 0.04201050262565642 0.04349999999999998
0 0.5926481620405102 0.42125 0.03975993998499627 0.05249999999999999
0 0.6181545386346587 0.44999999999999996 0.037509377344336126 0.04199999999999998
0 0.5935858964741185 0.489 0.03488372093023262 0.045999999999999985
0 0.577456864216054 0.524 0.03338334583645919 0.04200000000000004
0 0.6228432108027007 0.5115000000000001 0.030382595648912214 0.04300000000000004
0 0.5954613653413353 0.37 0.04088522130532635 0.052000000000000046
0 0.629782445611403 0.399 0.04276069017254314 0.04999999999999999
0 0.6633533383345837 0.383 0.035633908477119336 0.04600000000000004
0 0.6519129782445612 0.43274999999999997 0.03450862715678926 0.04350000000000004
0 0.6804201050262566 0.44825 0.033758439609902546 0.045499999999999985
0 0.7211177794448612 0.42900000000000005 0.04088522130532635 0.05499999999999999
0 0.6963615903975994 0.48325 0.03638409602400605 0.04149999999999998
0 0.6382220555138785 0.47375 0.03638409602400605 0.044499999999999984
0 0.6648537134283571 0.50275 0.03263315828957247 0.04949999999999999
0 0.7081770442610653 0.5225 0.03450862715678926 0.04300000000000004
0 0.7361215303825956 0.50225 0.03113278319579904 0.034499999999999975
0 0.7449362340585146 0.48 0.0367591897974493 0.045999999999999985
0 0.771755438859715 0.47275 0.02738184546136535 0.044499999999999984
0 0.7702550637659416 0.52025 0.03788447111777937 0.046499999999999986
0 0.7755063765941486 0.5665 0.031882970742685646 0.04299999999999993
0 0.8107651912978244 0.53575 0.03638409602400605 0.04050000000000009
0 0.8105776444111028 0.56775 0.03525881470367587 0.035499999999999976
0 0.7777569392348087 0.59875 0.03263315828957247 0.04150000000000009
0 0.8073893473368342 0.602 0.03113278319579904 0.040000000000000036
0 0.7940735183795948 0.6355 0.03975993998499627 0.029999999999999916
0 0.7788822205551388 0.67525 0.035633908477119336 0.04049999999999998
