0 0.1706676669167292 0.7645 0.06376594148537135 0.06999999999999995
0 0.20273818454613654 0.8454999999999999 0.07164291072768192 0.07599999999999996
0 0.2213053263315829 0.739 0.06676669167291824 0.08600000000000008
0 0.27138034508627157 0.79325 0.06789197299324834 0.08150000000000002
0 0.3353338334583646 0.7829999999999999 0.06526631657914483 0.08399999999999996
0 0.16935483870967744 0.6897500000000001 0.05963990997749438 0.09550000000000003
0 0.15566391597899473 0.5807500000000001 0.07051762940735183 0.08350000000000002
0 0.1884846211552888 0.476 0.07464366091522881 0.07699999999999996
0 0.24306076519129782 0.563 0.06151537884471117 0.08700000000000008
0 0.24099774943735935 0.6605000000000001 0.07164291072768195 0.07599999999999996
0 0.28394598649662417 0.71825 0.06451612903225806 0.08750000000000002
0 0.3539009752438109 0.71425 0.068642160540135 0.09049999999999991
0 0.40303825956489125 0.7515000000000001 0.06789197299324828 0.08799999999999997
0 0.46324081020255065 0.77925 0.07126781695423856 0.09749999999999992
0 0.5313203300825207 0.75675 0.07464366091522884 0.08750000000000002
0 0.3053263315828957 0.6214999999999999 0.06751687921980493 0.08700000000000008
0 0.3794073518379595 0.60375 0.06864216054013506 0.07850000000000001
0 0.4330457614403601 0.6535 0.07689422355588899 0.07899999999999996
0 0.49381095273818454 0.64975 0.07389347336834207 0.09249999999999992
0 0.2888222055513878 0.47725 0.07201800450112528 0.09550000000000003
0 0.35108777194298574 0.5355 0.07126781695423856 0.08499999999999996
0 0.3565266316579145 0.45599999999999996 0.07164291072768192 0.08200000000000002
0 0.41916729182295576 0.515 0.07464366091522884 0.09299999999999997
0 0.45348837209302323 0.5705 0.07126781695423856 0.08600000000000008
0 0.2991372843210803 0.39425 0.07614403600900221 0.08850000000000002
0 0.2978244561140285 0.30874999999999997 0.07651912978244563 0.08649999999999997
0 0.3707801950487622 0.313 0.0753938484621155 0.08999999999999997
0 0.4139159789947487 0.37675000000000003 0.06939234808702177 0.09349999999999997
0 0.463615903975994 0.3155 0.07351837959489871 0.09599999999999997
0 0.472430607651913 0.21775 0.07614403600900227 0.0965
0 0.5292573143285821 0.27125 0.06976744186046507 0.10350000000000001
0 0.4639909977494373 0.43825000000000003 0.07801950487621906 0.08749999999999997
0 0.5354463615903976 0.45675 0.07164291072768192 0.08850000000000002
0 0.5249437359339835 0.55725 0.07764441110277565 0.09150000000000003
0 0.5714553638409603 0.64325 0.07089272318079509 0.10250000000000004
0 0.6087771942985747 0.751 0.08177044261065258 0.08200000000000007
0 0.6674793698424606 0.68225 0.07764441110277565 0.08550000000000002
0 0.735933983495874 0.69775 0.07426856714178542 0.10050000000000003
0 0.8199549887471869 0.6965 0.07951987996999244 0.09800000000000009
0 0.5776444111027756 0.5177499999999999 0.08027006751687915 0.08750000000000002
0 0.6344711177794449 0.57975 0.08064516129032251 0.08850000000000002
0 0.7139909977494374 0.6040000000000001 0.07614403600900232 0.09199999999999997
0 0.7773818454613654 0.6134999999999999 0.07464366091522878 0.10399999999999998
0 0.8422730682670667 0.61625 0.06339084771192793 0.09550000000000003
0 0.8690922730682671 0.53275 0.07651912978244568 0.08449999999999996
0 0.7959489872468117 0.51175 0.07276819204801199 0.09549999999999997
0 0.7261815453863466 0.5225 0.07651912978244568 0.09699999999999998
0 0.6607276819204801 0.49324999999999997 0.07464366091522878 0.09649999999999997
0 0.6123405851462865 0.42225 0.07464366091522878 0.10149999999999998
0 0.5622655663915979 0.361 0.07576894223555886 0.09199999999999997
0 0.5875843960990248 0.2245 0.0798949737434359 0.10400000000000004
0 0.6331582895723931 0.3 0.08252063015753941 0.09599999999999997
0 0.6952363090772693 0.35475 0.06864216054013506 0.10250000000000004
0 0.7394973743435859 0.42874999999999996 0.07689422355588893 0.10349999999999998
0 0.8012003000750187 0.40375 0.07351837959489871 0.09850000000000003
0 0.8750937734433608 0.39775 0.07276819204801199 0.10750000000000004
0 0.8756564141035259 0.312 0.07389347336834207 0.09899999999999998
0 0.7753188297074269 0.296 0.07426856714178542 0.10899999999999999
0 0.6511627906976745 0.17575000000000002 0.08177044261065258 0.0975
0 0.7012378094523631 0.263 0.07314328582145535 0.11000000000000001
0 0.7372468117029258 0.18075000000000002 0.08289572393098277 0.10350000000000001
0 0.8259564891222806 0.22125 0.07951987996999255 0.10250000000000001
