0 0.04707426856714178 0.314 0.06039009752438109 0.07499999999999996
0 0.05326331582895724 0.37749999999999995 0.052513128282070526 0.066
0 0.059827456864216054 0.43700000000000006 0.052138034508627154 0.062
0 0.09471117779444861 0.4725 0.046136534133533386 0.06599999999999995
0 0.07295573893473369 0.50725 0.04538634658664667 0.061500000000000055
0 0.1207801950487622 0.53525 0.043510877719429866 0.058499999999999996
0 0.14834958739684923 0.51475 0.0468867216804201 0.057499999999999996
0 0.17704426106526633 0.498 0.05176294073518381 0.05800000000000005
0 0.18904726181545387 0.5545 0.05176294073518378 0.06400000000000006
0 0.1376594148537134 0.45275 0.046511627906976744 0.0655
0 0.11009002250562641 0.4125 0.05138784696174044 0.06
0 0.1063390847711928 0.35175 0.053638409602400586 0.0685
0 0.10371342835708927 0.25225 0.05813953488372092 0.07049999999999998
0 0.16016504126031508 0.27825 0.0547636909227307 0.0695
0 0.16429107276819205 0.355 0.049512378094523635 0.07200000000000001
0 0.18567141785446362 0.4165 0.0525131282820705 0.062
0 0.22486871717929482 0.46325 0.052888222055513856 0.057499999999999996
0 0.23743435858964743 0.5177499999999999 0.04876219054763692 0.0595
0 0.26894223555888974 0.546 0.049512378094523635 0.06399999999999995
0 0.2344336084021005 0.5795 0.051012753188297066 0.06099999999999994
0 0.16072768192048012 0.5815 0.04913728432108028 0.06000000000000005
0 0.13653413353338334 0.623 0.04501125281320331 0.062000000000000055
0 0.18360840210052515 0.6612499999999999 0.04763690922730682 0.05349999999999999
0 0.2003000750187547 0.61 0.0525131282820705 0.05499999999999994
0 0.24381095273818454 0.638 0.046511627906976716 0.05600000000000005
0 0.2820705176294074 0.6172500000000001 0.05026256564141035 0.0635
0 0.3177044261065266 0.5720000000000001 0.044261065266316624 0.05500000000000005
0 0.3595273818454614 0.5765 0.04913728432108028 0.06299999999999994
0 0.3360840210052513 0.6245 0.041260315078769705 0.05799999999999994
0 0.38747186796699173 0.6392500000000001 0.04351087771942985 0.0635
0 0.4052888222055514 0.5860000000000001 0.047636909227306845 0.061999999999999944
0 0.30963990997749435 0.5057499999999999 0.04913728432108028 0.0595
0 0.2753188297074268 0.45575 0.05176294073518378 0.0665
0 0.2374343585896474 0.40249999999999997 0.05551387846961739 0.069
0 0.21530382595648911 0.31875 0.052513128282070526 0.07050000000000001
0 0.2087396849212303 0.245 0.05213803450862717 0.07200000000000004
0 0.2524381095273818 0.273 0.05326331582895724 0.07600000000000001
0 0.26762940735183793 0.33899999999999997 0.051387846961740424 0.067
0 0.3042010502625656 0.29975 0.049512378094523635 0.08050000000000002
0 0.3169542385596399 0.23025 0.05626406601650413 0.07750000000000001
0 0.37378094523630906 0.23975000000000002 0.05888972243060764 0.07450000000000001
0 0.3599024756189047 0.30974999999999997 0.055888972243060775 0.07649999999999996
0 0.3006376594148537 0.394 0.048387096774193505 0.07400000000000001
0 0.33402100525131284 0.4525 0.04913728432108028 0.066
0 0.35015003750937734 0.37424999999999997 0.04988747186796699 0.05850000000000005
0 0.39197299324831203 0.41000000000000003 0.05176294073518378 0.069
0 0.40435108777194295 0.3405 0.05176294073518378 0.07
0 0.42348087021755443 0.27175 0.0525131282820705 0.07350000000000001
0 0.3812828207051763 0.4655 0.052888222055513856 0.063
0 0.363278319579895 0.5075000000000001 0.04088522130532635 0.05900000000000005
0 0.40885221305326336 0.52 0.051012753188297066 0.06800000000000006
0 0.42854463615903976 0.4625 0.046886721680420074 0.066
0 0.4394223555888972 0.622 0.04613653413353341 0.050999999999999934
0 0.4510502625656414 0.55125 0.04763690922730679 0.056499999999999995
0 0.486496624156039 0.58175 0.04276069017254319 0.05349999999999999
0 0.5120030007501876 0.563 0.050262565641410406 0.05500000000000005
0 0.528694673668417 0.5952500000000001 0.04613653413353347 0.055499999999999994
0 0.5386346586646662 0.67025 0.050262565641410295 0.057499999999999996
0 0.5924606151537885 0.628 0.05063765941485365 0.05800000000000005
0 0.5573893473368342 0.5585 0.048762190547636974 0.05400000000000005
0 0.5523255813953488 0.5015 0.044636159039759926 0.057999999999999996
0 0.5069392348087022 0.49424999999999997 0.04763690922730679 0.06049999999999994
0 0.4578019504876219 0.49875 0.048387096774193505 0.05850000000000005
0 0.47711927981995494 0.44925 0.049512378094523635 0.0635
0 0.4465491372843211 0.39225 0.04838709677419356 0.0665
0 0.4634283570892723 0.34075 0.05813953488372092 0.07550000000000001
0 0.5013128282070518 0.394 0.05213803450862714 0.069
0 0.5260690172543135 0.4415 0.046886721680420074 0.06
0 0.5720180045011253 0.4395 0.04951237809452369 0.06699999999999995
0 0.6007126781695424 0.492 0.05438859714928734 0.05699999999999994
0 0.6123405851462866 0.5407500000000001 0.050637659414853764 0.057499999999999996
0 0.6395348837209303 0.5865 0.05176294073518384 0.06000000000000005
0 0.6905476369092274 0.58625 0.04876219054763686 0.0645
0 0.6612903225806452 0.53075 0.04726181545386343 0.057499999999999996
0 0.6551012753188297 0.48675 0.048387096774193616 0.06549999999999995
0 0.6250937734433608 0.44275 0.04988747186796705 0.057499999999999996
0 0.6716054013503376 0.41875 0.052138034508627196 0.0635
0 0.5466991747936985 0.388 0.04763690922730679 0.068
0 0.5922730682670667 0.381 0.04726181545386343 0.065
0 0.5236309077269317 0.3315 0.05176294073518373 0.069
0 0.4896849212303076 0.27275 0.05588897224306072 0.0695
0 0.5418229557389347 0.27025 0.055888972243060775 0.07349999999999998
0 0.5725806451612903 0.32425 0.05288822205551391 0.07250000000000001
0 0.626219054763691 0.33475 0.05513878469617406 0.0675
0 0.6007126781695424 0.26 0.05363840960240063 0.07099999999999998
0 0.5735183795948987 0.20450000000000002 0.06001500375093771 0.07699999999999999
0 0.4097899474868717 0.175 0.05888972243060764 0.07699999999999999
0 0.4619279819954989 0.208 0.05363840960240057 0.07200000000000001
0 0.5208177044261065 0.173 0.051387846961740424 0.08199999999999999
0 0.5688297074268567 0.12425 0.05813953488372092 0.08650000000000001
0 0.6245311327831958 0.108 0.06001500375093771 0.086
0 0.6487246811702925 0.22 0.059639909977494354 0.08100000000000002
0 0.6807951987996999 0.274 0.06226556639159797 0.069
0 0.7104276069017255 0.16549999999999998 0.057764441110277565 0.08499999999999999
0 0.7563765941485372 0.215 0.052138034508627196 0.07800000000000001
0 0.7815078769692423 0.279 0.04538634658664664 0.07500000000000001
0 0.739497374343586 0.30025 0.05813953488372092 0.07650000000000001
0 0.6999249812453113 0.35175 0.0547636909227307 0.0675
0 0.7424981245311328 0.39175 0.04913728432108033 0.0655
0 0.7788822205551388 0.34725 0.04763690922730679 0.0655
0 0.8285821455363841 0.385 0.05551387846961742 0.065
0 0.8765941485371342 0.41400000000000003 0.05251312828207044 0.07400000000000001
0 0.8833458364591148 0.33825 0.05551387846961742 0.07150000000000001
0 0.8857839459864967 0.25075 0.05438859714928734 0.08049999999999999
0 0.8366466616654163 0.45899999999999996 0.05063765941485365 0.065
0 0.8700300075018754 0.48350000000000004 0.04988747186796705 0.05499999999999999
0 0.8334583645911477 0.52 0.04951237809452358 0.06800000000000006
0 0.868529632408102 0.55525 0.050637659414853764 0.0625
0 0.8210802700675168 0.587 0.04726181545386343 0.05999999999999994
0 0.7685671417854464 0.6147499999999999 0.04951237809452369 0.05149999999999999
0 0.7338709677419355 0.573 0.04538634658664664 0.05700000000000005
0 0.7711927981995499 0.5529999999999999 0.050262565641410406 0.05799999999999994
0 0.7175543885971493 0.5265 0.04951237809452369 0.05399999999999999
0 0.6997374343585896 0.46824999999999994 0.052138034508627196 0.06449999999999995
0 0.781695423855964 0.46125 0.05326331582895727 0.0615
