0 0.09077269317329331 0.268 0.03375843960990248 0.06
0 0.057764441110277565 0.33199999999999996 0.03825956489122281 0.057999999999999996
0 0.0622655663915979 0.38649999999999995 0.03600900225056264 0.05299999999999999
0 0.08008252063015753 0.405 0.034133533383345835 0.063
0 0.052138034508627154 0.43525 0.03750937734433609 0.050500000000000045
0 0.07070517629407352 0.4625 0.03788447111777944 0.055999999999999994
0 0.0508252063015754 0.508 0.036384096024006 0.05499999999999999
0 0.14628657164291073 0.24175000000000002 0.04426106526631657 0.06550000000000003
0 0.12040510127531882 0.312 0.04051012753188296 0.05900000000000005
0 0.1504126031507877 0.36425 0.036759189797449354 0.0615
0 0.12434358589647412 0.41800000000000004 0.04238559639909978 0.06
0 0.12940735183795948 0.4515 0.03525881470367591 0.04299999999999998
0 0.11871717929482371 0.5037499999999999 0.031132783195798958 0.05349999999999999
0 0.10090022505626406 0.5422499999999999 0.029257314328582154 0.04749999999999999
0 0.12021755438859714 0.5595 0.03413353338334582 0.050000000000000044
0 0.12228057014253563 0.6345000000000001 0.036759189797449354 0.061000000000000054
0 0.2031132783195799 0.211 0.043135783945986494 0.065
0 0.18567141785446362 0.29725 0.03450862715678921 0.0625
0 0.20123780945236308 0.3415 0.037884471117779456 0.055999999999999994
0 0.19711177794448612 0.402 0.03788447111777943 0.061
0 0.15978994748687173 0.4515 0.036759189797449354 0.064
0 0.15566391597899476 0.49349999999999994 0.04051012753188296 0.043999999999999984
0 0.17498124531132783 0.51475 0.038634658664666144 0.057499999999999996
0 0.1599774943735934 0.5435 0.036384096024005996 0.050000000000000044
0 0.1888597149287322 0.5895 0.03338334583645913 0.05400000000000005
0 0.2128657164291073 0.63875 0.03713428357089274 0.05449999999999999
0 0.25 0.65025 0.044636159039759926 0.0635
0 0.29538634658664664 0.69125 0.038634658664666144 0.056499999999999995
0 0.31451612903225806 0.73875 0.04163540885221306 0.0675
0 0.3539009752438109 0.6877500000000001 0.04838709677419356 0.0595
0 0.3259564891222806 0.6355 0.040510127531882933 0.06599999999999995
0 0.27925731432858214 0.6072500000000001 0.044636159039759926 0.055499999999999994
0 0.25225056264066015 0.5787500000000001 0.04313578394598647 0.04349999999999998
0 0.2019879969992498 0.54675 0.03863465866466617 0.0625
0 0.29744936234058517 0.5745 0.04276069017254314 0.040999999999999925
0 0.2920105026256564 0.5385 0.044636159039759926 0.07600000000000007
0 0.25525131282820707 0.53825 0.04013503375843963 0.0605
0 0.23893473368342083 0.49724999999999997 0.04126031507876968 0.051500000000000046
0 0.19767441860465115 0.45675 0.03525881470367592 0.07450000000000001
0 0.22955738934733683 0.45425 0.03900975243810953 0.0645
0 0.22749437359339836 0.37975 0.034883720930232565 0.0665
0 0.2903225806451613 0.4825 0.04276069017254314 0.05599999999999994
0 0.2996999249812453 0.43075 0.04201050262565642 0.0635
0 0.2751312828207052 0.39249999999999996 0.040135033758439576 0.066
0 0.26500375093773443 0.32425 0.04088522130532635 0.0635
0 0.22674418604651164 0.277 0.03263315828957239 0.059
0 0.2537509377344336 0.27625 0.0401350337584396 0.0655
0 0.27738184546136535 0.23375 0.04163540885221306 0.058500000000000024
0 0.26387846961740435 0.12225 0.03638409602400597 0.07150000000000001
0 0.2972618154538635 0.17375 0.04388597149287321 0.0655
0 0.3394598649662416 0.1265 0.04276069017254314 0.06
0 0.34696174043510875 0.177 0.04126031507876965 0.07
0 0.3208927231807952 0.2485 0.046886721680420074 0.05700000000000002
0 0.30607651912978245 0.30525 0.045011252813203284 0.0685
0 0.3248312078019505 0.36550000000000005 0.042010502625656365 0.066
0 0.40153788447111777 0.129 0.046886721680420074 0.065
0 0.38690922730682675 0.18575 0.04913728432108028 0.07150000000000001
0 0.3784696174043511 0.24325000000000002 0.045011252813203284 0.06850000000000003
0 0.35502625656414105 0.3305 0.04088522130532635 0.069
0 0.3927231807951988 0.3035 0.04576144036009 0.064
0 0.42179294823705926 0.2575 0.04013503375843963 0.07799999999999999
0 0.43642160540135033 0.156 0.046886721680420074 0.07300000000000001
0 0.4838709677419355 0.16825 0.048762190547636974 0.0675
0 0.47186796699174793 0.2295 0.05101275318829712 0.064
0 0.38484621155288823 0.388 0.04276069017254314 0.063
0 0.3563390847711928 0.436 0.036759189797449354 0.06599999999999995
0 0.3715303825956489 0.49275 0.044636159039759926 0.0605
0 0.40097524381095273 0.436 0.045011252813203284 0.06599999999999995
0 0.3749062265566392 0.5607500000000001 0.04463615903975998 0.0615
0 0.3582145536384096 0.6014999999999999 0.04201050262565642 0.051999999999999935
0 0.40003750937734434 0.6285000000000001 0.04163540885221306 0.05700000000000005
0 0.422543135783946 0.67625 0.04388597149287321 0.0595
0 0.38822205551387845 0.7185 0.03750937734433607 0.05800000000000005
0 0.4146661665416354 0.759 0.043135783945986494 0.06099999999999994
0 0.46155288822205554 0.7825 0.04463615903975998 0.05800000000000005
0 0.5480120030007503 0.7995 0.046511627906976716 0.062000000000000055
0 0.5941485371342836 0.77075 0.05101275318829701 0.0635
0 0.6140285071267817 0.7295 0.04651162790697683 0.06399999999999995
0 0.6397224306076519 0.6970000000000001 0.05363840960240063 0.06900000000000006
0 0.5076894223555889 0.759 0.044636159039759926 0.06099999999999994
0 0.5577644411102776 0.7317499999999999 0.04951237809452369 0.0635
0 0.45911477869467365 0.70875 0.04351087771942985 0.05349999999999999
0 0.5033758439609902 0.6897500000000001 0.04651162790697677 0.057499999999999996
0 0.4578019504876219 0.6565000000000001 0.044636159039759926 0.05700000000000005
0 0.5 0.6425000000000001 0.045761440360090055 0.06799999999999995
0 0.555701425356339 0.659 0.0476369092273069 0.06399999999999995
0 0.5954613653413353 0.67025 0.04763690922730679 0.07050000000000001
0 0.6303450862715678 0.6187499999999999 0.052138034508627196 0.07350000000000001
0 0.5815828957239311 0.60775 0.052138034508627196 0.0685
0 0.5341335333833459 0.5920000000000001 0.04051012753188299 0.06799999999999995
0 0.47918229557389347 0.5640000000000001 0.04913728432108022 0.07199999999999995
0 0.4232933233308327 0.58575 0.04838709677419356 0.0605
0 0.6235933983495874 0.5455 0.055888972243060775 0.06499999999999995
0 0.5697674418604651 0.53875 0.04651162790697683 0.0625
0 0.5228807201800449 0.53025 0.046511627906976716 0.061500000000000055
0 0.40772693173293323 0.5265 0.04426106526631657 0.06300000000000006
0 0.4523630907726932 0.5017499999999999 0.04726181545386349 0.0655
0 0.49737434358589644 0.47775 0.045011252813203284 0.0605
0 0.5481995498874719 0.48675 0.04988747186796694 0.0665
0 0.46249062265566393 0.44075 0.04426106526631657 0.0655
0 0.6057764441110278 0.4825 0.04951237809452358 0.06799999999999995
0 0.6468492123030758 0.46624999999999994 0.05738934733683421 0.06849999999999995
0 0.5020630157539385 0.42100000000000004 0.0453863465866467 0.068
0 0.5538259564891223 0.39049999999999996 0.046886721680420074 0.07700000000000001
0 0.6016504126031508 0.4185 0.05551387846961742 0.068
0 0.4234808702175544 0.37125 0.04351087771942985 0.0595
0 0.4671792948237059 0.3735 0.04688672168042013 0.06799999999999995
0 0.5058139534883721 0.34850000000000003 0.04613653413353336 0.067
0 0.4741185296324081 0.31575 0.04501125281320334 0.0645
0 0.5204426106526632 0.27449999999999997 0.04838709677419356 0.069
0 0.5290697674418605 0.2115 0.04913728432108033 0.063
0 0.5742685671417854 0.25475 0.0547636909227307 0.06449999999999997
0 0.5583270817704427 0.31525000000000003 0.05363840960240063 0.06849999999999995
0 0.6277194298574644 0.274 0.05738934733683421 0.07700000000000001
0 0.6093398349587398 0.33375 0.05738934733683421 0.07450000000000001
0 0.6618529632408101 0.373 0.059639909977494354 0.06999999999999995
0 0.6869842460615154 0.32399999999999995 0.05813953488372092 0.07100000000000001
