0 0.14684921230307577 0.38725 0.06039009752438111 0.0675
0 0.15060015003750937 0.33799999999999997 0.03788447111777943 0.044999999999999984
0 0.17948237059264815 0.259 0.030382595648912242 0.044999999999999984
0 0.18323330832708176 0.31025 0.051387846961740424 0.06749999999999995
0 0.21417854463615904 0.26325 0.0525131282820705 0.08049999999999999
0 0.25525131282820707 0.2295 0.058889722430607666 0.08900000000000002
0 0.3304576144036009 0.25975 0.054013503375843985 0.08349999999999999
0 0.2946361590397599 0.32225 0.05738934733683421 0.07650000000000001
0 0.23987246811702928 0.34750000000000003 0.05963990997749438 0.08600000000000002
0 0.2154913728432108 0.40425 0.05138784696174045 0.07550000000000001
0 0.1888597149287322 0.45575 0.05513878469617406 0.0665
0 0.28769692423105775 0.39149999999999996 0.060765191297824483 0.07
0 0.23987246811702928 0.48224999999999996 0.05663915978994752 0.07649999999999996
0 0.1761065266316579 0.52225 0.05738934733683421 0.07550000000000007
0 0.2524381095273819 0.5435 0.04726181545386349 0.07200000000000006
0 0.20086271567891972 0.609 0.052888222055513884 0.06899999999999995
0 0.25431357839459867 0.6405000000000001 0.049512378094523635 0.06399999999999995
0 0.2938859714928732 0.6955 0.055888972243060775 0.07000000000000006
0 0.32576894223555886 0.741 0.052888222055513856 0.06000000000000005
0 0.32558139534883723 0.804 0.02925731432858214 0.06599999999999995
0 0.35521380345086273 0.7989999999999999 0.0525131282820705 0.06500000000000006
0 0.3621530382595649 0.867 0.03713428357089271 0.06099999999999994
0 0.3850337584396099 0.8465 0.05288822205551391 0.07299999999999995
0 0.382033008252063 0.73275 0.04463615903975998 0.0645
0 0.3880345086271568 0.6725 0.05063765941485371 0.06699999999999995
0 0.31095273818454616 0.581 0.054763690922730646 0.06700000000000006
0 0.3664666166541636 0.59175 0.053263315828957214 0.0674999999999999
0 0.29857464366091524 0.49024999999999996 0.051012753188297066 0.06849999999999995
0 0.34433608402100524 0.529 0.05176294073518378 0.07100000000000001
0 0.3433983495873969 0.438 0.04988747186796699 0.06699999999999995
0 0.39084771192798196 0.501 0.0480120030007502 0.066
0 0.35990247561890476 0.38125 0.051387846961740424 0.07250000000000001
0 0.36759189797449365 0.31174999999999997 0.051012753188297066 0.07349999999999995
0 0.43773443360840214 0.893 0.05176294073518378 0.06800000000000006
0 0.5131282820705176 0.92075 0.04951237809452369 0.0615
0 0.5005626406601651 0.872 0.047636909227306845 0.06899999999999995
0 0.4463615903975994 0.835 0.04726181545386349 0.06399999999999995
0 0.4174793698424606 0.78625 0.0480120030007502 0.0734999999999999
0 0.45067516879219804 0.7404999999999999 0.05288822205551391 0.06500000000000006
0 0.4836834208552138 0.7847500000000001 0.05363840960240063 0.0724999999999999
0 0.5330082520630157 0.817 0.04951237809452358 0.06999999999999995
0 0.5536384096024005 0.863 0.046511627906976716 0.05600000000000005
0 0.440735183795949 0.687 0.049512378094523635 0.06300000000000006
0 0.49006001500375096 0.7065 0.05213803450862714 0.06899999999999995
0 0.5320705176294074 0.7422500000000001 0.04913728432108022 0.0675
0 0.4311702925731433 0.61775 0.04913728432108028 0.0675
0 0.4808702175543886 0.64375 0.04801200300075015 0.07050000000000001
0 0.5397599399849963 0.66925 0.04951237809452369 0.0665
0 0.5238184546136534 0.61 0.04763690922730679 0.06299999999999994
0 0.4761815453863466 0.5760000000000001 0.04688672168042013 0.06300000000000006
0 0.4195423855963991 0.55125 0.05738934733683421 0.07050000000000001
0 0.4743060765191298 0.513 0.047636909227306845 0.06400000000000006
0 0.5180045011252813 0.54525 0.05026256564141035 0.0605
0 0.3983495873968492 0.42900000000000005 0.053263315828957214 0.067
0 0.4426106526631658 0.45275 0.05326331582895727 0.0685
0 0.5151912978244562 0.47975 0.0453863465866467 0.0605
0 0.4182295573893473 0.36075 0.05176294073518378 0.0665
0 0.459489872468117 0.38849999999999996 0.045011252813203284 0.065
0 0.5045011252813203 0.42475 0.04876219054763692 0.0695
0 0.42629407351837956 0.29225 0.04988747186796699 0.0605
0 0.48293323330832705 0.32225 0.048387096774193505 0.0655
0 0.5266316579144785 0.33999999999999997 0.046511627906976716 0.069
0 0.39309827456864216 0.18125 0.05326331582895727 0.08050000000000002
0 0.44973743435858965 0.14925 0.05551387846961742 0.0755
0 0.43792198049512376 0.2295 0.047636909227306845 0.067
0 0.47843210802700675 0.2605 0.05063765941485371 0.06399999999999997
0 0.504688672168042 0.1915 0.05063765941485371 0.07200000000000001
0 0.5189422355588897 0.1215 0.05438859714928729 0.066
0 0.5738934733683421 0.11499999999999999 0.05176294073518384 0.06999999999999999
0 0.5521380345086271 0.19974999999999998 0.04801200300075015 0.07149999999999998
0 0.5335708927231808 0.2655 0.05138784696174037 0.07299999999999998
0 0.5797074268567142 0.25225 0.04613653413353336 0.06949999999999998
0 0.6309077269317329 0.20625 0.04951237809452369 0.0655
0 0.660165041260315 0.25375 0.041260315078769705 0.07149999999999998
0 0.6282820705176294 0.27225 0.045011252813203395 0.0655
0 0.5669542385596399 0.31425 0.04163540885221306 0.0635
0 0.617966991747937 0.3405 0.04988747186796694 0.07
0 0.6641035258814704 0.3175 0.04388597149287321 0.066
0 0.5708927231807952 0.38425 0.05101275318829712 0.0675
0 0.5572018004501125 0.4415 0.05138784696174048 0.066
0 0.6123405851462865 0.4095 0.04238559639909978 0.062
0 0.6517254313578394 0.39875 0.037884471117779484 0.0645
0 0.6864216054013503 0.45399999999999996 0.04576144036009011 0.065
0 0.6040885221305325 0.46875 0.05288822205551391 0.0645
0 0.5652663165791447 0.506 0.05251312828207044 0.062000000000000055
0 0.6399099774943735 0.507 0.04801200300075015 0.063
0 0.6100900225056264 0.5329999999999999 0.04163540885221306 0.061000000000000054
0 0.5618904726181546 0.56975 0.04951237809452358 0.0645
0 0.6151537884471119 0.5954999999999999 0.04426106526631657 0.06799999999999995
0 0.6519129782445612 0.5735 0.037509377344336126 0.06499999999999995
0 0.6980495123780945 0.5467500000000001 0.04426106526631657 0.0635
0 0.5806451612903225 0.635 0.045011252813203284 0.06299999999999994
0 0.644973743435859 0.62975 0.04163540885221306 0.07050000000000001
0 0.6822955738934733 0.61425 0.04201050262565642 0.0695
0 0.7273068267066767 0.59875 0.04201050262565642 0.0605
0 0.7145536384096025 0.6467499999999999 0.04276069017254314 0.0595
0 0.6702925731432858 0.658 0.04051012753188288 0.05600000000000005
0 0.6084021005251312 0.6697500000000001 0.04576144036009 0.0675
0 0.5812078019504876 0.71625 0.055888972243060775 0.0645
0 0.6155288822205551 0.7464999999999999 0.04051012753188299 0.06399999999999995
0 0.6618529632408102 0.728 0.044636159039759926 0.062000000000000055
0 0.6370967741935484 0.7942499999999999 0.04763690922730679 0.0655
0 0.5707051762940735 0.77275 0.043135783945986494 0.0635
0 0.5963990997749438 0.82925 0.04726181545386343 0.055499999999999994
0 0.5924606151537885 0.88525 0.04388597149287321 0.0605
0 0.695986496624156 0.27749999999999997 0.04013503375843963 0.064
0 0.7511252813203301 0.281 0.04238559639909978 0.065
0 0.7953863465866466 0.34675 0.04388597149287321 0.0625
0 0.7325581395348837 0.354 0.04351087771942985 0.059
0 0.7708177044261065 0.40525 0.04651162790697683 0.0655
0 0.7162415603900976 0.41775 0.04388597149287321 0.058499999999999996
0 0.7421230307576894 0.49275 0.04238559639909978 0.056499999999999995
0 0.7751312828207052 0.47225 0.04088522130532635 0.0635
0 0.7494373593398349 0.53525 0.036009002250562694 0.0515000000000001
0 0.7730682670667668 0.571 0.03975993998499627 0.05799999999999994
