0 0.4804951237809453 0.1185 0.0390097524381095 0.04799999999999999
0 0.5189422355588897 0.11599999999999999 0.039384846211552915 0.056999999999999995
0 0.564516129032258 0.11474999999999999 0.04351087771942985 0.055499999999999994
0 0.5890847711927982 0.1495 0.04088522130532635 0.05499999999999999
0 0.5570142535633908 0.051000000000000004 0.04276069017254314 0.054
0 0.6059639909977494 0.09625 0.046886721680420074 0.058499999999999996
0 0.6286571642910728 0.1345 0.03975993998499616 0.05900000000000001
0 0.6607276819204801 0.14325 0.04388597149287321 0.06749999999999999
0 0.5337584396099024 0.17325000000000002 0.036009002250562694 0.05150000000000002
0 0.5547636909227307 0.19725 0.04426106526631657 0.0615
0 0.5041260315078769 0.17125 0.03300825206301572 0.058500000000000024
0 0.4606151537884471 0.18425 0.036759189797449354 0.04849999999999999
0 0.4529257314328582 0.2205 0.03338334583645913 0.059
0 0.49456114028507125 0.24675000000000002 0.038634658664666144 0.05350000000000002
0 0.5356339084771193 0.24825000000000003 0.03825956489122284 0.05350000000000002
0 0.5512003000750187 0.2935 0.04013503375843963 0.05399999999999999
0 0.5896474118529633 0.229 0.03825956489122284 0.059
0 0.599212303075769 0.28800000000000003 0.04463615903976004 0.05299999999999999
0 0.6425356339084771 0.20925 0.04276069017254314 0.057499999999999996
0 0.6770442610652663 0.2275 0.04801200300075015 0.056999999999999995
0 0.72768192048012 0.19325 0.04801200300075026 0.0645
0 0.7319954988747187 0.258 0.04763690922730679 0.06699999999999998
0 0.7856339084771193 0.2505 0.0476369092273069 0.06899999999999998
0 0.6376594148537134 0.26925 0.041260315078769705 0.05449999999999999
0 0.6125281320330083 0.3275 0.052513128282070554 0.057999999999999996
0 0.6087771942985747 0.38149999999999995 0.04276069017254314 0.05499999999999999
0 0.5138784696174044 0.2995 0.04276069017254308 0.057999999999999996
0 0.46586646661665415 0.27775 0.03975993998499627 0.04849999999999999
0 0.4579894973743436 0.33725 0.036759189797449354 0.0625
0 0.48912228057014256 0.34199999999999997 0.04051012753188299 0.05299999999999999
0 0.6931732933233308 0.3385 0.05251312828207044 0.07400000000000001
0 0.7246811702925732 0.38849999999999996 0.05176294073518384 0.068
0 0.7603150787696924 0.34825 0.05551387846961742 0.0615
0 0.8118904726181546 0.33499999999999996 0.05288822205551391 0.069
0 0.7860090022505626 0.40375 0.055888972243060775 0.0695
0 0.7738184546136534 0.47675 0.05551387846961742 0.06949999999999995
0 0.7933233308327082 0.51175 0.057764441110277565 0.08050000000000007
0 0.7462490622655664 0.53525 0.05363840960240063 0.07349999999999995
0 0.7134283570892723 0.483 0.05701425356339085 0.06499999999999995
0 0.6594148537134283 0.4635 0.05101275318829712 0.063
0 0.6342835708927232 0.43000000000000005 0.045011252813203284 0.061
0 0.6545386346586646 0.3745 0.03900975243810956 0.06899999999999995
0 0.5264441110277569 0.37675 0.043135783945986494 0.0615
0 0.5611402850712679 0.41100000000000003 0.03900975243810956 0.063
0 0.5945236309077269 0.4445 0.037509377344336126 0.059
0 0.6074643660915229 0.488 0.044636159039759926 0.06699999999999995
0 0.6369092273068266 0.52475 0.04801200300075015 0.0635
0 0.4833083270817704 0.38849999999999996 0.04163540885221301 0.066
0 0.5230682670667667 0.4325 0.04163540885221306 0.059
0 0.4399849962490623 0.39325 0.04126031507876965 0.056499999999999995
0 0.42310577644411107 0.43100000000000005 0.03525881470367592 0.05499999999999999
0 0.463615903975994 0.47750000000000004 0.032258064516129004 0.056999999999999995
0 0.43192048012003004 0.49724999999999997 0.04088522130532629 0.05449999999999999
0 0.468304576144036 0.534 0.038634658664666144 0.05999999999999994
0 0.49962490622655664 0.48750000000000004 0.0390097524381095 0.059
0 0.5138784696174044 0.5409999999999999 0.03975993998499622 0.05799999999999994
0 0.5542010502625656 0.5005000000000001 0.04613653413353336 0.065
0 0.5975243810952737 0.5505 0.04201050262565642 0.06099999999999994
0 0.5521380345086271 0.57375 0.04276069017254314 0.0595
0 0.42873218304576144 0.55875 0.04051012753188299 0.05449999999999999
0 0.47711927981995494 0.57575 0.036759189797449354 0.0595
0 0.42048012003000745 0.60975 0.03525881470367592 0.056499999999999995
0 0.45911477869467365 0.62325 0.03375843960990249 0.0625
0 0.48030757689422354 0.642 0.03338334583645913 0.06699999999999995
0 0.5163165791447862 0.6025 0.04313578394598655 0.061000000000000054
0 0.5341335333833459 0.657 0.041260315078769705 0.06300000000000006
0 0.45930232558139533 0.683 0.029632408102025498 0.05999999999999994
0 0.4253563390847712 0.66375 0.03600900225056264 0.0625
0 0.427231807951988 0.71925 0.03750937734433607 0.0615
0 0.43023255813953487 0.78 0.036759189797449354 0.06099999999999994
0 0.4180420105026257 0.81475 0.03413353338334585 0.0625
0 0.4647411852963241 0.80625 0.037509377344336126 0.0625
0 0.4795573893473368 0.742 0.037884471117779484 0.06000000000000005
0 0.5131282820705176 0.77525 0.04126031507876965 0.0655
0 0.514066016504126 0.70925 0.03788447111777943 0.0605
0 0.5436984246061516 0.7355 0.040885221305326236 0.05500000000000005
0 0.5808327081770442 0.74 0.04913728432108022 0.06400000000000006
0 0.5954613653413353 0.68125 0.04763690922730679 0.0685
0 0.5785821455363841 0.6307499999999999 0.043135783945986494 0.0615
0 0.623780945236309 0.605 0.046511627906976716 0.06499999999999995
0 0.6607276819204801 0.599 0.048387096774193505 0.06899999999999995
0 0.7064891222805701 0.58975 0.05438859714928723 0.0645
0 0.654351087771943 0.6579999999999999 0.04613653413353336 0.06500000000000006
0 0.6914853713428357 0.68875 0.05663915978994749 0.07750000000000001
0 0.6344711177794449 0.7364999999999999 0.04913728432108022 0.07399999999999995
0 0.6091522880720179 0.78825 0.05251312828207044 0.07250000000000001
0 0.5630157539384846 0.79725 0.046511627906976716 0.07950000000000002
0 0.5279444861215303 0.83175 0.04463615903976004 0.07250000000000001
0 0.43004501125281325 0.8694999999999999 0.03788447111777943 0.05999999999999994
0 0.47430607651912976 0.87875 0.043135783945986494 0.0685
0 0.5163165791447861 0.9235 0.03788447111777937 0.07400000000000007
0 0.5577644411102776 0.886 0.03600900225056258 0.07099999999999995
0 0.5926481620405102 0.9395 0.04801200300075015 0.06600000000000006
0 0.5980870217554388 0.872 0.044636159039759926 0.07699999999999996
0 0.6475993998499625 0.87 0.04763690922730679 0.07699999999999996
0 0.6511627906976745 0.94025 0.05176294073518373 0.0695
0 0.6986121530382596 0.8380000000000001 0.055888972243060775 0.08199999999999996
0 0.6879219804951238 0.7625 0.05326331582895727 0.07799999999999996
0 0.7484996249062266 0.8787499999999999 0.055888972243060775 0.07950000000000002
0 0.7593773443360841 0.8065 0.05138784696174048 0.07600000000000007
0 0.8252063015753939 0.7887500000000001 0.0547636909227307 0.0824999999999999
0 0.7916354088522131 0.7170000000000001 0.05888972243060764 0.07999999999999996
0 0.7353713428357089 0.7322500000000001 0.059639909977494465 0.07950000000000002
0 0.7376219054763691 0.6565000000000001 0.05513878469617406 0.07799999999999996
0 0.7674418604651163 0.6045 0.06301575393848458 0.07900000000000007
0 0.8426481620405102 0.60075 0.06339084771192793 0.07850000000000001
