0 0.07201800450112528 0.47324999999999995 0.07201800450112528 0.08049999999999996
0 0.08739684921230308 0.5245 0.057764441110277565 0.05500000000000005
0 0.11552888222055513 0.6045 0.06526631657914478 0.07100000000000006
0 0.11027756939234809 0.66075 0.062265566391597915 0.0655
0 0.15847711927981994 0.6735 0.0603900975243811 0.06899999999999995
0 0.17835708927231808 0.61225 0.05513878469617406 0.0605
0 0.222993248312078 0.5842499999999999 0.059639909977494354 0.07150000000000001
0 0.1588522130532633 0.54975 0.06864216054013503 0.07450000000000001
0 0.1656039009752438 0.46125 0.0641410352588147 0.07350000000000001
0 0.2145536384096024 0.51425 0.062265566391597915 0.08350000000000007
0 0.2316204051012753 0.44775 0.06789197299324831 0.07350000000000001
0 0.27831957989497375 0.46724999999999994 0.06151537884471117 0.06649999999999995
0 0.1723555888972243 0.377 0.07914478619654913 0.08799999999999997
0 0.18154538634658665 0.28875 0.06526631657914478 0.08350000000000002
0 0.18792198049512376 0.19924999999999998 0.07951987996999252 0.0925
0 0.24774943735933985 0.275 0.07164291072768195 0.087
0 0.2704426106526632 0.15 0.06751687921980498 0.083
0 0.30045011252813203 0.255 0.06451612903225806 0.10499999999999998
0 0.3460240060015004 0.33525 0.06489122280570142 0.07950000000000002
0 0.3668417104276069 0.27975 0.07276819204801199 0.0915
0 0.4071642910727682 0.32899999999999996 0.05888972243060764 0.065
0 0.43792198049512376 0.27075 0.06789197299324828 0.08049999999999999
0 0.3469617404351088 0.17125 0.07051762940735185 0.07949999999999999
0 0.4139159789947487 0.1845 0.05813953488372092 0.08200000000000002
0 0.47130532633158284 0.20325 0.06789197299324828 0.08049999999999999
0 0.5065641410352588 0.28200000000000003 0.06414103525881476 0.08200000000000002
0 0.5468867216804201 0.21150000000000002 0.06676669167291827 0.086
0 0.5958364591147787 0.2705 0.059639909977494354 0.088
0 0.6372843210802701 0.202 0.061515378844711255 0.086
0 0.6522880720180045 0.25925 0.05326331582895727 0.0865
0 0.7083645911477869 0.2635 0.05888972243060764 0.091
0 0.7070517629407351 0.357 0.061515378844711255 0.07700000000000001
0 0.7151162790697674 0.42175 0.06339084771192793 0.07450000000000001
0 0.7651912978244562 0.3125 0.05701425356339085 0.08199999999999996
0 0.7642535633908477 0.393 0.05513878469617395 0.08700000000000002
0 0.7531882970742685 0.44699999999999995 0.03825956489122284 0.059
0 0.613278319579895 0.35450000000000004 0.06451612903225801 0.08200000000000002
0 0.635596399099775 0.41875 0.055888972243060664 0.08050000000000002
0 0.5436984246061516 0.35625 0.06414103525881465 0.08750000000000002
0 0.5654538634658665 0.4255 0.06039009752438118 0.08200000000000002
0 0.468304576144036 0.34475 0.06489122280570142 0.08150000000000002
0 0.255251312828207 0.36225 0.0641410352588147 0.07850000000000001
0 0.31526631657914483 0.40575 0.06339084771192799 0.07850000000000001
0 0.3777194298574644 0.402 0.061515378844711144 0.07600000000000001
0 0.4351087771942985 0.4165 0.06376594148537135 0.07600000000000001
0 0.4739309827456864 0.47375 0.05888972243060764 0.07749999999999996
0 0.5262565641410353 0.50525 0.0660165041260315 0.07950000000000002
0 0.3360840210052513 0.47750000000000004 0.06526631657914483 0.07700000000000001
0 0.4116654163540885 0.492 0.060390097524381126 0.07499999999999996
0 0.4289197299324831 0.54675 0.05138784696174048 0.07050000000000001
0 0.4780570142535634 0.55475 0.05813953488372087 0.07250000000000001
0 0.532258064516129 0.56725 0.054013503375843985 0.07150000000000001
0 0.28113278319579893 0.5700000000000001 0.06789197299324831 0.06999999999999995
0 0.331020255063766 0.61175 0.05363840960240057 0.0615
0 0.359714928732183 0.55925 0.06301575393848463 0.07250000000000001
0 0.38372093023255816 0.6147499999999999 0.0660165041260315 0.0655
0 0.39534883720930236 0.64975 0.049512378094523635 0.055499999999999994
0 0.277006751687922 0.65875 0.058889722430607666 0.07350000000000001
0 0.22524381095273815 0.6672499999999999 0.05513878469617403 0.0615
0 0.28450862715678915 0.73375 0.06339084771192799 0.0685
0 0.3111402850712678 0.788 0.058889722430607694 0.06399999999999995
0 0.33795948987246816 0.685 0.0525131282820705 0.07500000000000007
0 0.3600900225056264 0.736 0.060765191297824483 0.062000000000000055
0 0.436609152288072 0.7255 0.052513128282070554 0.06999999999999995
0 0.4951237809452363 0.716 0.04876219054763686 0.06500000000000006
0 0.5151912978244562 0.76125 0.05813953488372092 0.056499999999999995
0 0.5658289572393098 0.75975 0.05063765941485365 0.0625
0 0.5643285821455364 0.7155 0.05513878469617395 0.06400000000000006
0 0.44954988747186797 0.66025 0.0641410352588147 0.0734999999999999
0 0.5103150787696924 0.645 0.05138784696174048 0.07000000000000006
0 0.558139534883721 0.6295 0.04426106526631657 0.06999999999999995
0 0.5870217554388597 0.5405 0.05551387846961742 0.06400000000000006
0 0.6052138034508627 0.6094999999999999 0.05363840960240063 0.05700000000000005
0 0.6215303825956489 0.68425 0.05326331582895716 0.0665
0 0.63503375843961 0.7505 0.04801200300075015 0.061999999999999944
0 0.6142160540135033 0.484 0.05888972243060764 0.064
0 0.6731057764441111 0.47675 0.05888972243060764 0.07050000000000001
0 0.6504126031507877 0.54725 0.06076519129782454 0.0695
0 0.6894223555888972 0.52875 0.04801200300075015 0.0615
0 0.7100525131282821 0.5925 0.05326331582895727 0.06400000000000006
0 0.6635408852213053 0.602 0.057764441110277565 0.06899999999999995
0 0.6727306826706676 0.6672499999999999 0.05438859714928734 0.0635
0 0.6781695423855965 0.7095 0.04876219054763686 0.06099999999999994
0 0.7295573893473368 0.669 0.052513128282070554 0.06500000000000006
0 0.7404351087771943 0.7112499999999999 0.054013503375843985 0.057499999999999996
0 0.7845086271567892 0.663 0.0476369092273069 0.07199999999999995
0 0.763503375843961 0.60575 0.053638409602400516 0.0665
0 0.7526256564141035 0.54 0.04988747186796694 0.06500000000000006
0 0.7224306076519129 0.48 0.04576144036009 0.06099999999999994
0 0.8267066766691673 0.499 0.05176294073518384 0.07299999999999995
0 0.7974493623405852 0.55825 0.0547636909227307 0.0605
0 0.8242685671417854 0.61075 0.05063765941485365 0.0625
0 0.8788447111777944 0.62625 0.05176294073518373 0.05349999999999999
0 0.8610277569392348 0.5615 0.05138784696174048 0.06000000000000005
0 0.8719054763690923 0.50425 0.046886721680420185 0.0625
0 0.9066016504126031 0.52275 0.045011252813203284 0.05850000000000005
0 0.8244561140285072 0.41075 0.04726181545386343 0.07050000000000001
0 0.8670292573143286 0.44199999999999995 0.05288822205551391 0.067
0 0.9191672918229558 0.45225 0.04388597149287321 0.0675
0 0.9386721680420105 0.38849999999999996 0.055888972243060775 0.07300000000000001
0 0.8777194298574643 0.36150000000000004 0.05626406601650413 0.08600000000000002
0 0.8405851462865717 0.30000000000000004 0.06301575393848458 0.08700000000000002
