0 0.1764816204051013 0.7625 0.06939234808702174 0.08599999999999997
0 0.22768192048012004 0.839 0.06601650412603147 0.09099999999999997
0 0.30326331582895727 0.8202499999999999 0.06939234808702172 0.08150000000000002
0 0.2605026256564141 0.74925 0.06864216054013503 0.09650000000000003
0 0.20911477869467365 0.67475 0.06489122280570145 0.09450000000000003
0 0.2329332333083271 0.58775 0.07501875468867217 0.10450000000000004
0 0.2912603150787697 0.653 0.07014253563390849 0.09599999999999997
0 0.34227306826706677 0.7250000000000001 0.0708927231807952 0.09199999999999997
0 0.3825956489122281 0.8095 0.07051762940735179 0.08699999999999997
0 0.30795198799699924 0.56775 0.07201800450112528 0.10550000000000004
0 0.36102775693923483 0.632 0.07464366091522884 0.09299999999999997
0 0.4139159789947487 0.7010000000000001 0.07239309827456863 0.09500000000000008
0 0.4553638409602401 0.78825 0.07201800450112528 0.08549999999999991
0 0.2603150787696924 0.4855 0.07576894223555891 0.09599999999999997
0 0.28844711177794446 0.39449999999999996 0.07951987996999249 0.10000000000000003
0 0.3218304576144036 0.3015 0.08027006751687926 0.124
0 0.3325206301575394 0.1975 0.07164291072768192 0.10500000000000001
0 0.39197299324831203 0.1715 0.0802700675168792 0.12400000000000001
0 0.41785446361590395 0.28375 0.08102025506376592 0.11450000000000002
0 0.4503000750187547 0.3855 0.07764441110277565 0.10399999999999998
0 0.37809452363090773 0.41974999999999996 0.08102025506376598 0.10449999999999998
0 0.38634658664666166 0.5307499999999999 0.08027006751687926 0.10049999999999998
0 0.44298574643660915 0.5974999999999999 0.07426856714178542 0.09399999999999997
0 0.48499624906226557 0.68275 0.07351837959489876 0.08850000000000002
0 0.5247561890472618 0.792 0.07126781695423856 0.09699999999999998
0 0.6050262565641411 0.7985 0.07576894223555886 0.09600000000000009
0 0.6785446361590397 0.8374999999999999 0.07651912978244557 0.09199999999999997
0 0.7533758439609903 0.781 0.08064516129032262 0.08899999999999997
0 0.631470367591898 0.7017500000000001 0.0753938484621155 0.08950000000000002
0 0.5568267066766692 0.67275 0.07614403600900232 0.09250000000000003
0 0.5219429857464366 0.5607500000000001 0.07689422355588893 0.10150000000000003
0 0.5990247561890473 0.5642499999999999 0.08027006751687926 0.09550000000000003
0 0.6783570892723181 0.54625 0.08139534883720922 0.10050000000000003
0 0.7111777944486122 0.6365000000000001 0.08252063015753941 0.10199999999999998
0 0.7891972993248313 0.68525 0.07501875468867214 0.09050000000000002
0 0.7888222055513878 0.58175 0.07276819204801199 0.09749999999999992
0 0.7593773443360841 0.4745 0.07764441110277576 0.10199999999999998
0 0.6807951987996999 0.40149999999999997 0.08102025506376587 0.10700000000000004
0 0.6155288822205551 0.469 0.08327081770442613 0.10200000000000004
0 0.5808327081770444 0.3855 0.0843960990247562 0.09599999999999997
0 0.6303450862715678 0.28525 0.09114778694673664 0.11749999999999997
0 0.5262565641410353 0.175 0.09077269317329334 0.128
0 0.5045011252813203 0.296 0.08177044261065264 0.119
0 0.5226931732933233 0.45575 0.08514628657164297 0.10549999999999993
0 0.45273818454613657 0.49850000000000005 0.07801950487621906 0.10300000000000004
