0 0.1119654913728432 0.4535 0.04913728432108026 0.064
0 0.1704801200300075 0.4325 0.04163540885221306 0.061
0 0.19898724681170293 0.31525000000000003 0.04988747186796699 0.09149999999999997
0 0.372655663915979 0.2495 0.02738184546136535 0.038000000000000006
0 0.21399099774943736 0.514 0.03188297074268567 0.04200000000000004
0 0.236496624156039 0.528 0.03338334583645908 0.039000000000000035
0 0.23912228057014254 0.488 0.036384096024005996 0.043999999999999984
0 0.19561140285071266 0.5545 0.031132783195798958 0.04800000000000004
0 0.20292573143285822 0.58925 0.030757689422355572 0.035499999999999976
0 0.19673668417104276 0.63275 0.03413353338334585 0.046499999999999986
0 0.186609152288072 0.66025 0.03263315828957239 0.04150000000000009
0 0.19767441860465118 0.7095 0.03300825206301575 0.050000000000000044
0 0.22243060765191297 0.7295 0.0307576894223556 0.041999999999999926
0 0.2526256564141035 0.74075 0.034883720930232565 0.03649999999999998
0 0.2432483120780195 0.70325 0.04013503375843963 0.04049999999999998
0 0.23630907726931732 0.6645 0.03300825206301572 0.040000000000000036
0 0.27813203300825207 0.72125 0.026631657914478635 0.03749999999999998
0 0.26481620405101275 0.7765 0.03300825206301572 0.04500000000000004
0 0.2981995498874719 0.7749999999999999 0.03225806451612906 0.04500000000000004
0 0.3049512378094523 0.7304999999999999 0.033008252063015775 0.039999999999999925
0 0.23218304576144036 0.60575 0.02550637659414856 0.03849999999999998
0 0.2621905476369092 0.6112500000000001 0.03525881470367592 0.04349999999999998
0 0.25975243810952736 0.639 0.02963240810202547 0.03699999999999992
0 0.28750937734433607 0.63825 0.028132033008252066 0.03849999999999998
0 0.30213803450862714 0.59625 0.028882220555138782 0.044500000000000095
0 0.2306826706676669 0.56525 0.029257314328582168 0.04049999999999998
0 0.2501875468867217 0.5662499999999999 0.032258064516129004 0.04349999999999998
0 0.28600900225056264 0.552 0.03638409602400605 0.04500000000000004
0 0.2732558139534884 0.508 0.03713428357089271 0.040000000000000036
0 0.3132033008252063 0.51025 0.032258064516129004 0.03750000000000003
0 0.3413353338334584 0.51675 0.027006751687921993 0.04250000000000004
0 0.36946736684171044 0.5445 0.03375843960990249 0.040000000000000036
0 0.377344336084021 0.507 0.02925731432858214 0.03699999999999998
0 0.35690172543135784 0.47025 0.028132033008252066 0.03849999999999998
0 0.31357839459864967 0.47375 0.030757689422355572 0.04249999999999998
0 0.27081770442610653 0.42974999999999997 0.03150787696924229 0.03750000000000003
0 0.29669917479369845 0.44825 0.030757689422355627 0.04149999999999998
0 0.3345836459114779 0.43775 0.030757689422355572 0.038500000000000034
0 0.34508627156789196 0.40075 0.03525881470367592 0.04249999999999998
0 0.327456864216054 0.371 0.03300825206301572 0.039000000000000035
0 0.3584021005251313 0.3415 0.03263315828957236 0.03899999999999998
0 0.3809077269317329 0.313 0.0318829707426857 0.04400000000000004
0 0.3951612903225806 0.34975 0.029632408102025498 0.03049999999999997
0 0.3704051012753188 0.375 0.022880720180045 0.040000000000000036
0 0.39309827456864216 0.40249999999999997 0.03300825206301572 0.04299999999999998
0 0.4195423855963991 0.37875000000000003 0.03263315828957242 0.039500000000000035
0 0.37284321080270066 0.4285 0.030007501875468856 0.04400000000000004
0 0.3900975243810953 0.46125 0.02925731432858214 0.044499999999999984
0 0.4139159789947487 0.45375 0.025131282820705203 0.04249999999999998
0 0.43885971492873216 0.4605 0.02925731432858214 0.04299999999999998
0 0.44298574643660915 0.50725 0.030007501875468856 0.03649999999999998
0 0.4624906226556639 0.49549999999999994 0.03225806451612906 0.045999999999999985
0 0.4097899474868717 0.5327500000000001 0.03263315828957242 0.0465000000000001
0 0.4317329332333083 0.5455 0.028507126781695424 0.04299999999999993
0 0.4608027006751688 0.5447500000000001 0.02813203300825201 0.04749999999999999
0 0.3840960240060015 0.57525 0.030757689422355572 0.03949999999999998
0 0.413165791447862 0.58125 0.028882220555138782 0.04749999999999999
0 0.4465491372843211 0.5845 0.03338334583645913 0.039000000000000035
0 0.4756189047261815 0.6145 0.03225806451612906 0.04500000000000004
0 0.44467366841710426 0.6435 0.02738184546136535 0.04399999999999993
0 0.42235558889722435 0.6165 0.023255813953488358 0.03300000000000003
0 0.395536384096024 0.6105 0.029632408102025498 0.03199999999999992
0 0.3974118529632408 0.6485 0.031132783195798985 0.04200000000000004
0 0.31789197299324834 0.5587500000000001 0.03338334583645913 0.035499999999999976
0 0.3447111777944486 0.5787500000000001 0.02925731432858214 0.04149999999999998
0 0.35765191297824456 0.60775 0.02738184546136535 0.044499999999999984
0 0.36177794448612155 0.6487499999999999 0.03413353338334585 0.035499999999999976
0 0.3287696924231058 0.6014999999999999 0.025131282820705203 0.041000000000000036
0 0.3216429107276819 0.64275 0.03113278319579893 0.03649999999999998
0 0.30326331582895727 0.677 0.025881470367591863 0.039000000000000035
0 0.3304576144036009 0.6755 0.03375843960990249 0.040000000000000036
0 0.3437734433608402 0.70225 0.037884471117779484 0.04049999999999998
0 0.38447111777944487 0.71825 0.02925731432858214 0.03850000000000009
0 0.4127906976744186 0.7035 0.03113278319579893 0.038000000000000034
0 0.3619654913728432 0.743 0.03150787696924234 0.03699999999999992
0 0.33083270817704424 0.756 0.03375843960990249 0.04299999999999993
0 0.3465866466616654 0.7915000000000001 0.03375843960990249 0.03700000000000003
0 0.33139534883720934 0.7985 0.025881470367591863 0.03600000000000003
0 0.3790322580645161 0.80875 0.03113278319579893 0.044499999999999984
0 0.40397599399849965 0.82825 0.02925731432858214 0.03849999999999998
0 0.3852213053263316 0.835 0.02550637659414856 0.03200000000000003
0 0.39422355588897223 0.759 0.02925731432858214 0.038000000000000034
0 0.4139159789947487 0.7927500000000001 0.028882220555138782 0.03949999999999998
0 0.4381095273818455 0.81075 0.03225806451612906 0.04049999999999998
0 0.5163165791447861 0.79925 0.028132033008252066 0.03949999999999998
0 0.48799699924981244 0.77725 0.032258064516129004 0.034499999999999975
0 0.47768192048012004 0.7377499999999999 0.03338334583645908 0.03949999999999998
0 0.4307951987996999 0.7284999999999999 0.03113278319579893 0.041000000000000036
0 0.5108777194298575 0.7302500000000001 0.03000750187546891 0.03749999999999998
0 0.5313203300825207 0.7662500000000001 0.03263315828957236 0.03749999999999998
0 0.5375093773443361 0.7295 0.026256564141035277 0.041000000000000036
0 0.49381095273818454 0.6910000000000001 0.028882220555138838 0.039999999999999925
0 0.5228807201800449 0.69775 0.02550637659414845 0.04249999999999998
0 0.468304576144036 0.667 0.027381845461365295 0.04300000000000004
0 0.4883720930232558 0.64 0.03150787696924229 0.03699999999999992
0 0.5015003750937734 0.6035 0.030007501875468856 0.03600000000000003
0 0.5268192048012004 0.5687500000000001 0.030382595648912214 0.04349999999999998
0 0.5303825956489122 0.6034999999999999 0.02400600150037513 0.03700000000000003
0 0.4923105776444111 0.53425 0.03338334583645913 0.031500000000000083
0 0.5275693923480871 0.64625 0.028882220555138782 0.03849999999999998
0 0.5474493623405852 0.68425 0.028882220555138782 0.03649999999999998
0 0.56807951987997 0.7130000000000001 0.03338334583645908 0.039000000000000035
0 0.559264816204051 0.64175 0.026256564141035277 0.04249999999999998
0 0.577456864216054 0.61525 0.03113278319579904 0.044499999999999984
0 0.5545761440360091 0.59675 0.026631657914478635 0.03649999999999998
0 0.5525131282820706 0.5575 0.02925731432858214 0.038999999999999924
0 0.5782070517629407 0.54825 0.03113278319579904 0.046499999999999986
0 0.5221305326331583 0.5185 0.02925731432858214 0.039000000000000035
0 0.4968117029257314 0.4885 0.031132783195798985 0.04599999999999993
0 0.48012003000750186 0.44625000000000004 0.030757689422355572 0.04250000000000004
0 0.4579894973743436 0.42400000000000004 0.028507126781695424 0.044999999999999984
0 0.4300450112528132 0.41825 0.03113278319579893 0.04349999999999998
0 0.45405101275318827 0.383 0.03263315828957242 0.04500000000000004
0 0.4789947486871718 0.39625 0.024756189047261845 0.04249999999999998
0 0.477119279819955 0.35475 0.032258064516129004 0.03949999999999998
0 0.4221680420105026 0.32999999999999996 0.03413353338334579 0.043999999999999984
0 0.4157914478619655 0.303 0.031882970742685646 0.031000000000000028
0 0.440735183795949 0.29025 0.033008252063015775 0.035499999999999976
0 0.44954988747186797 0.32575 0.03263315828957236 0.04249999999999998
0 0.4780570142535634 0.26149999999999995 0.031882970742685646 0.04099999999999998
0 0.4863090772693173 0.3025 0.029632408102025498 0.041000000000000036
0 0.5150037509377344 0.33525 0.030007501875468856 0.04149999999999998
0 0.5148162040510127 0.29100000000000004 0.028132033008252066 0.04099999999999998
0 0.5178169542385596 0.25 0.029632408102025498 0.04200000000000001
0 0.539947486871718 0.26875 0.03113278319579893 0.04349999999999998
0 0.5408852213053263 0.2435 0.024756189047261845 0.028999999999999998
0 0.5588897224306076 0.217 0.030757689422355572 0.03799999999999998
0 0.5708927231807952 0.26749999999999996 0.028507126781695424 0.03999999999999998
0 0.604463615903976 0.236 0.035633908477119336 0.04000000000000001
0 0.623218304576144 0.27125 0.035633908477119336 0.04249999999999998
0 0.6277194298574644 0.2425 0.026631657914478635 0.031
0 0.6190922730682671 0.216 0.021380345086271513 0.025000000000000022
0 0.6436609152288072 0.22649999999999998 0.024756189047261845 0.04000000000000001
0 0.6646661665416355 0.24275000000000002 0.028507126781695424 0.0345
0 0.6599774943735934 0.26575 0.02738184546136535 0.045499999999999985
0 0.6489122280570143 0.302 0.036009002250562694 0.038000000000000034
0 0.5776444111027756 0.30974999999999997 0.0315078769692424 0.03550000000000003
0 0.5965866466616654 0.3385 0.028882220555138782 0.045999999999999985
0 0.6247186796699176 0.33899999999999997 0.028882220555138782 0.04099999999999998
0 0.5699549887471869 0.345 0.03413353338334579 0.04799999999999999
0 0.5476369092273068 0.3195 0.03300825206301572 0.04500000000000004
0 0.5376969242310577 0.36624999999999996 0.037884471117779484 0.03450000000000003
0 0.554013503375844 0.40175 0.032258064516129004 0.04349999999999998
0 0.5843960990247562 0.4195 0.03525881470367587 0.043999999999999984
0 0.6112153038259565 0.4235 0.025131282820705203 0.04199999999999998
0 0.6224681170292573 0.38025 0.0386346586646662 0.04250000000000004
0 0.5041260315078769 0.379 0.033758439609902435 0.041000000000000036
0 0.5037509377344336 0.41625 0.03300825206301572 0.04349999999999998
0 0.5330082520630157 0.4235 0.02775693923480871 0.045999999999999985
0 0.5174418604651163 0.4545 0.03263315828957236 0.04099999999999998
0 0.5408852213053263 0.48325 0.032258064516129004 0.045499999999999985
0 0.554013503375844 0.44725 0.02925731432858214 0.044499999999999984
0 0.5770817704426107 0.47150000000000003 0.037884471117779484 0.03999999999999998
0 0.5654538634658666 0.5075000000000001 0.028882220555138782 0.039000000000000035
0 0.6031507876969242 0.501 0.03525881470367587 0.04200000000000004
0 0.6284696174043511 0.52825 0.03488372093023251 0.046499999999999986
0 0.6363465866466617 0.489 0.025881470367591808 0.040000000000000036
0 0.6127156789197299 0.4595 0.03488372093023251 0.04099999999999998
0 0.6738559639909978 0.485 0.030382595648912214 0.04499999999999993
0 0.6451612903225806 0.44899999999999995 0.027006751687921993 0.04299999999999998
0 0.6839834958739686 0.5235000000000001 0.031882970742685646 0.04500000000000004
0 0.6382220555138785 0.5627500000000001 0.029632408102025498 0.04149999999999998
0 0.6067141785446362 0.56225 0.028882220555138782 0.04249999999999998
0 0.6076519129782446 0.6065 0.02925731432858214 0.04500000000000004
0 0.6380345086271568 0.6020000000000001 0.02925731432858214 0.041000000000000036
0 0.5999624906226557 0.64925 0.028882220555138782 0.04249999999999998
0 0.6331582895723931 0.64525 0.030757689422355572 0.04249999999999998
0 0.6005251312828207 0.696 0.033758439609902435 0.04599999999999993
0 0.6209677419354838 0.6819999999999999 0.028132033008252066 0.04300000000000004
0 0.5954613653413354 0.74 0.031882970742685646 0.038000000000000034
0 0.6181545386346586 0.7172499999999999 0.030007501875468856 0.034500000000000086
0 0.650787696924231 0.70225 0.03825956489122284 0.03749999999999998
0 0.6421605401350338 0.748 0.030757689422355572 0.04400000000000004
0 0.6374718679669917 0.77275 0.026631657914478635 0.03650000000000009
0 0.6327831957989497 0.821 0.02925731432858214 0.039999999999999925
0 0.605026256564141 0.8325 0.028507126781695424 0.039000000000000035
0 0.5768942235558889 0.82175 0.022505626406601587 0.044499999999999984
0 0.5570142535633908 0.7829999999999999 0.023255813953488413 0.04500000000000004
0 0.6716054013503376 0.72875 0.026631657914478635 0.03950000000000009
0 0.6884846211552889 0.7484999999999999 0.02738184546136535 0.04300000000000004
0 0.7108027006751688 0.7645 0.028507126781695424 0.03599999999999992
0 0.713615903975994 0.72575 0.028132033008252066 0.045500000000000096
0 0.6642910727681921 0.67825 0.030757689422355683 0.04349999999999998
0 0.6897974493623406 0.6905 0.02925731432858214 0.03400000000000003
0 0.6916729182295573 0.65675 0.02925731432858214 0.04250000000000009
0 0.7186796699174793 0.6825 0.030007501875468856 0.040999999999999925
0 0.7342460615153787 0.7072499999999999 0.02588147036759192 0.04349999999999998
0 0.7484996249062266 0.7475 0.029632408102025498 0.04399999999999993
0 0.6734808702175543 0.6172500000000001 0.029632408102025498 0.03749999999999998
0 0.6911102775693923 0.5835 0.031882970742685646 0.04400000000000004
0 0.7059264816204052 0.62 0.0315078769692424 0.03699999999999992
0 0.7231807951987997 0.5862499999999999 0.030757689422355572 0.04250000000000009
0 0.7406226556639159 0.64 0.03338334583645908 0.038999999999999924
0 0.7606901725431359 0.6645 0.03900975243810956 0.030000000000000027
0 0.7721305326331582 0.69375 0.026631657914478635 0.046499999999999986
0 0.7721305326331582 0.739 0.02588147036759192 0.04800000000000004
0 0.7719429857464366 0.78925 0.03150787696924229 0.05149999999999999
0 0.7507501875468867 0.5865 0.02738184546136535 0.04400000000000004
0 0.7601275318829708 0.61075 0.02588147036759192 0.04249999999999998
0 0.771755438859715 0.56775 0.03488372093023251 0.035499999999999976
0 0.6961740435108777 0.5529999999999999 0.02925731432858214 0.039000000000000035
0 0.722993248312078 0.5269999999999999 0.04163540885221306 0.041000000000000036
0 0.7366841710427607 0.54775 0.032258064516129115 0.03149999999999997
0 0.70423855963991 0.49524999999999997 0.03713428357089277 0.04550000000000004
0 0.7383720930232558 0.495 0.029632408102025498 0.04800000000000004
0 0.660165041260315 0.40775 0.03150787696924229 0.03749999999999998
0 0.6815453863465867 0.442 0.03300825206301572 0.040000000000000036
0 0.7231807951987997 0.44699999999999995 0.030007501875468856 0.043999999999999984
0 0.7430607651912978 0.44599999999999995 0.03150787696924229 0.04799999999999999
0 0.7738184546136534 0.48424999999999996 0.027006751687921993 0.04449999999999993
0 0.7096774193548387 0.39025 0.030757689422355572 0.04349999999999998
0 0.6978619654913729 0.36350000000000005 0.03488372093023251 0.04199999999999998
0 0.6674793698424606 0.3295 0.035633908477119336 0.04099999999999998
0 0.7010502625656414 0.25625000000000003 0.028507126781695424 0.04450000000000001
0 0.6843585896474118 0.2935 0.03263315828957236 0.04199999999999998
0 0.7192423105776444 0.222 0.03338334583645919 0.03899999999999998
0 0.7361215303825956 0.2575 0.03113278319579904 0.04600000000000004
0 0.7591897974493623 0.22799999999999998 0.03525881470367587 0.038000000000000006
0 0.7319954988747186 0.32799999999999996 0.035633908477119225 0.044999999999999984
0 0.7361215303825956 0.36224999999999996 0.02963240810202561 0.03450000000000003
0 0.7443735933983495 0.39125 0.03113278319579893 0.04949999999999999
0 0.7755063765941486 0.2905 0.037884471117779484 0.04299999999999998
0 0.7918229557389347 0.28775 0.021005251312828155 0.044499999999999984
0 0.8212678169542386 0.2915 0.03263315828957247 0.03999999999999998
0 0.8677794448612153 0.31025 0.03638409602400605 0.04550000000000004
0 0.8782820705176294 0.351 0.03713428357089277 0.04299999999999998
0 0.822205551387847 0.33275 0.033758439609902546 0.04049999999999998
0 0.7788822205551389 0.3345 0.028882220555138782 0.04199999999999998
0 0.8088897224306076 0.37024999999999997 0.035633908477119336 0.04450000000000004
0 0.8390847711927982 0.37825 0.030007501875468856 0.029500000000000026
0 0.7796324081020255 0.40025 0.03113278319579904 0.04149999999999998
0 0.7835708927231808 0.43975 0.03525881470367587 0.04750000000000004
0 0.8158289572393098 0.40925 0.03300825206301572 0.045499999999999985
0 0.8212678169542386 0.442 0.035633908477119336 0.03400000000000003
0 0.8102025506376594 0.47975 0.03300825206301572 0.046499999999999986
0 0.8546511627906976 0.47425 0.03113278319579893 0.04749999999999999
0 0.8769692423105776 0.45199999999999996 0.03150787696924229 0.04199999999999998
0 0.867404351087772 0.41000000000000003 0.03413353338334579 0.04799999999999999
0 0.8872843210802701 0.40049999999999997 0.03113278319579893 0.045999999999999985
0 0.9146661665416354 0.427 0.03638409602400594 0.041000000000000036
0 0.9067891972993248 0.46775 0.02963240810202561 0.045499999999999985
0 0.8460240060015003 0.5217499999999999 0.035633908477119225 0.04250000000000009
0 0.7950112528132033 0.5269999999999999 0.03338334583645919 0.04300000000000004
0 0.8072018004501126 0.55625 0.028507126781695424 0.044499999999999984
0 0.7983870967741935 0.5965 0.03113278319579893 0.040000000000000036
0 0.7996999249812453 0.64375 0.032258064516129004 0.044499999999999984
0 0.822205551387847 0.6655 0.030007501875468856 0.04600000000000004
0 0.8210802700675168 0.738 0.036009002250562694 0.040999999999999925
0 0.813953488372093 0.77525 0.03300825206301572 0.03950000000000009
0 0.8437734433608401 0.81375 0.03263315828957236 0.04749999999999999
0 0.8077644411102776 0.8325 0.03113278319579904 0.04699999999999993
0 0.7801950487621906 0.855 0.03150787696924229 0.040000000000000036
0 0.84152288072018 0.75675 0.030382595648912214 0.04049999999999998
0 0.8807201800450113 0.7697499999999999 0.03300825206301583 0.04349999999999998
0 0.899662415603901 0.73575 0.03338334583645908 0.05249999999999999
0 0.8599024756189046 0.7017500000000001 0.031882970742685646 0.04349999999999998
0 0.8863465866466617 0.67425 0.032258064516129004 0.03949999999999998
0 0.8876594148537134 0.6977500000000001 0.03113278319579893 0.02949999999999997
0 0.8486496624156039 0.637 0.03488372093023262 0.040000000000000036
0 0.8809077269317329 0.61 0.029632408102025498 0.04299999999999993
0 0.9024756189047262 0.6385000000000001 0.030007501875468856 0.04399999999999993
0 0.9334208552138035 0.6005 0.03488372093023262 0.04500000000000004
0 0.8385221305326331 0.5902499999999999 0.030382595648912214 0.04349999999999998
0 0.846211552888222 0.5575 0.03150787696924229 0.03299999999999992
0 0.8711552888222056 0.56575 0.026631657914478635 0.04249999999999998
0 0.9094148537134283 0.55225 0.028132033008252066 0.04249999999999998
0 0.895536384096024 0.51175 0.030382595648912214 0.04450000000000004
0 0.9197299324831207 0.51325 0.024006001500375018 0.04049999999999998
