0 0.06732933233308327 0.471 0.0603900975243811 0.064
0 0.09433608402100524 0.39375 0.052138034508627154 0.0625
0 0.10202550637659416 0.37025 0.05701425356339086 0.0595
0 0.1562265566391598 0.2875 0.05738934733683421 0.062
0 0.18473368342085522 0.26775 0.0603900975243811 0.07549999999999998
0 0.25825206301575393 0.21525 0.049137284321080305 0.07550000000000001
0 0.3055138784696174 0.221 0.05813953488372092 0.08200000000000002
0 0.21961740435108779 0.29075 0.052888222055513884 0.0645
0 0.19298574643660915 0.35175 0.05438859714928734 0.0655
0 0.14591147786946734 0.41475 0.06151537884471117 0.0625
0 0.12021755438859716 0.476 0.058139534883720936 0.06
0 0.12190547636909227 0.5509999999999999 0.05476369092273069 0.05900000000000005
0 0.1399099774943736 0.5992500000000001 0.05176294073518378 0.05349999999999999
0 0.1837959489872468 0.61275 0.05026256564141035 0.044499999999999984
0 0.1952363090772693 0.59475 0.046136534133533386 0.04849999999999999
0 0.2306826706676669 0.6192500000000001 0.04351087771942985 0.04949999999999999
0 0.23780945236309076 0.5802499999999999 0.05176294073518381 0.05149999999999999
0 0.2768192048012003 0.58925 0.04276069017254314 0.05149999999999999
0 0.09921230307576895 0.48824999999999996 0.034133533383345835 0.034499999999999975
0 0.1524756189047262 0.482 0.02738184546136535 0.04699999999999993
0 0.18904726181545387 0.5297499999999999 0.0480120030007502 0.034500000000000086
0 0.1791072768192048 0.501 0.052888222055513884 0.068
0 0.22730682670667668 0.49624999999999997 0.04351087771942985 0.05249999999999999
0 0.2693173293323331 0.5195 0.05176294073518378 0.04799999999999999
0 0.2027381845461365 0.42275 0.052888222055513884 0.0605
0 0.2321830457614404 0.376 0.05776444111027759 0.07399999999999995
0 0.2693173293323331 0.31475 0.05851462865716431 0.07349999999999995
0 0.24343585896474118 0.47275 0.04876219054763689 0.0605
0 0.29013503375843963 0.49674999999999997 0.04463615903975998 0.055499999999999994
0 0.3184546136534133 0.5507500000000001 0.05026256564141035 0.05149999999999999
0 0.3240810202550638 0.6 0.04726181545386349 0.050000000000000044
0 0.3784696174043511 0.603 0.04351087771942985 0.052999999999999936
0 0.36102775693923483 0.5485 0.04238559639909978 0.04499999999999993
0 0.33870967741935487 0.501 0.0525131282820705 0.052000000000000046
0 0.2929482370592648 0.40249999999999997 0.050262565641410406 0.065
0 0.3160165041260315 0.34325 0.05663915978994749 0.0605
0 0.34433608402100524 0.2935 0.05701425356339085 0.069
0 0.3960990247561891 0.3015 0.05401350337584393 0.061
0 0.36702925731432856 0.32825 0.05363840960240057 0.0615
0 0.3413353338334584 0.38975 0.04426106526631657 0.0655
0 0.327456864216054 0.42075 0.05176294073518378 0.05249999999999999
0 0.4330457614403601 0.23800000000000002 0.05888972243060764 0.07
0 0.409039759939985 0.36850000000000005 0.052888222055513856 0.064
0 0.3897224306076519 0.42525 0.05176294073518378 0.058499999999999996
0 0.37115528882220555 0.4515 0.048387096774193505 0.055999999999999994
0 0.38447111777944487 0.511 0.05026256564141035 0.05400000000000005
0 0.4047261815453863 0.589 0.04876219054763692 0.050000000000000044
0 0.41841710427606904 0.63375 0.04463615903975998 0.045499999999999985
0 0.4347336834208552 0.6007499999999999 0.04276069017254314 0.05349999999999999
0 0.4309827456864216 0.534 0.04726181545386349 0.051000000000000045
0 0.4291072768192048 0.46799999999999997 0.051012753188297066 0.043999999999999984
0 0.4394223555888972 0.44825 0.04838709677419356 0.0605
0 0.45836459114778694 0.38975 0.052513128282070554 0.0625
0 0.4728057014253564 0.30700000000000005 0.04988747186796699 0.07100000000000001
0 0.49456114028507125 0.279 0.05363840960240057 0.07300000000000001
0 0.5247561890472618 0.32025 0.054013503375843985 0.0655
0 0.5091897974493623 0.36975 0.052138034508627085 0.058499999999999996
0 0.495873968492123 0.44299999999999995 0.04951237809452358 0.063
0 0.4735558889722431 0.45425 0.038634658664666144 0.05049999999999999
0 0.4788072018004501 0.50125 0.046886721680420074 0.049500000000000044
0 0.46886721680420107 0.5680000000000001 0.0480120030007502 0.04399999999999993
0 0.4754313578394599 0.6052500000000001 0.043135783945986494 0.04349999999999998
0 0.45198799699924985 0.6655 0.0480120030007502 0.04200000000000004
0 0.49381095273818454 0.65875 0.048387096774193505 0.04050000000000009
0 0.5215678919729932 0.6305000000000001 0.04163540885221306 0.049000000000000044
0 0.5255063765941486 0.6990000000000001 0.046511627906976716 0.04300000000000004
0 0.5656414103525882 0.7035 0.03825956489122284 0.04299999999999993
0 0.5542010502625656 0.627 0.03338334583645908 0.04299999999999993
0 0.5648912228057015 0.5985 0.026256564141035166 0.039000000000000035
0 0.5069392348087022 0.57875 0.04088522130532635 0.056499999999999995
0 0.5459489872468117 0.577 0.04088522130532635 0.04700000000000004
0 0.518192048012003 0.51175 0.04088522130532635 0.050500000000000045
0 0.5178169542385597 0.4765 0.047636909227306845 0.051999999999999935
0 0.600337584396099 0.2855 0.05138784696174048 0.067
0 0.5675168792198049 0.33899999999999997 0.050262565641410295 0.061
0 0.5468867216804201 0.38475 0.04426106526631657 0.058499999999999996
0 0.5575768942235559 0.44499999999999995 0.04913728432108033 0.05299999999999999
0 0.5624531132783196 0.50825 0.04613653413353336 0.05249999999999999
0 0.5883345836459115 0.58725 0.04388597149287321 0.055499999999999994
0 0.5973368342085521 0.64175 0.04163540885221306 0.044499999999999984
0 0.6022130532633159 0.67075 0.04013503375843963 0.03949999999999998
0 0.5907726931732933 0.40375 0.045011252813203284 0.056499999999999995
0 0.5986496624156039 0.46825 0.04801200300075026 0.04949999999999999
0 0.5954613653413353 0.51675 0.039384846211552915 0.05250000000000005
0 0.6290322580645162 0.5625 0.04201050262565642 0.04699999999999993
0 0.613278319579895 0.591 0.03150787696924229 0.041000000000000036
0 0.6500375093773443 0.70175 0.045011252813203284 0.04049999999999998
0 0.6826706676669168 0.669 0.03825956489122284 0.04700000000000004
0 0.6432858214553638 0.6132500000000001 0.03975993998499616 0.045499999999999985
0 0.6616654163540885 0.58125 0.03525881470367598 0.05149999999999999
0 0.6384096024006001 0.514 0.04576144036009 0.04800000000000004
0 0.6369092273068266 0.44799999999999995 0.04576144036009 0.056999999999999995
0 0.6684171042760689 0.5369999999999999 0.045011252813203284 0.04300000000000004
0 0.6856714178544636 0.5085 0.045011252813203395 0.05199999999999999
0 0.6207801950487621 0.37325 0.04801200300075015 0.0655
0 0.6695423855963991 0.3345 0.05101275318829712 0.06
0 0.6607276819204801 0.38149999999999995 0.03638409602400605 0.05099999999999999
0 0.686046511627907 0.42575 0.04801200300075026 0.05149999999999999
0 0.7496249062265566 0.43125 0.04763690922730679 0.0645
0 0.7314328582145537 0.46599999999999997 0.04276069017254314 0.04799999999999999
0 0.7271192798199551 0.5375000000000001 0.05513878469617406 0.04500000000000004
0 0.6935483870967742 0.5647500000000001 0.04351087771942985 0.03749999999999998
0 0.6901725431357839 0.594 0.03975993998499627 0.040000000000000036
0 0.722993248312078 0.64175 0.04238559639909978 0.04949999999999999
0 0.7329332333083272 0.588 0.041260315078769705 0.04600000000000004
0 0.7550637659414854 0.60225 0.03825956489122273 0.04349999999999998
0 0.7501875468867216 0.5285 0.03450862715678926 0.04600000000000004
0 0.7477494373593399 0.48925 0.04163540885221306 0.04949999999999999
0 0.758814703675919 0.55725 0.033758439609902435 0.044499999999999984
0 0.8143285821455364 0.627 0.03450862715678915 0.05400000000000005
0 0.8278319579894974 0.57225 0.03825956489122273 0.05249999999999999
0 0.7936984246061516 0.52875 0.04276069017254314 0.04349999999999998
0 0.7749437359339835 0.41675 0.03450862715678915 0.055499999999999994
0 0.7920105026256564 0.46875 0.04388597149287321 0.05449999999999999
0 0.8197674418604651 0.48825 0.04088522130532635 0.05149999999999999
0 0.8328957239309828 0.51625 0.04763690922730679 0.04550000000000004
0 0.8212678169542386 0.39875 0.052138034508627085 0.058499999999999996
0 0.8407726931732933 0.44825 0.05288822205551391 0.04849999999999999
0 0.8552138034508627 0.48125 0.046511627906976716 0.05149999999999999
