0 0.25787696924231057 0.3825 0.10090022505626406 0.131
0 0.3447111777944486 0.38125 0.08852213053263314 0.10949999999999999
0 0.37471867966991745 0.26725 0.08627156789197299 0.1335
0 0.4578019504876219 0.3555 0.08139534883720934 0.118
0 0.23949737434358592 0.50675 0.10090022505626409 0.1175
0 0.3285821455363841 0.50425 0.08852213053263314 0.11749999999999994
0 0.4165416354088522 0.46375 0.08814703675918978 0.10250000000000004
0 0.48799699924981244 0.4825 0.07276819204801205 0.09399999999999997
0 0.26087771942985744 0.60825 0.08514628657164289 0.11049999999999993
0 0.34152288072018 0.5945 0.07989497374343585 0.09999999999999998
0 0.39197299324831203 0.6387499999999999 0.07726931732933234 0.09150000000000003
0 0.42610652663165793 0.5589999999999999 0.0802700675168792 0.09100000000000008
0 0.48612153038259565 0.55475 0.05551387846961742 0.07450000000000001
0 0.4711177794448612 0.6507499999999999 0.06976744186046507 0.09249999999999992
0 0.3118904726181545 0.73325 0.08139534883720928 0.11049999999999993
0 0.37471867966991745 0.78 0.08327081770442607 0.09499999999999997
0 0.47074268567141786 0.804 0.08027006751687926 0.09500000000000008
0 0.5146286571642911 0.83575 0.06751687921980493 0.08450000000000002
0 0.5496999249812453 0.786 0.052138034508627085 0.08399999999999996
0 0.5288822205551388 0.7144999999999999 0.06301575393848458 0.08999999999999997
0 0.587959489872468 0.7077500000000001 0.06039009752438107 0.07950000000000002
0 0.5277569392348087 0.604 0.06526631657914478 0.08299999999999996
0 0.6070892723180795 0.62275 0.06489122280570148 0.08650000000000002
0 0.6657914478619655 0.5865 0.06001500375093771 0.08299999999999996
0 0.5607651912978244 0.53075 0.06376594148537129 0.09350000000000003
0 0.6175918979744937 0.513 0.06039009752438107 0.08100000000000002
0 0.7239309827456865 0.59375 0.05326331582895727 0.08250000000000002
0 0.7117404351087773 0.53025 0.055888972243060775 0.08450000000000002
0 0.7545011252813203 0.52875 0.04538634658664664 0.08150000000000002
0 0.7436234058514628 0.46049999999999996 0.05363840960240063 0.08199999999999996
0 0.7824456114028506 0.45625 0.03825956489122284 0.0685
0 0.7893848462115529 0.388 0.05288822205551391 0.08600000000000002
0 0.668979744936234 0.45025000000000004 0.05513878469617406 0.09349999999999997
0 0.6160915228807202 0.4375 0.0618904726181545 0.09299999999999997
0 0.5388222055513878 0.4405 0.06339084771192804 0.09799999999999998
0 0.5948987246811703 0.36175 0.06901725431357841 0.10149999999999998
0 0.6579144786196549 0.36224999999999996 0.057764441110277565 0.09749999999999998
0 0.7591897974493623 0.30000000000000004 0.059264816204050996 0.08700000000000002
0 0.685483870967742 0.29875 0.059639909977494354 0.0695
0 0.7057389347336834 0.21975 0.07014253563390849 0.10550000000000001
0 0.6059639909977494 0.257 0.06939234808702177 0.093
0 0.5285071267816954 0.26225 0.0712678169542385 0.1015
0 0.6069017254313578 0.171 0.07276819204801199 0.11
0 0.5024381095273818 0.36124999999999996 0.06339084771192793 0.10549999999999998
