0 0.2526256564141035 0.731 0.051387846961740424 0.06099999999999994
0 0.3478994748687172 0.7395 0.05213803450862714 0.051999999999999935
0 0.30007501875468867 0.7050000000000001 0.052513128282070554 0.051000000000000045
0 0.14534883720930233 0.665 0.05063765941485372 0.05700000000000005
0 0.19148537134283572 0.6839999999999999 0.04763690922730682 0.051000000000000045
0 0.2441860465116279 0.67425 0.057764441110277565 0.056499999999999995
0 0.29594898724681173 0.6645 0.049512378094523635 0.05899999999999994
0 0.33214553638409605 0.6970000000000001 0.047636909227306845 0.05500000000000005
0 0.38484621155288823 0.69275 0.04201050262565642 0.05449999999999999
0 0.42760690172543137 0.6875 0.05176294073518378 0.05400000000000005
0 0.14478619654913727 0.5847500000000001 0.048012003000750175 0.0675
0 0.19279819954988747 0.609 0.051012753188297066 0.07099999999999995
0 0.24493623405851464 0.606 0.049512378094523635 0.062000000000000055
0 0.3023255813953488 0.62 0.05851462865716428 0.052000000000000046
0 0.35333833458364594 0.6315 0.049512378094523635 0.05799999999999994
0 0.40416354088522133 0.62575 0.051387846961740424 0.0625
0 0.454801200300075 0.62175 0.04988747186796699 0.05249999999999999
0 0.4883720930232558 0.57575 0.045761440360090055 0.0615
0 0.4375468867216804 0.5802499999999999 0.05513878469617406 0.0675
0 0.3595273818454614 0.57875 0.051387846961740424 0.058499999999999996
0 0.3042010502625656 0.5655 0.058514628657164336 0.06499999999999995
0 0.263503375843961 0.5707500000000001 0.0468867216804201 0.0675
0 0.20142535633908476 0.5607500000000001 0.057764441110277565 0.0595
0 0.15191297824456113 0.527 0.05401350337584396 0.06800000000000006
0 0.20705176294073518 0.47250000000000003 0.053263315828957214 0.065
0 0.2469992498124531 0.4455 0.05363840960240057 0.069
0 0.28113278319579893 0.506 0.05363840960240057 0.07200000000000006
0 0.3100150037509377 0.44925 0.04988747186796699 0.0655
0 0.3542760690172543 0.49824999999999997 0.052888222055513856 0.06449999999999995
0 0.3762190547636909 0.43975 0.05401350337584393 0.06949999999999995
0 0.40078769692423105 0.52675 0.05513878469617406 0.07350000000000001
0 0.42423105776444114 0.473 0.0525131282820705 0.066
0 0.4626781695423856 0.51525 0.05363840960240063 0.0665
0 0.4741185296324081 0.43775 0.05401350337584393 0.06649999999999995
0 0.4769317329332333 0.3745 0.060390097524381015 0.07699999999999996
0 0.41335333833458365 0.39625 0.05551387846961742 0.08050000000000002
0 0.3295198799699925 0.38549999999999995 0.055888972243060775 0.069
0 0.21117779444861215 0.36525 0.05551387846961742 0.07250000000000001
0 0.2565641410352588 0.33525 0.05626406601650413 0.07550000000000001
0 0.30007501875468867 0.32399999999999995 0.05551387846961742 0.07600000000000001
0 0.36609152288072017 0.34575 0.05701425356339085 0.07750000000000001
0 0.4317329332333083 0.32125 0.05701425356339085 0.0635
0 0.4788072018004501 0.2965 0.06114028507126784 0.08000000000000002
0 0.3319579894973743 0.25075 0.05776444111027762 0.0925
0 0.39009752438109524 0.267 0.0615153788447112 0.07699999999999999
0 0.39066016504126033 0.181 0.055888972243060775 0.08499999999999999
0 0.4426106526631658 0.21875 0.059264816204050996 0.08150000000000002
0 0.4291072768192048 0.113 0.06001500375093771 0.093
0 0.5110652663165791 0.19674999999999998 0.06339084771192799 0.0925
0 0.5834583645911477 0.15125 0.06039009752438107 0.09250000000000001
0 0.5752063015753939 0.23500000000000001 0.05888972243060764 0.08300000000000002
0 0.632033008252063 0.216 0.061515378844711144 0.07600000000000001
0 0.7051762940735185 0.217 0.0637659414853714 0.08100000000000002
0 0.7486871717929482 0.15175 0.06451612903225812 0.08850000000000001
0 0.81807951987997 0.18225000000000002 0.059264816204050996 0.0895
0 0.8679669917479369 0.24924999999999997 0.06526631657914483 0.0885
0 0.9264816204051013 0.311 0.061515378844711144 0.07699999999999996
0 0.7944486121530383 0.27425 0.06301575393848469 0.0915
0 0.7331207801950488 0.281 0.05663915978994749 0.08200000000000002
0 0.589834958739685 0.3155 0.061140285071267786 0.07099999999999995
0 0.5324456114028506 0.374 0.055888972243060775 0.062
0 0.6183420855213804 0.37175 0.05438859714928734 0.08149999999999996
0 0.6704801200300075 0.32899999999999996 0.05663915978994749 0.08000000000000002
0 0.7526256564141036 0.34625 0.059639909977494354 0.07350000000000001
0 0.8383345836459115 0.32625 0.05851462865716428 0.07550000000000001
0 0.8747186796699175 0.36350000000000005 0.0547636909227307 0.066
0 0.5731432858214554 0.4205 0.06076519129782443 0.07600000000000001
0 0.5255063765941486 0.45099999999999996 0.054013503375843985 0.069
0 0.6429107276819205 0.438 0.05176294073518384 0.07799999999999996
0 0.7004876219054763 0.39325 0.05813953488372092 0.0685
0 0.7558139534883721 0.42200000000000004 0.06076519129782443 0.065
0 0.8184546136534133 0.4 0.06226556639159786 0.07
0 0.5907726931732933 0.47 0.05176294073518373 0.07099999999999995
0 0.5106901725431358 0.51625 0.04988747186796694 0.06550000000000006
0 0.568642160540135 0.527 0.052513128282070554 0.065
0 0.6374718679669917 0.50625 0.0528882220555138 0.06550000000000006
0 0.6914853713428357 0.49424999999999997 0.055888972243060775 0.052499999999999936
0 0.7505626406601651 0.5077499999999999 0.05476369092273059 0.0615
0 0.8019504876219055 0.45999999999999996 0.05101275318829712 0.057999999999999996
0 0.8557764441110278 0.4455 0.05438859714928734 0.067
0 0.8861590397599399 0.48225 0.04613653413353347 0.055499999999999994
0 0.9373593398349587 0.488 0.04576144036009 0.04999999999999999
