0 0.41166541635408854 0.1925 0.07014253563390849 0.097
0 0.4778694673668417 0.234 0.06526631657914483 0.08500000000000002
0 0.34696174043510875 0.25925 0.0660165041260315 0.08149999999999999
0 0.41710427606901723 0.2855 0.06301575393848463 0.08500000000000002
0 0.5106901725431358 0.29825 0.0641410352588147 0.08750000000000002
0 0.44129782445611404 0.35375 0.06939234808702177 0.08650000000000002
0 0.3677794448612153 0.32799999999999996 0.06639159789947485 0.08400000000000002
0 0.3090772693173293 0.30174999999999996 0.07276819204801199 0.09149999999999997
0 0.5219429857464366 0.39149999999999996 0.05963990997749441 0.08800000000000002
0 0.5787696924231058 0.356 0.0682670667666917 0.08800000000000002
0 0.468304576144036 0.4305 0.058889722430607694 0.08699999999999997
0 0.24943735933983496 0.33825 0.0630157539384846 0.07650000000000001
0 0.29726181545386343 0.3915 0.058889722430607694 0.09899999999999998
0 0.35221305326331587 0.41975 0.06526631657914478 0.08050000000000002
0 0.40847711927982 0.4555 0.06676669167291821 0.08700000000000002
0 0.5204426106526632 0.48175 0.05363840960240057 0.08850000000000002
0 0.573330832708177 0.44075 0.0618904726181545 0.08349999999999996
0 0.6385971492873219 0.389 0.05888972243060764 0.08700000000000002
0 0.6828582145536384 0.443 0.0618904726181545 0.07799999999999996
0 0.6217179294823706 0.472 0.06189047261815461 0.08600000000000002
0 0.24306076519129782 0.42625 0.0630157539384846 0.09349999999999997
0 0.3460240060015004 0.47850000000000004 0.06114028507126784 0.07500000000000001
0 0.39741185296324083 0.53125 0.05738934733683421 0.08549999999999996
0 0.45142535633908476 0.5075000000000001 0.06714178544636162 0.08399999999999996
0 0.49906226556639155 0.5535 0.06564141035258814 0.08400000000000007
0 0.5935858964741185 0.5467500000000001 0.05813953488372092 0.08750000000000002
0 0.6650412603150788 0.5227499999999999 0.0637659414853714 0.09249999999999997
0 0.7199924981245311 0.5117499999999999 0.06039009752438118 0.08350000000000002
0 0.7396849212303076 0.5914999999999999 0.057764441110277565 0.08399999999999996
0 0.6333458364591147 0.601 0.061140285071267786 0.07499999999999996
0 0.5352588147036759 0.6112500000000001 0.0637659414853714 0.07150000000000001
0 0.5905851462865717 0.63025 0.06264066016504133 0.07750000000000001
0 0.6817329332333084 0.63 0.061140285071267786 0.06899999999999995
0 0.7211177794448612 0.6599999999999999 0.0611402850712679 0.08399999999999996
0 0.6331582895723931 0.6772499999999999 0.07126781695423856 0.07950000000000002
0 0.16072768192048012 0.4275 0.06789197299324834 0.08499999999999996
0 0.12996999249812452 0.46875 0.07089272318079519 0.07749999999999996
0 0.20161290322580644 0.5105 0.06864216054013503 0.08399999999999996
0 0.15172543135783945 0.5569999999999999 0.06939234808702174 0.08599999999999997
0 0.2661290322580645 0.515 0.0671417854463616 0.069
0 0.1800450112528132 0.62725 0.06601650412603152 0.08050000000000002
0 0.22768192048012004 0.5782499999999999 0.06976744186046513 0.09449999999999992
0 0.30963990997749435 0.5567500000000001 0.060390097524381126 0.07750000000000001
0 0.28900975243810956 0.6385000000000001 0.06489122280570142 0.07300000000000006
0 0.3493998499624906 0.62025 0.061140285071267786 0.08150000000000002
0 0.4103525881470368 0.62025 0.06526631657914478 0.07550000000000001
0 0.42104276069017255 0.6805 0.06864216054013506 0.07699999999999996
0 0.3942235558889723 0.7435 0.06376594148537135 0.07199999999999995
0 0.43773443360840214 0.7895 0.06376594148537135 0.07000000000000006
0 0.5155663915978994 0.6765 0.061140285071267786 0.08499999999999996
0 0.49287321830457614 0.7424999999999999 0.06601650412603155 0.06799999999999995
0 0.5692048012003 0.7170000000000001 0.06864216054013506 0.08199999999999996
0 0.5215678919729932 0.8225 0.060390097524381126 0.08400000000000007
0 0.605026256564141 0.782 0.059264816204050996 0.07399999999999995
0 0.5744561140285072 0.846 0.06639159789947491 0.07099999999999995
0 0.6642910727681921 0.7505 0.07201800450112528 0.07700000000000007
0 0.6380345086271568 0.81725 0.05701425356339085 0.07450000000000001
0 0.7025506376594148 0.80125 0.059264816204050996 0.0675
0 0.7616279069767442 0.77725 0.06414103525881476 0.07250000000000001
0 0.6301575393848462 0.89925 0.0682670667666917 0.09549999999999992
0 0.6847336834208553 0.86575 0.0663915978994748 0.08250000000000002
0 0.7456864216054013 0.843 0.05851462865716428 0.06999999999999995
