0 36.48912228057014 280.32 75.61890472618154 331.52
0 50.412603150787696 331.52 90.0225056264066 378.24
0 94.82370592648161 341.76 133.4733683420855 384.96000000000004
0 132.5131282820705 351.68 169.96249062265565 400.64
0 163.4808702175544 364.15999999999997 203.5708927231808 414.4
0 161.56039009752436 321.28 193.00825206301573 360.31999999999994
0 122.67066766691673 308.48 159.87996999249813 350.08000000000004
0 88.82220555138785 286.4 121.23030757689422 335.36
0 80.90022505626406 234.56 118.58964741185297 285.12
0 55.69392348087022 233.28 89.5423855963991 280.32
0 78.7396849212303 188.79999999999998 114.26856714178544 236.16
0 102.7456864216054 160.0 144.03600900225055 208.32
0 125.07126781695425 209.92000000000002 161.08027006751686 257.92
0 119.54988747186796 255.36 154.5986496624156 306.56
0 164.4411102775694 238.4 198.76969242310577 285.12
0 168.04201050262566 288.0 209.8124531132783 336.64
0 196.36909227306828 326.08 230.69767441860463 375.67999999999995
0 212.9332333083271 366.71999999999997 250.622655663916 416.96
0 231.41785446361592 313.6 265.026256564141 364.15999999999997
0 256.384096024006 358.72 287.3518379594899 407.35999999999996
0 286.63165791447864 364.15999999999997 320.960240060015 411.84
0 318.31957989497374 368.0 354.0885221305326 416.96
0 112.58814703675918 99.52 151.95798949737434 152.95999999999998
0 128.6721680420105 52.480000000000004 167.80195048762192 109.76
0 146.67666916729183 133.12 181.96549137284322 188.48
0 182.9257314328582 156.16 218.2145536384096 203.84
0 164.20105026256564 96.64 204.29107276819207 152.32
0 183.16579144786198 47.36 226.37659414853715 96.0
0 159.87996999249813 11.52 203.09077269317328 65.28
0 253.9834958739685 20.16 294.0735183795949 72.0
0 228.77719429857464 66.24 267.1867966991748 125.12
0 247.74193548387098 113.28 280.3900975243811 167.36
0 211.49287321830457 118.4 250.1425356339085 170.56
0 220.1350337584396 166.72 256.14403600900226 220.79999999999998
0 247.74193548387098 159.04 290.7126781695424 218.56
0 272.2280570142536 104.32000000000001 315.6789197299325 171.20000000000002
0 271.2678169542385 70.72 309.437359339835 115.84
0 294.79369842460613 18.240000000000002 334.1635408852213 78.4
0 312.31807951988 86.4 353.1282820705177 144.96
0 342.0855213803451 34.24 382.1755438859715 88.96000000000001
0 352.16804201050263 98.56 390.33758439609903 145.92000000000002
0 320.24006001500373 154.24 351.44786196549137 200.0
0 350.7276819204801 152.0 387.6969242310577 205.12
0 329.3623405851463 189.44 370.65266316579147 240.64
0 292.6331582895724 181.76 326.72168042010503 237.12
0 308.47711927981993 232.95999999999998 346.16654163540886 283.2
0 342.8057014253563 240.32 380.01500375093775 288.32
0 370.17254313578394 195.84 408.1020255063766 247.68
0 261.18529632408104 223.04 303.9159789947487 268.15999999999997
0 226.85671417854465 218.88000000000002 264.7861965491373 266.24
0 195.40885221305328 206.72 227.0967741935484 256.32
0 156.99924981245312 192.95999999999998 193.96849212303073 238.4
0 211.7329332333083 262.4 246.30157539384845 312.0
0 249.90247561890473 266.88 284.2310577644411 317.44
0 265.026256564141 314.24 301.9954988747187 361.59999999999997
0 289.5123780945236 275.52 325.28132033008256 329.91999999999996
0 305.59639909977494 317.44 340.1650412603151 368.32
0 328.16204051012755 281.6 365.13128282070517 328.64
0 358.88972243060766 306.88 396.3390847711928 352.32
0 356.48912228057014 352.96 389.61740435108777 401.92
0 385.29632408102026 395.20000000000005 417.4643660915229 440.31999999999994
0 415.54388597149284 411.84 449.39234808702173 461.44
0 446.99174793698427 416.0 483.9609902475619 456.64
0 478.4396099024756 439.36 515.648912228057 486.08
0 511.3278319579895 415.36 551.8979744936233 462.71999999999997
0 516.8492123030758 456.32 557.4193548387096 495.36
0 564.8612153038259 447.68 605.1912978244561 500.15999999999997
0 512.768192048012 372.16 550.4576144036009 411.2
0 539.1747936984247 384.64 575.1837959489873 429.76
0 475.31882970742686 385.91999999999996 511.3278319579895 434.56000000000006
0 437.8694673668417 371.84 476.27906976744185 418.88
0 399.6999249812453 354.56000000000006 434.2685671417854 397.44
0 399.9399849962491 307.2 436.18904726181546 354.88
0 432.3480870217554 326.4 472.6781695423856 373.76
0 474.1185296324081 341.76 511.08777194298574 390.08000000000004
0 376.41410352588144 260.15999999999997 412.4231057764441 307.2
0 398.97974493623406 229.44 437.14928732183046 275.84
0 421.06526631657914 264.32 455.873968492123 315.52
0 452.5131282820705 291.2 486.60165041260314 336.0
0 484.2010502625657 289.92 520.2100525131283 335.36
0 454.43360840210056 241.6 491.8829707426857 289.6
0 513.4883720930233 244.8 554.7786946736685 295.04
0 552.8582145536384 285.12 588.6271567891972 330.88
0 546.3765941485372 324.79999999999995 585.5063765941485 379.20000000000005
0 563.1807951987997 233.6 604.2310577644411 285.12
0 538.6946736684171 184.32 579.7449362340585 231.04
0 502.205551387847 176.96 534.8537134283571 230.72
0 469.79744936234056 193.6 506.04651162790697 246.08
0 428.9872468117029 182.39999999999998 471.7179294823706 234.88
0 400.6601650412603 157.44 439.7899474868717 202.56
0 395.8589647411853 98.88 435.708927231808 151.35999999999999
0 433.78844711177794 76.47999999999999 475.31882970742686 132.16
0 386.25656414103526 28.799999999999997 429.2273068267067 84.80000000000001
0 438.3495873968492 142.72 478.6796699174794 186.23999999999998
0 479.6399099774943 137.6 516.6091522880721 186.88
0 587.9069767441861 253.12 626.0765191297824 303.68
