0 62.655663915979 334.4 83.54088522130533 358.40000000000003
0 69.37734433608402 364.79999999999995 91.4628657164291 391.03999999999996
0 74.17854463615905 397.76000000000005 95.06376594148537 422.40000000000003
0 84.26106526631658 424.96000000000004 104.90622655663915 445.43999999999994
0 109.70742685671418 469.44000000000005 130.83270817704425 493.44
0 138.27456864216055 448.96000000000004 157.71942985746438 472.0
0 107.78694673668417 417.59999999999997 127.95198799699925 440.0
0 97.94448612153039 395.84000000000003 118.34958739684922 420.79999999999995
0 134.67366841710427 425.91999999999996 151.71792948237058 449.91999999999996
0 147.8769692423106 420.79999999999995 168.52213053263316 445.76
0 178.6046511627907 418.24 198.28957239309827 441.28
0 179.5648912228057 398.40000000000003 198.76969242310577 421.76
0 124.8312078019505 387.52000000000004 144.27606901725431 411.84
0 89.5423855963991 336.0 109.70742685671418 358.72
0 108.26706676669167 355.52 128.43210802700673 383.68
0 111.14778694673669 340.48 132.033008252063 367.35999999999996
0 127.231807951988 363.2 148.8372093023256 389.44000000000005
0 139.9549887471868 378.56 161.56039009752436 403.2
0 164.20105026256564 385.6 182.9257314328582 412.16
0 192.768192048012 383.04 211.97299324831206 409.6
0 216.53413353338334 381.76 237.17929482370593 406.71999999999997
0 149.55738934733682 351.36 168.76219054763692 377.28000000000003
0 173.56339084771193 356.48 192.768192048012 382.71999999999997
0 82.34058514628657 298.88 100.58514628657164 325.76
0 107.06676669167292 302.08 124.11102775693922 331.52
0 122.91072768192049 311.36 142.59564891222806 339.52
0 153.39834958739684 324.15999999999997 172.60315078769693 348.48
0 168.04201050262566 317.12 188.68717179294822 343.04
0 173.08327081770443 337.28000000000003 191.56789197299327 361.92
0 183.64591147786945 332.8 203.5708927231808 358.40000000000003
0 200.2100525131283 341.12 220.37509377344335 366.71999999999997
0 230.93773443360843 332.16 250.1425356339085 360.64
0 145.71642910727684 303.68 165.64141035258814 326.71999999999997
0 133.95348837209303 284.8 156.5191297824456 310.71999999999997
0 156.5191297824456 277.76 175.72393098274569 306.24
0 193.728432108027 304.0 211.97299324831206 326.71999999999997
0 223.73593398349587 312.0 240.54013503375845 333.76
0 237.4193548387097 312.0 255.66391597899474 337.92
0 209.57239309827457 288.32 229.49737434358588 312.96
0 184.8462115528882 272.32 204.5311327831958 298.56
0 90.74268567141786 261.76 111.62790697674419 288.96000000000004
0 91.9429857464366 237.76 111.62790697674419 262.4
0 104.18604651162792 214.08 122.430607651913 240.96
0 119.54988747186796 240.64 138.9947486871718 264.0
0 137.31432858214555 240.0 158.19954988747187 267.84
0 156.5191297824456 252.8 176.2040510127532 281.6
0 124.8312078019505 190.07999999999998 145.47636909227307 216.0
0 148.8372093023256 166.4 168.76219054763692 197.12
0 141.63540885221306 207.04000000000002 162.52063015753941 236.8
0 160.84021005251313 196.16 179.5648912228057 222.07999999999998
0 177.40435108777194 146.88 196.609152288072 176.96
0 183.8859714928732 135.04 207.8919729932483 162.56
0 173.8034508627157 181.44 191.807951987997 211.84
0 190.60765191297827 169.60000000000002 209.57239309827457 197.12
0 203.5708927231808 156.48 224.69617404351087 185.27999999999997
0 219.41485371342836 142.72 239.09977494373592 173.76000000000002
0 233.33833458364592 159.36 255.18379594898727 186.56
0 217.01425356339084 178.24 237.89947486871716 207.68
0 200.6901725431358 193.28 221.0952738184546 221.76
0 177.88447111777944 210.24 197.80945236309077 234.24
0 163.4808702175544 224.95999999999998 183.64591147786945 251.84
0 170.92273068267065 240.96 193.728432108027 268.15999999999997
0 202.61065266316578 214.72000000000003 217.73443360840213 237.44
0 210.53263315828957 218.24 230.69767441860463 242.56
0 197.0892723180795 256.96000000000004 214.85371342835708 285.12
0 212.45311327831956 241.28 234.2985746436609 267.84
0 226.85671417854465 201.92000000000002 248.22205551387844 230.39999999999998
0 238.85971492873216 181.44 259.26481620405104 210.88
0 258.30457614403605 145.6 279.4298574643661 175.68
0 280.8702175543886 127.68 301.51537884471117 160.64
0 273.90847711927984 160.32 296.23405851462866 192.0
0 256.384096024006 176.0 277.0292573143286 206.08
0 271.0277569392348 187.2 294.3135783945986 216.64000000000001
0 297.9144786196549 137.92 321.4403600900225 170.24
0 302.71567891972995 163.84 326.24156039009756 194.24
0 320.48012003000747 144.96 341.60540135033756 176.96
0 331.2828207051763 162.88 355.7689422355589 193.6
0 303.6759189797449 192.0 322.40060015003746 218.24
0 287.59189797449363 208.64000000000001 308.2370592648162 236.48
0 244.62115528882222 207.68 265.026256564141 235.84
0 240.3000750187547 224.0 259.7449362340585 248.96
0 237.4193548387097 249.92000000000002 259.02475618904725 274.56
0 227.33683420855215 261.76 243.6609152288072 283.84000000000003
0 239.57989497374342 283.2 259.26481620405104 305.91999999999996
0 235.2588147036759 290.56 253.02325581395348 312.0
0 257.344336084021 300.79999999999995 276.06901725431356 326.08
0 266.946736684171 321.92 286.1515378844711 342.40000000000003
0 275.82895723930983 339.52 294.0735183795949 363.52
0 296.7141785446362 345.28 315.43885971492875 371.84
0 288.3120780195049 321.28 307.2768192048012 343.68
0 263.58589647411856 278.4 282.3105776444111 302.71999999999997
0 256.62415603900973 254.72000000000003 272.2280570142536 279.68
0 267.90697674418607 257.92 287.1117779444861 283.84000000000003
0 259.02475618904725 235.84 279.6699174793698 264.0
0 265.7464366091523 214.4 285.43135783945985 243.84
0 282.7906976744186 232.64 303.1957989497374 260.15999999999997
0 283.51087771942986 275.2 303.9159789947487 302.71999999999997
0 274.6286571642911 293.44 294.79369842460613 320.31999999999994
0 289.9924981245311 302.4 311.357839459865 328.0
0 309.1972993248312 314.88 328.4021005251313 338.56
0 300.55513878469617 281.92 321.68042010502626 311.36
0 297.9144786196549 256.96000000000004 318.07951987997 282.88
0 302.2355588897224 227.2 321.4403600900225 256.96000000000004
0 318.07951987997 227.2 339.68492123030757 254.4
0 319.039759939985 201.92000000000002 337.28432108027005 230.07999999999998
0 334.4036009002251 202.88 356.96924231057767 230.72
0 333.68342085521374 242.56 351.6879219804951 269.44
0 345.6864216054014 230.39999999999998 367.5318829707427 259.84000000000003
0 319.51987996999253 263.03999999999996 339.9249812453113 288.64
0 319.51987996999253 288.96000000000004 339.20480120030004 315.52
0 334.4036009002251 284.16 356.96924231057767 309.76
0 326.00150037509377 314.24 345.4463615903976 349.44000000000005
0 342.3255813953488 303.03999999999996 361.0502625656414 329.6
0 355.0487621905477 322.88 374.49362340585145 346.56
0 357.9294823705926 298.56 377.37434358589644 325.76
0 347.3668417104276 267.2 367.5318829707427 292.48
0 361.0502625656414 248.64000000000001 382.1755438859715 275.84
0 365.3713428357089 271.68 382.655663915979 295.36
0 379.0547636909227 283.84000000000003 397.29932483120774 310.71999999999997
0 372.8132033008252 310.71999999999997 391.0577644411103 338.24
0 370.8927231807952 327.68 389.37734433608404 350.08000000000004
0 348.8072018004501 182.71999999999997 370.8927231807952 213.12
0 344.24606151537887 129.92000000000002 369.4523630907727 164.16
0 357.9294823705926 157.76 380.735183795949 185.92
0 383.37584396099027 123.84 407.62190547636914 155.84
0 381.93548387096774 153.92 404.5011252813203 186.23999999999998
0 400.90022505626405 152.0 424.42610652663166 184.32
0 368.4921230307577 194.24 392.0180045011253 227.83999999999997
0 385.536384096024 185.92 407.62190547636914 212.48000000000002
0 365.8514628657164 224.95999999999998 387.93698424606146 252.48000000000002
0 385.0562640660165 225.6 406.18154538634656 257.28000000000003
0 384.33608402100526 250.88 405.4613653413353 280.64
0 396.57914478619654 291.84000000000003 417.9444861215304 320.0
0 391.29782445611403 316.8 408.1020255063766 341.12
0 398.25956489122285 324.79999999999995 416.26406601650416 347.52000000000004
0 407.3818454613654 304.0 428.02700675168796 327.35999999999996
0 409.0622655663916 277.76 428.9872468117029 302.71999999999997
0 425.1462865716429 287.68 442.43060765191296 314.56
0 400.4201050262566 256.32 418.4246061515379 281.28
0 407.86196549137287 240.32 429.46736684171043 272.32
0 418.6646661665417 224.0 440.99024756189044 252.16000000000003
0 404.5011252813203 198.4 429.2273068267067 230.39999999999998
0 409.54238559639913 175.68 431.86796699174795 207.36
0 430.9077269317329 173.76000000000002 453.7134283570893 200.32
0 427.7869467366842 198.72 449.39234808702173 230.07999999999998
0 429.2273068267067 270.71999999999997 451.072768192048 298.88
0 440.510127531883 251.84 461.87546886721685 286.72
0 441.95048762190544 215.68 466.43660915228804 245.76
0 458.5146286571643 191.35999999999999 481.5603900975244 224.32
0 461.15528882220553 154.88 482.76069017254315 184.0
0 483.0007501875469 184.0 505.3263315828957 215.04000000000002
0 469.0772693173293 207.68 490.9227306826707 238.07999999999998
0 453.47336834208556 232.0 473.87846961740433 258.88
0 457.31432858214555 249.28 478.4396099024756 276.48
0 452.2730682670667 280.32 471.7179294823706 309.12
0 453.2333083270818 307.2 474.1185296324081 332.16
0 448.91222805701426 321.28 465.2363090772693 344.32000000000005
0 434.748687171793 322.56 453.7134283570893 350.08000000000004
0 461.15528882220553 336.64 478.6796699174794 361.92
0 474.8387096774194 328.0 492.8432108027007 348.16
0 470.75768942235555 313.92 489.9624906226557 340.15999999999997
0 480.3600900225057 292.16 500.76519129782446 321.92
0 489.4823705926482 300.15999999999997 507.4868717179295 324.15999999999997
0 486.84171042760687 268.15999999999997 505.3263315828957 298.24
0 480.6001500375094 236.48 501.00525131282825 264.64
0 499.324831207802 213.12 523.0907726931732 241.28
0 513.4883720930233 188.48 537.0142535633909 218.24
0 512.0480120030007 234.88 534.8537134283571 264.96
0 533.4133533383346 223.67999999999998 556.4591147786947 255.36
0 548.0570142535634 224.0 565.821455363841 256.64
0 528.132033008252 248.64000000000001 545.8964741185297 274.24
0 504.84621155288824 260.15999999999997 526.4516129032259 288.64
0 501.4853713428357 291.2 519.9699924981245 318.08
0 520.9302325581396 274.88 541.0952738184546 304.32
0 556.6991747936984 248.0 576.6241560390098 275.84
0 542.0555138784696 271.03999999999996 563.1807951987997 298.88
0 524.5311327831957 300.79999999999995 543.2558139534883 326.71999999999997
0 506.52663165791444 322.56 526.9317329332333 349.76
0 527.4118529632408 329.91999999999996 548.2970742685671 355.84000000000003
