0 25.68642160540135 240.32 49.9324831207802 276.48
0 40.33008252063016 276.8 68.89722430607651 311.36
0 53.53338334583646 260.47999999999996 81.62040510127532 294.40000000000003
0 72.01800450112528 242.56 97.22430607651914 274.88
0 84.74118529632408 232.95999999999998 113.06826706676668 272.0
0 84.74118529632408 270.08 110.90772693173294 305.91999999999996
0 83.06076519129782 300.15999999999997 108.98724681170293 332.16
0 109.46736684171043 248.96 139.4748687171793 286.4
0 107.78694673668417 271.36 137.0742685671418 303.36
0 148.59714928732183 206.08 174.7636909227307 248.64000000000001
0 114.74868717179294 327.04 140.19504876219054 354.88
0 144.7561890472618 311.36 172.12303075768943 339.20000000000005
0 143.31582895723932 345.6 167.08177044261066 376.0
0 163.00075018754688 360.96 188.92723180795198 393.28000000000003
0 170.44261065266315 349.44000000000005 199.00975243810956 378.88
0 150.03750937734435 279.36 177.88447111777944 315.84
0 174.52363090772693 301.76 205.25131282820706 331.84
0 181.00525131282822 259.20000000000005 207.8919729932483 293.44
0 186.76669167291823 229.12 216.77419354838707 264.0
0 199.7299324831208 196.48 231.41785446361592 230.72
0 223.25581395348837 185.27999999999997 251.34283570892723 226.88
0 249.42235558889723 171.20000000000002 282.0705176294074 209.60000000000002
0 230.69767441860463 222.71999999999997 259.5048762190548 259.84000000000003
0 256.62415603900973 206.08 289.75243810952736 243.84
0 236.93923480870217 260.47999999999996 267.1867966991748 292.48
0 213.8934733683421 278.08 242.46061515378844 311.03999999999996
0 203.5708927231808 306.24 233.09827456864215 336.64
0 189.16729182295572 333.76 217.73443360840213 365.12
0 183.16579144786198 379.84000000000003 204.77119279819956 409.6
0 188.92723180795198 405.12 211.25281320330083 434.24
0 204.29107276819207 359.68000000000006 230.45761440360087 389.44000000000005
0 208.37209302325584 389.44000000000005 233.33833458364592 420.15999999999997
0 207.8919729932483 430.72 232.37809452363092 459.20000000000005
0 230.45761440360087 440.0 253.50337584396098 468.16
0 224.45611402850713 409.91999999999996 252.0630157539385 439.36
0 213.17329332333085 340.48 241.98049512378094 375.36
0 229.73743435858964 314.88 257.8244561140285 349.44000000000005
0 236.93923480870217 291.84000000000003 267.1867966991748 330.24
0 262.6256564141035 273.92 292.1530382595649 308.48
0 284.2310577644411 233.6 314.47861965491376 271.36
0 292.1530382595649 192.64 322.1605401350337 233.28
0 314.47861965491376 169.28 343.5258814703676 212.16000000000003
0 338.9647411852963 190.07999999999998 371.3728432108027 229.76
0 320.0 225.27999999999997 349.2873218304576 265.91999999999996
0 290.95273818454615 265.28 320.0 302.4
0 327.68192048012 259.52000000000004 355.52888222055515 298.24
0 274.86871717929483 314.24 306.55663915978994 345.28
0 258.06451612903226 329.91999999999996 286.1515378844711 357.76000000000005
0 246.78169542385598 347.84 273.90847711927984 377.28000000000003
0 232.61815453863466 378.24 259.7449362340585 409.28
0 256.86421605401347 374.4 279.9099774943736 403.52
0 250.1425356339085 418.24 271.2678169542385 446.71999999999997
0 256.86421605401347 448.32 282.7906976744186 472.0
0 268.62715678919733 416.0 293.5933983495874 448.96000000000004
0 281.11027756939234 438.08 305.3563390847712 466.24
0 274.86871717929483 384.0 300.31507876969243 416.0
0 275.58889722430604 357.12 300.0750187546887 383.68
0 280.3900975243811 345.6 307.99699924981246 380.79999999999995
0 300.55513878469617 362.23999999999995 327.68192048012 394.56000000000006
0 308.47711927981993 397.12 336.56414103525884 427.2
0 296.9542385596399 424.64 322.1605401350337 456.64
0 311.83795948987245 447.04 339.9249812453113 477.76000000000005
0 324.0810202550637 413.76 348.8072018004501 443.2
0 320.960240060015 366.4 348.3270817704426 397.76000000000005
0 303.9159789947487 317.12 332.483120780195 354.24
0 320.72018004501126 294.40000000000003 347.6069017254314 330.24
0 329.60240060015 333.76 358.40960240060014 363.84000000000003
0 369.2123030757689 166.72 402.34058514628657 201.28
0 361.2903225806452 213.44 392.0180045011253 246.4
0 349.2873218304576 244.8 381.4553638409603 288.32
0 345.4463615903976 281.6 373.77344336084025 312.0
0 346.8867216804201 313.28 374.2535633908477 343.04
0 350.00750187546885 366.71999999999997 375.69392348087024 398.40000000000003
0 347.8469617404351 403.84000000000003 370.41260315078773 436.48
0 366.5716429107277 420.15999999999997 388.65716429107283 446.4
0 366.09152288072016 385.28 391.29782445611403 414.72
0 383.615903975994 414.4 409.78244561140286 440.31999999999994
0 395.61890472618154 435.84000000000003 421.7854463615904 463.36
0 363.2108027006752 333.76 389.37734433608404 365.76
0 383.37584396099027 365.76 410.5026256564141 398.08
0 387.21680420105025 339.84000000000003 415.7839459864966 372.47999999999996
0 372.57314328582146 307.2 402.82070517629404 339.52
0 375.2138034508627 279.68 402.82070517629404 313.6
0 381.21530382595654 239.36 410.9827456864216 275.84
0 397.059264816204 214.08 429.94748687171796 248.64000000000001
0 425.8664666166542 203.2 457.5543885971493 244.8
0 420.3450862715679 238.07999999999998 451.072768192048 276.48
0 406.4216054013503 268.8 436.18904726181546 303.03999999999996
0 438.3495873968492 264.32 470.9977494373594 297.28000000000003
0 401.8604651162791 302.08 431.1477869467367 336.96
0 431.86796699174795 299.20000000000005 457.794448612153 334.4
0 412.1830457614403 330.24 442.1905476369092 365.12
0 417.9444861215304 357.44 445.7914478619655 383.68
0 408.1020255063766 395.52 435.9489872468117 427.84
0 422.50562640660166 419.52 449.39234808702173 452.16
0 434.5086271567892 396.48 459.714928732183 428.8
0 447.95198799699926 416.64 473.39834958739686 447.68
0 440.03000750187545 334.72 467.63690922730683 370.24
0 455.6339084771193 374.72 481.80045011252815 408.32
0 461.87546886721685 394.88 490.20255063765944 425.91999999999996
0 462.3555888972243 203.84 494.0435108777194 244.16
0 544.9362340585146 195.2 579.0247561890473 232.95999999999998
0 481.3203300825206 240.32 514.9287321830458 277.12
0 529.5723930982746 246.72 561.9804951237809 280.0
0 558.8597149287322 241.28 592.9482370592648 277.12
0 471.4778694673669 272.32 506.7666916729182 313.6
0 456.5941485371343 303.36 485.4013503375844 337.92
0 469.5573893473368 332.16 495.9639909977494 368.64
0 488.2820705176294 309.76 516.8492123030758 342.40000000000003
0 509.887471867967 280.64 536.0540135033759 318.08
0 481.0802700675169 365.43999999999994 508.44711177794454 396.8
0 503.4058514628657 348.16 534.1335333833458 380.48
0 519.489872468117 308.48 548.5371342835709 346.24
0 541.3353338334583 282.24 573.2633158289573 316.48
