0 28.087021755438858 242.88 62.655663915979 285.12
0 48.972243060765194 214.08 80.90022505626406 259.52000000000004
0 66.0165041260315 207.04000000000002 105.14628657164292 248.64000000000001
0 80.18004501125282 142.72 117.86946736684172 190.39999999999998
0 117.14928732183046 171.52 144.51612903225805 212.48000000000002
0 114.26856714178544 127.68 149.07726931732932 173.76000000000002
0 120.03000750187547 77.44 158.67966991747937 128.96
0 162.76069017254315 85.12 195.16879219804952 136.64
0 195.16879219804952 118.4 228.0570142535634 162.24
0 213.8934733683421 146.56 248.4621155288822 183.67999999999998
0 240.06001500375095 169.28 273.4283570892723 215.36
0 252.0630157539385 129.92000000000002 283.9909977494374 173.76000000000002
0 258.7846961740435 83.52000000000001 290.7126781695424 128.32
0 236.69917479369843 19.84 262.8657164291073 64.64
0 260.4651162790698 39.04 287.83195798949737 79.03999999999999
0 285.6714178544636 138.24 315.19879969992496 183.04
0 317.35933983495875 114.56 344.00600150037513 163.2
0 317.35933983495875 154.88 349.04726181545385 192.64
0 302.2355588897224 186.88 331.2828207051763 225.92
0 326.72168042010503 209.28 355.2888222055514 244.8
0 342.0855213803451 184.64 368.97224306076515 226.56
0 356.0090022505626 144.96 385.29632408102026 183.04
0 375.69392348087024 168.96 403.06076519129783 207.04000000000002
0 363.93098274568644 206.4 389.37734433608404 240.32
0 368.97224306076515 239.36 393.9384846211553 272.96
0 396.099024756189 202.56 422.2655663915979 236.16
0 397.53938484621153 234.56 419.3848462115529 268.15999999999997
0 418.4246061515379 204.8 444.351087771943 246.72
0 252.78319579894972 219.84000000000003 286.3915978994749 255.68
0 281.8304576144036 234.88 309.91747936984245 270.71999999999997
0 300.55513878469617 269.44 328.4021005251313 306.88
0 149.7974493623406 140.48 185.32633158289573 185.6
0 146.43660915228807 181.11999999999998 180.28507126781693 218.88000000000002
0 185.80645161290323 173.44 218.69467366841712 216.64000000000001
0 173.32333083270817 208.64000000000001 198.28957239309827 245.44
0 198.76969242310577 224.0 229.0172543135784 264.32
0 216.53413353338334 204.8 246.54163540885222 247.68
0 224.45611402850713 255.68 253.26331582895722 294.72
0 185.5663915978995 259.52000000000004 210.53263315828957 296.0
0 209.8124531132783 283.52 235.2588147036759 321.92
0 126.75168792198049 242.24 162.04051012753186 288.64
0 108.74718679669918 256.96000000000004 138.5146286571643 297.92
0 152.91822955738934 276.48 185.5663915978995 320.31999999999994
0 169.48237059264815 312.96 201.41035258814702 347.52000000000004
0 126.51162790697674 297.6 153.6384096024006 336.64
0 134.67366841710427 323.2 165.16129032258064 358.40000000000003
0 85.46136534133532 303.03999999999996 120.99024756189047 341.12
0 82.10052513128282 322.56 111.38784696174044 357.12
0 31.207801950487625 314.88 69.85746436609152 352.32
0 45.131282820705174 345.6 81.62040510127532 377.92
0 33.84846211552888 374.72 67.69692423105776 411.84
0 41.53038259564891 404.79999999999995 74.17854463615905 440.0
0 71.05776444111028 423.04 102.50562640660165 455.36
0 67.45686421605402 449.91999999999996 98.18454613653414 476.15999999999997
0 104.66616654163542 474.56000000000006 138.03450862715678 502.40000000000003
0 108.50712678169542 440.0 138.03450862715678 473.6
0 106.58664666166543 412.47999999999996 136.1140285071268 441.92
0 78.7396849212303 399.68000000000006 111.38784696174044 432.64000000000004
0 68.89722430607651 367.35999999999996 104.18604651162792 401.92
0 102.98574643660915 377.28000000000003 135.87396849212303 406.71999999999997
0 103.94598649662414 342.08 133.95348837209303 374.08000000000004
0 131.31282820705175 364.48 162.04051012753186 398.08
0 132.27306826706678 391.68 164.4411102775694 419.20000000000005
0 139.71492873218304 418.24 167.08177044261066 440.31999999999994
0 167.08177044261066 433.28000000000003 195.40885221305328 459.84000000000003
0 195.40885221305328 437.76000000000005 222.29557389347337 469.12
0 192.2880720180045 406.4 216.77419354838707 438.72
0 162.52063015753941 403.52 190.847711927982 432.64000000000004
0 163.24081020255065 377.92 187.4868717179295 411.2
0 188.44711177794449 369.6 212.21305326331583 403.52
0 209.8124531132783 382.08 232.37809452363092 413.76
0 229.0172543135784 400.31999999999994 254.9437359339835 426.88
0 222.05551387846964 426.88 247.0217554388597 458.88
0 227.81695423855965 459.52 254.9437359339835 485.43999999999994
0 256.384096024006 447.04 281.8304576144036 476.15999999999997
0 255.9039759939985 426.56 281.11027756939234 449.28
0 235.73893473368344 362.23999999999995 257.344336084021 395.20000000000005
0 257.8244561140285 376.64 277.26931732933235 401.92
0 249.42235558889723 353.92 276.3090772693173 384.0
0 271.0277569392348 357.12 292.6331582895724 386.88
0 198.28957239309827 327.35999999999996 231.17779444861216 362.23999999999995
0 229.0172543135784 319.68 261.6654163540885 355.52
0 257.10427606901726 309.76 287.1117779444861 341.76
0 271.2678169542385 328.64 296.4741185296324 362.23999999999995
0 287.59189797449363 302.08 313.27831957989497 336.0
0 258.30457614403605 268.8 286.3915978994749 306.88
0 325.76144036009003 257.92 356.7291822955739 290.24
0 351.92798199549884 271.36 379.29482370592643 303.68
0 325.76144036009003 288.32 354.3285821455364 324.15999999999997
0 317.35933983495875 318.72 340.4051012753188 349.44000000000005
0 342.0855213803451 337.59999999999997 367.7719429857464 371.84
0 302.71567891972995 355.52 330.562640660165 384.64
0 316.39909977494375 382.40000000000003 340.8852213053263 410.24
0 287.1117779444861 386.24 313.99849962490623 419.84000000000003
0 285.6714178544636 429.76 307.03675918979746 456.64
0 309.6774193548387 408.0 332.483120780195 439.68000000000006
0 332.96324081020254 407.35999999999996 357.9294823705926 435.52
0 357.44936234058514 410.24 381.695423855964 441.28
0 379.5348837209303 416.96 403.06076519129783 445.43999999999994
0 385.0562640660165 440.31999999999994 408.34208552138034 469.76
0 395.37884471117775 394.56000000000006 421.06526631657914 421.12
0 402.5806451612903 415.67999999999995 424.6661665416354 442.88
0 420.10502625656414 427.2 440.99024756189044 454.08000000000004
0 437.629407351838 424.64 457.5543885971493 446.4
0 457.5543885971493 453.12 481.80045011252815 477.76000000000005
0 430.9077269317329 396.8 457.31432858214555 423.04
0 413.1432858214554 382.40000000000003 433.0682670667667 407.68
0 399.21980495123785 361.59999999999997 428.02700675168796 390.4
0 370.41260315078773 378.88 392.9782445611403 408.64
0 339.44486121530383 377.28000000000003 368.97224306076515 406.71999999999997
0 361.7704426106527 348.8 386.25656414103526 383.36
0 357.6894223555889 314.56 384.33608402100526 346.24
0 379.29482370592643 324.15999999999997 404.5011252813203 360.0
0 382.1755438859715 266.56 409.0622655663916 298.88
0 387.93698424606146 293.12 413.3833458364591 329.28
0 331.52288072018 426.24 356.7291822955739 447.35999999999996
0 359.1297824456114 434.56000000000006 380.97524381095275 451.52
0 274.3885971492873 392.96 297.19429857464365 423.68
0 416.26406601650416 321.92 439.30982745686424 354.88
0 425.1462865716429 280.32 453.47336834208556 315.52
0 434.748687171793 299.52000000000004 459.9549887471868 330.24
0 449.87246811702926 304.96 470.9977494373594 333.12
0 457.794448612153 332.8 482.76069017254315 364.15999999999997
0 433.78844711177794 336.96 458.754688672168 368.96000000000004
0 453.47336834208556 382.71999999999997 475.0787696924231 415.03999999999996
0 463.5558889722431 407.68 487.0817704426106 438.40000000000003
0 482.76069017254315 434.88 504.126031507877 464.64
0 444.59114778694675 247.36 466.67666916729183 283.2
0 458.754688672168 279.04 484.9212303075769 305.91999999999996
0 466.67666916729183 293.12 488.5221305326331 325.43999999999994
0 481.0802700675169 240.96 507.2468117029257 277.76
0 481.80045011252815 270.71999999999997 503.8859714928732 295.04
0 479.6399099774943 380.79999999999995 503.165791447862 410.55999999999995
0 495.0037509377344 406.71999999999997 518.2895723930983 435.20000000000005
0 496.9242310577644 429.76 513.9684921230307 448.96000000000004
0 511.56789197299327 406.4 529.0922730682671 430.4
0 527.6519129782446 387.2 547.5768942235559 414.4
0 500.285071267817 373.44 518.5296324081021 402.23999999999995
0 475.0787696924231 357.44 499.80495123780946 380.15999999999997
0 494.5236309077269 359.36 511.56789197299327 381.44
0 491.64291072768196 320.96 516.1290322580645 352.96
0 502.205551387847 339.84000000000003 521.6504126031508 367.68
0 524.0510127531883 336.32 546.1365341335334 366.4
0 518.2895723930983 362.56 536.0540135033759 382.71999999999997
0 514.2085521380345 306.24 531.972993248312 337.59999999999997
0 506.04651162790697 281.28 529.0922730682671 317.12
0 425.1462865716429 359.68000000000006 444.59114778694675 388.8
