0 156.03900975243812 50.88 217.97449362340586 129.92000000000002
0 227.0967741935484 49.28 284.2310577644411 126.72
0 69.13728432108027 107.52000000000001 132.5131282820705 174.72000000000003
0 143.07576894223556 130.56 200.2100525131283 196.16
0 191.56789197299327 96.0 245.82145536384098 172.8
0 264.066016504126 105.60000000000001 324.56114028507125 182.39999999999998
0 317.35933983495875 80.96000000000001 378.0945236309077 165.44
0 371.132783195799 106.56 425.3863465866467 170.56
0 423.94598649662413 130.56 482.5206301575394 197.76
0 73.69842460615153 183.67999999999998 128.6721680420105 255.36
0 171.64291072768194 160.64 227.81695423855965 243.2
0 129.15228807201802 203.52 183.8859714928732 281.92
0 229.9774943735934 163.84 292.6331582895724 241.28
0 314.47861965491376 148.8 367.2918229557389 232.0
0 365.3713428357089 158.72 425.8664666166542 234.24
0 422.2655663915979 192.0 484.4411102775694 262.71999999999997
0 76.09902475618905 250.88 129.15228807201802 330.88
0 54.25356339084771 319.36 108.50712678169542 396.48
0 94.34358589647411 347.52000000000004 154.5986496624156 424.32000000000005
0 127.231807951988 300.15999999999997 182.9257314328582 376.0
0 160.84021005251313 343.68 215.09377344336085 417.92
0 173.32333083270817 246.08 220.85521380345085 322.56
0 198.529632408102 310.08 257.10427606901726 379.52
0 208.8522130532633 395.52 262.6256564141035 459.84000000000003
0 207.8919729932483 463.36 261.18529632408104 546.24
0 250.1425356339085 502.08 307.2768192048012 568.96
0 304.8762190547637 540.16 351.92798199549884 610.56
0 344.72618154538634 554.24 401.14028507126784 635.2
0 300.0750187546887 451.52 350.4876219054763 532.16
0 265.50637659414855 395.84000000000003 320.72018004501126 471.68
0 200.2100525131283 311.68 257.8244561140285 378.88
0 243.1807951987997 337.92 298.8747186796699 407.68
0 229.9774943735934 244.48000000000002 286.3915978994749 314.88
0 270.30757689422353 220.48 329.84246061515375 296.32
0 265.986496624156 283.52 323.1207801950487 353.28000000000003
0 328.642160540135 232.32 380.735183795949 301.76
0 379.774943735934 234.56 437.38934733683425 302.71999999999997
0 325.5213803450863 300.79999999999995 382.41560390097527 375.03999999999996
0 301.51537884471117 367.68 361.7704426106527 437.12
0 343.2858214553639 431.68 397.29932483120774 507.52000000000004
0 380.4951237809453 490.24 432.8282070517629 571.1999999999999
0 408.1020255063766 544.64 471.4778694673669 615.04
0 469.5573893473368 548.48 518.2895723930983 620.8
0 520.2100525131283 499.20000000000005 576.8642160540135 576.0
0 467.63690922730683 483.84000000000003 523.330832708177 547.84
0 414.8237059264816 452.16 469.0772693173293 526.0799999999999
0 361.5303825956489 360.31999999999994 414.1035258814703 440.0
0 413.3833458364591 362.88 465.71642910727684 442.23999999999995
0 492.8432108027007 406.71999999999997 545.6564141035259 477.44
0 551.8979744936233 425.6 609.7524381095274 498.56
0 374.013503375844 296.32 428.74718679669917 375.67999999999995
0 453.7134283570893 176.32000000000002 501.245311327832 236.8
0 513.9684921230307 155.51999999999998 567.5018754688672 220.48
0 459.4748687171793 237.76 513.7284321080269 303.36
0 430.4276069017254 287.68 486.60165041260314 364.15999999999997
0 464.2760690172543 339.84000000000003 528.132033008252 416.0
0 513.2483120780195 220.48 568.7021755438859 294.40000000000003
0 501.9654913728432 307.2 563.1807951987997 374.08000000000004
0 558.1395348837209 281.6 620.7951987997 359.04
0 558.3795948987247 356.8 613.5933983495873 429.76
