0 52.33308327081771 333.44 92.18304576144035 384.0
0 86.18154538634658 335.36 126.51162790697674 387.84
0 97.22430607651914 381.12 139.71492873218304 426.24
0 153.87846961740433 370.55999999999995 187.4868717179295 414.4
0 174.7636909227307 348.48 211.25281320330083 396.48
0 142.11552888222056 336.0 181.72543135783945 370.24
0 205.0112528132033 376.0 240.54013503375845 411.2
0 213.65341335333835 350.4 252.0630157539385 393.6
0 219.41485371342836 438.08 259.5048762190548 480.0
0 264.30607651912976 394.56000000000006 300.0750187546887 441.59999999999997
0 283.03075768942233 429.76 323.60090022505625 464.0
0 302.9557389347337 446.08 328.4021005251313 481.59999999999997
0 305.1162790697675 384.0 335.8439609902476 431.03999999999996
0 313.51837959489876 336.64 348.3270817704426 388.16
0 312.07801950487624 292.16 351.6879219804951 341.12
0 275.10877719429857 303.03999999999996 310.6376594148537 361.28
0 270.5476369092273 342.71999999999997 305.59639909977494 380.79999999999995
0 225.41635408852213 319.04 263.58589647411856 369.28
0 192.2880720180045 308.8 227.57689422355588 355.52
0 138.9947486871718 302.71999999999997 180.0450112528132 349.76
0 87.38184546136534 286.72 127.7119279819955 337.28000000000003
0 43.45086271567892 280.64 85.46136534133532 335.36
0 67.45686421605402 230.72 109.22730682670668 287.36
0 107.78694673668417 204.16 147.8769692423106 258.88
0 117.62940735183795 255.36 164.20105026256564 311.03999999999996
0 145.2363090772693 208.32 188.92723180795198 267.52
0 168.76219054763692 265.28 208.13203300825208 318.4
0 214.37359339834958 270.71999999999997 252.0630157539385 320.31999999999994
0 197.80945236309077 217.92000000000002 238.3795948987247 264.0
0 237.89947486871716 230.72 275.82895723930983 284.8
0 283.03075768942233 257.28000000000003 325.28132033008256 307.52
0 291.4328582145537 210.88 333.20330082520627 264.96
0 323.1207801950487 239.36 362.2505626406602 294.40000000000003
0 280.15003750937734 142.72 325.28132033008256 201.28
0 297.4343585896474 93.44 344.24606151537887 152.0
0 250.1425356339085 89.60000000000001 294.3135783945986 156.8
0 212.9332333083271 100.48 256.384096024006 166.08
0 211.49287321830457 166.72 255.423855963991 226.56
0 168.76219054763692 169.60000000000002 213.4133533383346 225.6
0 126.27156789197299 152.95999999999998 168.76219054763692 212.48000000000002
0 150.03750937734435 96.0 196.36909227306828 163.2
0 221.0952738184546 27.200000000000003 268.62715678919733 96.96
0 272.94823705926484 31.36 317.11927981995495 98.24
0 534.1335333833458 205.44 584.7861965491372 258.88
0 499.80495123780946 176.96 548.0570142535634 232.64
0 447.7119279819955 139.2 490.6826706676669 208.32
0 399.21980495123785 145.92000000000002 441.47036759189797 203.52
0 375.45386346586645 101.76 420.58514628657167 171.84
0 332.00300075018754 29.439999999999998 375.45386346586645 105.60000000000001
0 339.68492123030757 147.52 387.456864216054 208.96
0 356.2490622655664 201.6 397.53938484621153 257.28000000000003
0 397.059264816204 202.88 440.03000750187545 260.79999999999995
0 448.91222805701426 204.8 493.32333083270817 263.03999999999996
0 488.2820705176294 236.8 523.5708927231808 276.8
0 504.3660915228807 247.68 542.0555138784696 297.92
0 545.8964741185297 290.88 583.5858964741185 338.88
0 533.4133533383346 337.59999999999997 571.582895723931 381.12
0 503.64591147786945 305.28 542.7756939234808 355.52
0 462.1155288822206 271.36 502.205551387847 314.24
0 429.70742685671416 265.28 470.9977494373594 317.76
0 394.8987246811703 274.56 437.14928732183046 327.68
0 352.4081020255064 268.8 393.218304576144 319.36
0 357.44936234058514 313.6 393.69842460615155 354.24
0 335.8439609902476 368.96000000000004 370.8927231807952 412.47999999999996
0 368.97224306076515 360.64 404.74118529632403 405.43999999999994
0 405.9414853713428 331.52 443.1507876969242 378.24
0 457.794448612153 327.35999999999996 496.20405101275315 374.4
0 549.2573143285822 406.4 584.5461365341336 454.4
0 515.4088522130533 380.79999999999995 550.6976744186046 429.44000000000005
0 489.0022505626406 352.0 527.6519129782446 396.8
0 490.4426106526632 415.36 521.1702925731433 454.4
0 464.75618904726184 383.36 500.5251312828207 427.84
0 429.46736684171043 361.59999999999997 467.3968492123031 400.64
0 395.61890472618154 382.71999999999997 428.50712678169543 423.68
0 360.3300825206301 401.59999999999997 398.4996249062266 442.88
0 329.3623405851463 419.52 364.89122280570143 465.28
0 391.53788447111776 416.64 424.9062265566391 454.72
0 421.7854463615904 435.52 457.794448612153 478.72
0 460.19504876219054 441.92 489.4823705926482 482.56
0 505.56639159789944 446.4 542.7756939234808 487.04
0 427.7869467366842 397.44 468.1170292573143 444.15999999999997
