0 72.01800450112528 261.44 90.26256564141035 290.56
0 95.54388597149287 218.24 120.03000750187547 247.68
0 108.74718679669918 241.28 131.07276819204802 267.84
0 99.62490622655665 265.91999999999996 120.03000750187547 296.0
0 96.98424606151536 293.12 121.23030757689422 320.31999999999994
0 108.98724681170293 312.32 130.83270817704425 346.88
0 126.75168792198049 288.32 148.11702925731433 316.48
0 116.42910727681921 259.52000000000004 138.9947486871718 287.04
0 140.4351087771943 321.59999999999997 162.52063015753941 356.48
0 163.24081020255065 302.4 181.24531132783198 334.72
0 168.76219054763692 340.15999999999997 177.6444111027757 364.15999999999997
0 174.7636909227307 332.8 193.96849212303073 363.84000000000003
0 110.42760690172543 195.51999999999998 137.0742685671418 226.88
0 109.94748687171793 126.72 132.993248312078 160.32
0 127.95198799699925 101.76 151.95798949737434 134.4
0 130.11252813203302 128.32 155.79894973743436 161.28
0 156.99924981245312 97.6 178.84471117779444 132.48
0 130.83270817704425 174.72000000000003 151.95798949737434 208.32
0 123.87096774193549 225.6 151.71792948237058 255.36
0 145.95648912228057 239.36 170.6826706676669 269.44
0 143.07576894223556 261.12 167.08177044261066 288.32
0 161.56039009752436 264.0 185.32633158289573 297.28000000000003
0 144.7561890472618 198.72 170.6826706676669 231.35999999999999
0 159.39984996249063 184.64 181.96549137284322 216.0
0 164.68117029257314 145.92000000000002 187.966991747937 180.15999999999997
0 184.12603150787697 114.24 202.85071267816954 146.56
0 197.32933233308327 91.83999999999999 217.2543135783946 120.64
0 206.21155288822206 57.92 227.57689422355588 89.92000000000002
0 223.73593398349587 53.440000000000005 245.10127531882972 88.64000000000001
0 236.69917479369843 56.0 261.4253563390848 92.16
0 211.25281320330083 85.44 236.4591147786947 115.84
0 198.28957239309827 118.08 222.05551387846964 150.39999999999998
0 198.28957239309827 145.92000000000002 218.45461365341336 178.24
0 213.65341335333835 143.68 237.17929482370593 174.4
0 178.6046511627907 174.08 201.89047261815455 204.16
0 199.7299324831208 175.36 223.25581395348837 211.52
0 169.72243060765192 215.04000000000002 192.52813203300826 244.8
0 183.64591147786945 207.68 208.37209302325584 236.8
0 183.16579144786198 243.2 207.4118529632408 271.03999999999996
0 184.12603150787697 286.4 211.01275318829707 315.52
0 206.69167291822956 248.64000000000001 229.0172543135784 280.0
0 207.8919729932483 287.36 229.73743435858964 321.28
0 190.847711927982 311.03999999999996 212.45311327831956 340.48
0 192.52813203300826 364.15999999999997 214.61365341335335 392.64000000000004
0 228.0570142535634 353.6 247.26181545386345 379.52
0 218.45461365341336 326.71999999999997 237.65941485371343 357.76000000000005
0 231.17779444861216 333.76 253.02325581395348 364.79999999999995
0 243.90097524381093 366.71999999999997 266.7066766691673 398.08
0 254.463615903976 342.71999999999997 276.06901725431356 372.47999999999996
0 242.94073518379594 315.84 268.86721680420106 345.91999999999996
0 224.21605401350337 302.08 247.74193548387098 332.8
0 238.3795948987247 285.12 261.90547636909224 316.48
0 265.7464366091523 287.04 285.9114778694674 320.31999999999994
0 227.57689422355588 264.32 251.1027756939235 296.64
0 234.05851462865715 240.32 259.7449362340585 268.15999999999997
0 258.30457614403605 253.76000000000002 281.59039759939986 281.92
0 278.9497374343586 256.0 297.9144786196549 288.64
0 284.7111777944486 285.44 305.3563390847712 316.48
0 302.71567891972995 263.03999999999996 326.9617404351088 295.68
0 271.9879969992498 314.24 295.9939984996249 341.44
0 265.7464366091523 384.0 289.75243810952736 415.36
0 283.51087771942986 365.43999999999994 305.59639909977494 394.56000000000006
0 299.8349587396849 390.72 321.4403600900225 421.76
0 305.59639909977494 355.84000000000003 326.72168042010503 386.56
0 288.79219804951236 338.24 313.27831957989497 365.43999999999994
0 304.63615903975995 317.44 328.16204051012755 345.91999999999996
0 309.91747936984245 290.24 333.68342085521374 320.31999999999994
0 328.16204051012755 280.32 351.6879219804951 315.52
0 327.68192048012 306.56 351.6879219804951 336.0
0 324.32108027006745 337.92 349.5273818454614 366.71999999999997
0 320.72018004501126 380.15999999999997 343.7659414853714 405.12
0 318.07951987997 404.15999999999997 343.5258814703676 433.28000000000003
0 220.37509377344335 208.96 240.54013503375845 240.32
0 237.4193548387097 218.56 262.8657164291073 246.4
0 231.17779444861216 180.15999999999997 255.66391597899474 218.56
0 230.93773443360843 122.56 255.18379594898727 154.56
0 241.50037509377344 94.39999999999999 263.58589647411856 128.64000000000001
0 259.26481620405104 89.28 285.9114778694674 123.52000000000001
0 266.946736684171 54.400000000000006 293.5933983495874 88.32000000000001
0 286.3915978994749 105.28 309.6774193548387 140.48
0 261.4253563390848 128.96 284.9512378094523 164.48000000000002
0 246.54163540885222 156.48 271.2678169542385 191.68
0 267.66691672918233 162.24 289.5123780945236 197.76
0 254.463615903976 192.0 279.6699174793698 223.04
0 258.30457614403605 229.44 282.55063765941486 259.52000000000004
0 282.7906976744186 222.71999999999997 303.9159789947487 256.32
0 300.55513878469617 230.39999999999998 322.880720180045 263.03999999999996
0 280.8702175543886 198.07999999999998 303.9159789947487 229.12
0 285.9114778694674 166.08 309.1972993248312 202.88
0 286.3915978994749 135.35999999999999 310.15753938484625 170.24
0 305.8364591147787 131.51999999999998 328.8822205551388 165.44
0 312.5581395348837 78.72 340.8852213053263 118.08
0 317.11927981995495 160.96 339.44486121530383 196.48
0 305.59639909977494 189.44 328.8822205551388 224.95999999999998
0 338.2445611402851 129.60000000000002 361.0502625656414 166.08
0 355.7689422355589 113.28 380.97524381095275 146.24
0 381.695423855964 112.63999999999999 404.9812453113278 149.12
0 369.2123030757689 136.96 396.57914478619654 172.48000000000002
0 348.3270817704426 154.24 375.69392348087024 191.68
0 328.4021005251313 177.92000000000002 354.3285821455364 216.64000000000001
0 320.0 210.88 344.24606151537887 242.88
0 345.9264816204051 203.2 370.17254313578394 239.36
0 365.13128282070517 180.79999999999998 390.5776444111028 218.56
0 383.13578394598653 160.96 407.86196549137287 196.8
0 407.62190547636914 148.48000000000002 436.4291072768192 184.0
0 447.95198799699926 166.4 476.0390097524381 196.16
0 419.3848462115529 176.96 446.271567891973 207.04000000000002
0 396.099024756189 187.51999999999998 419.3848462115529 217.92000000000002
0 376.89422355588897 208.32 402.34058514628657 242.24
0 362.2505626406602 233.92 387.93698424606146 267.84
0 320.960240060015 242.24 345.20630157539387 277.76
0 341.12528132033003 248.64000000000001 366.33158289572395 282.88
0 353.3683420855214 276.48 378.81470367591896 312.32
0 348.8072018004501 308.8 374.2535633908477 339.52
0 348.8072018004501 340.15999999999997 373.2933233308327 374.4
0 342.3255813953488 375.67999999999995 367.5318829707427 403.84000000000003
0 342.8057014253563 396.15999999999997 364.6511627906977 427.84
0 354.8087021755439 433.6 380.4951237809453 464.0
0 368.4921230307577 404.79999999999995 390.81770442610656 438.08
0 367.7719429857464 368.32 390.81770442610656 396.8
0 392.0180045011253 446.71999999999997 413.8634658664666 477.44
0 398.7396849212303 473.28000000000003 416.5041260315079 493.44
0 410.9827456864216 457.59999999999997 433.78844711177794 487.35999999999996
0 425.3863465866467 465.28 444.83120780195054 496.96
0 392.0180045011253 413.12 414.1035258814703 447.04
0 413.3833458364591 423.68 437.38934733683425 453.12
0 435.22880720180046 430.72 460.4351087771943 462.40000000000003
0 385.536384096024 385.28 412.4231057764441 418.24
0 409.78244561140286 393.6 435.708927231808 425.91999999999996
0 384.09602400600147 352.0 410.26256564141033 384.32000000000005
0 406.18154538634656 370.24 433.3083270817704 403.2
0 373.2933233308327 326.71999999999997 397.059264816204 359.04
0 372.8132033008252 296.0 396.57914478619654 329.91999999999996
0 393.45836459114776 230.72 417.4643660915229 265.91999999999996
0 380.735183795949 264.64 406.9017254313579 294.40000000000003
0 402.82070517629404 310.71999999999997 427.7869467366842 341.44
0 412.1830457614403 335.36 437.38934733683425 368.64
0 412.9032258064516 215.04000000000002 439.549887471868 247.68
0 437.38934733683425 203.2 462.59564891222806 235.84
0 469.5573893473368 194.56 495.48387096774195 230.72
0 455.873968492123 223.67999999999998 481.0802700675169 261.44
0 422.98574643660913 242.88 448.6721680420105 276.15999999999997
0 414.3435858964741 278.08 438.10952738184545 309.44
0 444.351087771943 270.08 470.277569392348 304.96
0 471.7179294823706 251.20000000000002 497.8844711177794 289.92
0 491.16279069767444 237.76 518.5296324081021 271.03999999999996
0 492.8432108027007 267.2 519.0097524381096 302.08
0 433.0682670667667 313.6 460.4351087771943 345.91999999999996
0 457.5543885971493 298.56 482.2805701425357 333.12
0 500.76519129782446 303.68 526.4516129032259 337.28000000000003
0 458.99474868717175 324.79999999999995 483.72093023255815 354.56000000000006
0 436.669167291823 343.68 463.79594898724685 373.76
0 443.63090772693175 375.36 470.75768942235555 403.84000000000003
0 444.59114778694675 397.76000000000005 470.5176294073518 429.44000000000005
0 465.4763690922731 356.48 491.8829707426857 388.8
0 491.64291072768196 339.84000000000003 517.3293323330834 374.4
0 491.64291072768196 369.91999999999996 519.0097524381096 400.0
0 477.7194298574643 393.6 501.72543135783945 430.72
0 468.83720930232556 420.15999999999997 495.24381095273816 454.08000000000004
0 461.87546886721685 440.31999999999994 484.68117029257314 470.72
0 454.91372843210803 486.08 482.2805701425357 515.84
0 467.63690922730683 523.84 493.32333083270817 547.84
0 489.9624906226557 500.15999999999997 513.0082520630158 532.48
0 505.3263315828957 539.52 532.4531132783195 571.52
0 493.8034508627157 466.56 519.2498124531132 499.52
0 509.6474118529633 505.28 532.9332333083271 536.0
0 518.5296324081021 486.08 544.9362340585146 518.08
0 497.16429107276815 402.88 519.7299324831208 438.40000000000003
0 496.6841710427607 428.8 519.0097524381096 458.88
0 520.2100525131283 402.88 545.4163540885222 438.72
0 524.0510127531883 450.24 547.8169542385597 480.96
0 540.1350337584396 498.24 564.3810952738185 528.96
0 541.0952738184546 541.76 565.1012753188297 572.8
0 563.1807951987997 530.56 587.4268567141785 560.9599999999999
0 575.1837959489873 497.28000000000003 599.1897974493623 530.56
0 541.3353338334583 459.52 566.0615153788447 495.67999999999995
0 574.2235558889722 465.28 598.9497374343587 498.24
0 565.3413353338335 441.28 597.7494373593398 480.96
0 548.2970742685671 385.6 573.9834958739685 424.64
0 578.304576144036 394.56000000000006 605.9114778694674 428.8
0 536.2940735183796 336.64 562.2205551387847 370.24
