0 14.163540885221305 280.96 45.37134283570893 324.15999999999997
0 47.771942985746435 304.96 78.49962490622656 344.0
0 50.652663165791445 259.84000000000003 79.93998499624907 298.56
0 56.65416354088522 217.60000000000002 88.5821455363841 262.71999999999997
0 94.10352588147036 222.71999999999997 128.43210802700673 269.44
0 113.06826706676668 194.88 146.67666916729183 246.08
0 127.47186796699175 176.96 166.12153038259564 227.83999999999997
0 165.4013503375844 171.20000000000002 199.7299324831208 222.71999999999997
0 210.53263315828957 111.67999999999999 247.5018754688672 166.4
0 226.37659414853715 171.20000000000002 265.2663165791448 219.84000000000003
0 213.8934733683421 191.35999999999999 250.1425356339085 242.56
0 179.32483120780194 211.84 214.37359339834958 249.92000000000002
0 206.69167291822956 237.44 233.33833458364592 279.04
0 227.0967741935484 243.2 259.5048762190548 284.16
0 142.59564891222806 222.39999999999998 177.1642910727682 267.84
0 175.00375093773442 257.28000000000003 206.9317329332333 296.96000000000004
0 216.29407351837958 283.2 246.30157539384845 321.59999999999997
0 132.993248312078 250.24 167.08177044261066 290.88
0 153.6384096024006 287.68 184.60615153788444 329.6
0 179.32483120780194 310.08 213.65341335333835 352.0
0 94.58364591147786 260.15999999999997 128.91222805701426 295.68
0 69.85746436609152 293.12 102.50562640660165 333.44
0 104.66616654163542 293.44 138.03450862715678 332.47999999999996
0 96.50412603150787 325.43999999999994 124.59114778694675 363.2
0 118.82970742685671 337.28000000000003 150.99774943735935 377.59999999999997
0 65.53638409602401 331.84 105.62640660165042 367.35999999999996
0 85.70142535633907 380.48 116.66916729182296 414.4
0 83.30082520630157 412.16 114.26856714178544 446.71999999999997
0 138.9947486871718 359.68000000000006 167.08177044261066 392.0
0 167.32183045761442 371.2 197.0892723180795 406.08
0 158.4396099024756 336.64 189.40735183795948 375.03999999999996
0 187.4868717179295 351.68 219.1747936984246 390.72
0 195.88897224306078 389.76 226.13653413353336 426.88
0 208.61215303825958 407.68 238.3795948987247 438.72
0 237.4193548387097 391.03999999999996 267.1867966991748 424.32000000000005
0 221.0952738184546 360.0 255.66391597899474 399.68000000000006
0 217.97449362340586 327.04 244.861215303826 361.59999999999997
0 240.54013503375845 314.88 272.4681170292573 351.36
0 257.344336084021 336.64 285.43135783945985 372.47999999999996
0 263.8259564891223 384.0 290.4726181545386 418.88
0 270.5476369092273 110.07999999999998 307.03675918979746 164.8
0 302.71567891972995 131.2 338.48462115528883 175.68
0 324.56114028507125 89.92000000000002 363.2108027006752 142.4
0 337.52438109527384 130.56 379.0547636909227 178.24
0 373.053263315829 101.44 409.54238559639913 154.24
0 269.34733683420853 173.12 305.1162790697675 214.72000000000003
0 293.83345836459114 220.48 327.20180045011256 267.84
0 249.1822955738935 217.92000000000002 287.1117779444861 268.48
0 274.3885971492873 251.52 307.51687921980493 296.0
0 307.03675918979746 270.08 339.68492123030757 315.84
0 319.039759939985 178.24 353.8484621155289 227.51999999999998
0 330.3225806451613 220.48 364.17104276069017 262.4
0 358.40960240060014 186.23999999999998 399.4598649662416 239.36
0 393.218304576144 153.6 431.62790697674416 207.04000000000002
0 390.33758439609903 200.64 424.18604651162786 244.16
0 397.059264816204 237.76 428.74718679669917 275.52
0 362.97074268567144 247.36 396.81920480120027 290.24
0 337.52438109527384 274.88 371.3728432108027 315.84
0 368.25206301575395 288.96000000000004 400.90022505626405 331.84
0 340.4051012753188 303.68 373.053263315829 338.88
0 308.47711927981993 307.52 340.1650412603151 347.84
0 249.42235558889723 281.92 281.11027756939234 321.59999999999997
0 275.3488372093023 306.24 305.8364591147787 344.0
0 283.03075768942233 343.68 313.51837959489876 379.52
0 286.3915978994749 379.52 315.6789197299325 416.64
0 285.43135783945985 414.4 314.23855963990997 442.23999999999995
0 318.07951987997 406.4 349.2873218304576 434.24
0 318.31957989497374 346.56 350.00750187546885 380.48
0 332.2430607651913 370.88 360.81020255063765 404.79999999999995
0 352.16804201050263 388.8 381.4553638409603 420.79999999999995
0 350.7276819204801 342.71999999999997 380.97524381095275 380.48
0 367.7719429857464 372.47999999999996 400.4201050262566 405.12
0 382.655663915979 398.40000000000003 415.7839459864966 432.32
0 414.3435858964741 415.67999999999995 446.271567891973 445.43999999999994
0 407.1417854463616 376.0 438.3495873968492 408.32
0 379.29482370592643 340.15999999999997 411.2228057014254 379.52
0 411.4628657164291 345.28 443.1507876969242 383.04
0 402.10052513128284 304.0 436.4291072768192 340.48
0 435.708927231808 307.2 466.1965491372843 347.84
0 440.510127531883 340.15999999999997 472.19804951237813 376.32
0 442.1905476369092 378.24 471.7179294823706 414.4
0 446.99174793698427 425.91999999999996 478.4396099024756 461.76
0 478.19954988747185 425.28 509.4073518379595 460.15999999999997
0 473.15828957239313 383.04 501.245311327832 416.64
0 473.15828957239313 350.08000000000004 506.04651162790697 391.36
0 467.1567891972993 306.88 498.12453113278315 345.28
0 474.5986496624156 274.56 509.4073518379595 320.64
0 432.58814703675915 261.76 467.1567891972993 302.71999999999997
0 425.3863465866467 223.67999999999998 460.19504876219054 266.56
0 422.50562640660166 188.79999999999998 459.23480870217554 231.04
0 452.5131282820705 137.28 496.6841710427607 197.12
0 456.5941485371343 178.24 493.32333083270817 223.67999999999998
0 456.834208552138 218.24 500.5251312828207 265.91999999999996
0 492.12303075768943 150.07999999999998 532.9332333083271 203.52
0 495.7239309827457 199.04 533.4133533383346 250.88
0 505.8064516129032 242.56 538.9347336834209 291.2
0 504.84621155288824 287.68 541.0952738184546 325.12
0 536.2940735183796 266.24 577.8244561140285 310.71999999999997
0 545.8964741185297 201.92000000000002 591.5078769692424 255.04000000000002
0 570.3825956489122 243.84 611.9129782445611 294.40000000000003
0 592.7081770442611 276.8 632.5581395348837 324.15999999999997
0 583.5858964741185 314.88 617.9144786196549 350.4
0 536.2940735183796 319.36 574.9437359339835 358.40000000000003
0 509.4073518379595 346.24 542.535633908477 385.6
0 502.4456114028507 383.36 537.0142535633909 417.28000000000003
0 511.56789197299327 414.72 544.4561140285072 448.0
0 539.6549137284321 393.6 576.6241560390098 424.64
0 546.6166541635409 355.20000000000005 581.9054763690923 393.6
0 176.44411102775695 400.64 198.76969242310577 424.32000000000005
