0 18.964741185296322 346.56 67.69692423105776 412.16
0 20.16504126031508 400.64 70.81770442610653 459.52
0 60.01500375093774 296.96000000000004 112.34808702175543 354.24
0 59.53488372093023 400.0 109.22730682670668 461.12
0 60.01500375093774 459.84000000000003 109.94748687171793 525.12
0 88.34208552138035 247.04000000000002 144.03600900225055 309.76
0 86.66166541635408 358.72 140.4351087771943 427.2
0 114.74868717179294 425.28 169.24231057764442 481.28
0 89.30232558139535 538.5600000000001 142.11552888222056 599.6800000000001
0 139.23480870217554 527.04 195.40885221305328 588.1600000000001
0 165.64141035258814 425.28 215.33383345836458 490.88
0 150.03750937734435 378.88 198.0495123780945 438.08
0 142.11552888222056 315.84 188.44711177794449 378.88
0 138.5146286571643 234.24 191.3278319579895 304.32
0 163.72093023255815 158.4 223.49587396849213 222.07999999999998
0 185.80645161290323 244.8 237.17929482370593 316.8
0 201.41035258814702 309.76 247.5018754688672 382.71999999999997
0 194.44861215303828 384.32000000000005 244.1410352588147 445.43999999999994
0 215.33383345836458 448.0 265.2663165791448 508.48
0 209.33233308327084 507.52000000000004 259.26481620405104 580.8
0 254.70367591897974 495.67999999999995 297.4343585896474 563.2
0 257.8244561140285 416.96 311.5978994748687 487.04
0 244.62115528882222 335.36 297.4343585896474 405.76
0 235.73893473368344 274.24 289.2723180795199 339.52
0 224.93623405851463 183.04 276.3090772693173 248.96
0 224.45611402850713 116.16 278.4696174043511 184.32
0 265.7464366091523 169.92000000000002 321.4403600900225 244.8
0 281.35033758439613 234.24 329.60240060015 306.56
0 284.47111777944485 304.0 336.56414103525884 359.68000000000006
0 300.0750187546887 420.48 355.2888222055514 490.24
0 326.9617404351088 354.24 370.41260315078773 420.48
0 333.20330082520627 264.32 384.576144036009 332.16
0 320.48012003000747 192.0 367.7719429857464 261.44
0 298.8747186796699 96.0 355.7689422355589 171.84
0 390.0975243810953 64.0 452.99324831207804 151.68
0 350.2475618904726 134.07999999999998 396.3390847711928 204.48000000000002
0 404.9812453113278 141.44 461.87546886721685 220.79999999999998
0 376.89422355588897 210.56 432.1080270067517 273.6
0 392.0180045011253 257.6 443.63090772693175 328.0
0 359.8499624906226 315.2 413.62340585146285 380.15999999999997
0 348.8072018004501 393.6 394.4186046511628 473.6
0 331.76294073518375 464.64 383.85596399099774 533.76
0 456.834208552138 83.2 517.569392348087 166.4
0 461.39534883720927 168.96 513.7284321080269 235.51999999999998
0 451.3128282070517 239.68 509.6474118529633 301.12
0 415.7839459864966 312.0 468.35708927231804 380.15999999999997
0 392.4981245311328 364.79999999999995 440.2700675168792 427.2
0 390.5776444111028 432.0 444.59114778694675 492.16
0 377.37434358589644 493.76 431.86796699174795 561.28
0 506.7666916729182 118.72 550.4576144036009 193.28
0 511.08777194298574 240.96 560.0600150037509 309.76
0 472.43810952738187 312.0 522.1305326331583 375.03999999999996
0 451.79294823705925 367.04 498.60465116279073 435.20000000000005
0 444.351087771943 444.15999999999997 493.56339084771196 515.2
0 430.1875468867217 508.8 480.6001500375094 577.28
0 521.1702925731433 291.84000000000003 569.4223555888972 362.23999999999995
0 494.0435108777194 368.32 542.7756939234808 435.20000000000005
0 488.04201050262566 432.0 536.7741935483871 501.44
0 471.95798949737434 502.71999999999997 523.8109527381845 574.08
0 552.8582145536384 356.15999999999997 597.7494373593398 424.0
0 544.2160540135034 429.76 595.8289572393098 496.96
0 516.3690922730682 479.68000000000006 568.4621155288822 547.2
