0 77.2993248312078 219.52 92.90322580645162 242.56
0 92.18304576144035 234.56 105.62640660165042 260.15999999999997
0 104.90622655663915 240.64 117.62940735183795 262.08
0 106.10652663165791 214.72000000000003 121.23030757689422 236.48
0 132.5131282820705 194.56 144.27606901725431 218.88000000000002
0 111.86796699174793 256.96000000000004 126.03150787696924 272.64
0 167.32183045761442 198.07999999999998 178.84471117779444 214.08
0 174.04351087771943 203.2 192.52813203300826 224.0
0 155.79894973743436 220.79999999999998 173.56339084771193 240.0
0 155.79894973743436 231.68 172.12303075768943 246.72
0 146.67666916729183 246.72 161.08027006751686 272.0
0 155.07876969242312 243.52 170.6826706676669 266.88
0 182.9257314328582 215.36 201.41035258814702 239.36
0 169.96249062265565 257.28000000000003 180.5251312828207 271.03999999999996
0 177.88447111777944 255.04000000000002 195.16879219804952 277.12
0 84.74118529632408 286.72 98.66466616654164 304.96
0 109.22730682670668 277.76 123.63090772693172 299.84000000000003
0 106.10652663165791 298.88 123.15078769692423 318.08
0 105.86646661665415 310.08 119.78994748687171 331.84
0 121.47036759189797 270.71999999999997 136.35408852213055 296.0
0 133.71342835708927 280.96 146.91672918229557 306.88
0 127.47186796699175 292.16 136.35408852213055 314.24
0 132.27306826706678 297.28000000000003 149.7974493623406 316.8
0 124.59114778694675 312.32 139.71492873218304 330.88
0 146.67666916729183 304.0 163.00075018754688 326.71999999999997
0 156.75918979744938 276.8 175.96399099774942 298.56
0 173.56339084771193 287.36 190.847711927982 308.8
0 169.24231057764442 300.15999999999997 185.5663915978995 320.64
0 128.91222805701426 326.08 143.31582895723932 351.03999999999996
0 115.94898724681171 343.68 130.35258814703676 364.48
0 136.1140285071268 344.64 150.27756939234808 361.92
0 148.59714928732183 333.44 163.72093023255815 355.52
0 106.82670667666918 382.40000000000003 122.19054763690922 402.23999999999995
0 117.14928732183046 403.84000000000003 132.993248312078 424.64
0 133.4733683420855 370.24 146.91672918229557 391.03999999999996
0 138.9947486871718 365.12 154.35858964741186 387.2
0 142.3555888972243 382.71999999999997 157.4793698424606 400.64
0 156.5191297824456 373.12 173.32333083270817 395.52
0 169.48237059264815 375.67999999999995 189.16729182295572 400.64
0 157.9594898724681 349.76 176.2040510127532 372.47999999999996
0 164.20105026256564 335.03999999999996 181.24531132783198 359.04
0 182.9257314328582 328.96000000000004 199.00975243810956 349.12
0 192.768192048012 333.76 210.05251312828207 354.24
0 180.28507126781693 350.08000000000004 196.84921230307577 369.91999999999996
0 191.56789197299327 304.64 211.01275318829707 326.4
0 200.6901725431358 353.6 212.69317329332335 376.64
0 210.29257314328584 361.28 226.13653413353336 382.40000000000003
0 141.63540885221306 420.48 154.1185296324081 439.36
0 147.63690922730683 443.84000000000003 160.84021005251313 461.44
0 150.99774943735935 460.48 166.60165041260314 479.36
0 164.20105026256564 455.36 179.5648912228057 474.88
0 158.67966991747937 408.64 173.32333083270817 426.88
0 162.28057014253562 419.52 179.32483120780194 435.84000000000003
0 180.0450112528132 424.0 196.84921230307577 441.28
0 192.768192048012 433.28000000000003 210.29257314328584 453.76
0 181.96549137284322 402.88 197.80945236309077 422.71999999999997
0 194.68867216804202 387.84 208.37209302325584 407.04
0 202.37059264816202 386.24 221.33533383345835 405.43999999999994
0 203.5708927231808 404.79999999999995 220.61515378844712 426.24
0 192.04801200300074 465.28 207.4118529632408 489.6
0 197.0892723180795 501.76 213.8934733683421 520.64
0 216.29407351837958 504.32000000000005 229.9774943735934 526.0799999999999
0 203.09077269317328 447.35999999999996 216.53413353338334 470.08000000000004
0 213.17329332333085 446.08 229.73743435858964 467.2
0 225.65641410352586 415.36 242.46061515378844 434.56000000000006
0 211.97299324831206 471.03999999999996 225.41635408852213 486.4
0 216.05401350337584 489.28 230.69767441860463 508.8
0 218.93473368342086 479.36 235.2588147036759 497.59999999999997
0 225.41635408852213 489.6 242.94073518379594 511.03999999999996
0 236.93923480870217 506.24 248.4621155288822 525.4399999999999
0 231.17779444861216 529.28 245.58139534883722 549.76
0 235.01875468867215 476.48 254.70367591897974 494.72
0 235.73893473368344 446.4 249.1822955738935 469.44000000000005
0 225.17629407351836 385.28 242.46061515378844 407.35999999999996
0 238.3795948987247 400.64 253.26331582895722 424.96000000000004
0 225.17629407351836 361.59999999999997 243.1807951987997 381.12
0 208.8522130532633 343.04 227.33683420855215 365.12
0 229.9774943735934 338.56 250.38259564891223 358.40000000000003
0 194.92873218304578 234.88 213.17329332333085 262.08
0 196.36909227306828 255.04000000000002 212.9332333083271 272.32
0 200.2100525131283 268.15999999999997 212.9332333083271 296.32
0 212.21305326331583 287.68 230.69767441860463 313.6
0 217.49437359339836 279.04 235.2588147036759 307.84
0 214.13353338334585 242.56 231.41785446361592 270.4
0 227.57689422355588 260.15999999999997 244.861215303826 285.12
0 213.17329332333085 312.32 228.29707426856714 336.96
0 223.01575393848464 316.8 242.7006751687922 336.96
0 231.89797449362342 298.88 251.82295573893472 324.15999999999997
0 205.4913728432108 197.12 220.61515378844712 224.95999999999998
0 213.17329332333085 190.72 232.37809452363092 219.52
0 221.33533383345835 212.48000000000002 239.57989497374342 233.92
0 237.4193548387097 209.60000000000002 253.26331582895722 238.07999999999998
0 238.3795948987247 229.76 256.384096024006 251.84
0 258.06451612903226 186.23999999999998 273.4283570892723 213.76000000000002
0 258.06451612903226 222.71999999999997 276.5491372843211 248.0
0 274.3885971492873 233.92 292.1530382595649 261.44
0 252.54313578394598 271.03999999999996 272.2280570142536 294.72
0 272.7081770442611 279.04 289.75243810952736 301.12
0 281.59039759939986 256.96000000000004 303.6759189797449 278.08
0 296.4741185296324 267.84 317.35933983495875 293.12
0 291.1927981995499 235.51999999999998 311.83795948987245 263.68
0 290.4726181545386 206.4 312.07801950487624 233.6
0 314.47861965491376 220.15999999999997 333.68342085521374 249.92000000000002
0 326.72168042010503 201.6 346.4066016504126 228.48
0 346.8867216804201 207.68 365.13128282070517 230.07999999999998
0 337.0442610652663 243.2 354.56864216054015 271.36
0 321.4403600900225 259.52000000000004 341.3653413353338 287.36
0 249.1822955738935 313.28 267.1867966991748 337.28000000000003
0 260.4651162790698 310.08 278.4696174043511 332.47999999999996
0 280.15003750937734 297.6 297.9144786196549 321.92
0 291.4328582145537 290.88 312.79819954988744 316.48
0 314.23855963990997 293.76 333.9234808702176 317.76
0 332.2430607651913 278.72 351.6879219804951 305.91999999999996
0 333.9234808702176 301.12 353.60840210052515 323.2
0 281.8304576144036 314.56 301.51537884471117 334.4
0 266.7066766691673 329.91999999999996 283.51087771942986 349.76
0 253.26331582895722 359.68000000000006 270.30757689422353 381.44
0 243.1807951987997 385.28 262.6256564141035 404.79999999999995
0 275.10877719429857 350.4 296.4741185296324 370.24
0 290.7126781695424 339.52 310.15753938484625 360.64
0 299.5948987246812 323.2 317.35933983495875 347.2
0 314.47861965491376 317.76 335.1237809452363 339.84000000000003
0 318.07951987997 336.32 337.7644411102776 359.36
0 335.36384096024005 324.15999999999997 355.2888222055514 350.72
0 351.6879219804951 300.47999999999996 371.85296324081025 321.28
0 355.7689422355589 324.79999999999995 377.37434358589644 348.8
0 261.6654163540885 394.24 275.58889722430604 419.20000000000005
0 276.7891972993248 392.32 296.23405851462866 409.6
0 302.2355588897224 368.0 320.72018004501126 387.84
0 320.72018004501126 367.35999999999996 339.9249812453113 387.84
0 337.28432108027005 352.0 357.6894223555889 373.44
0 360.0900225056264 354.24 378.81470367591896 379.20000000000005
0 334.8837209302326 382.40000000000003 355.52888222055515 405.12
0 352.64816204051016 379.20000000000005 373.77344336084025 402.88
0 302.47561890472616 389.76 316.6391597899475 409.6
0 313.7584396099025 388.8 331.52288072018 413.76
0 330.8027006751688 400.96 348.3270817704426 423.68
0 347.6069017254314 403.84000000000003 366.8117029257314 432.0
0 366.8117029257314 401.59999999999997 386.496624156039 425.6
0 271.0277569392348 418.88 293.35333833458367 435.52
0 240.54013503375845 419.52 255.66391597899474 440.96
0 246.54163540885222 434.24 266.7066766691673 452.47999999999996
0 293.35333833458367 422.71999999999997 311.5978994748687 446.71999999999997
0 271.2678169542385 441.59999999999997 291.1927981995499 464.96000000000004
0 287.83195798949737 440.64 306.55663915978994 460.79999999999995
0 261.4253563390848 461.44 277.0292573143286 480.64
0 268.86721680420106 470.72 289.2723180795199 491.52
0 301.51537884471117 464.64 320.72018004501126 490.24
0 315.19879969992496 421.44 333.68342085521374 440.64
0 311.1177794448612 435.20000000000005 327.68192048012 457.28000000000003
0 327.4418604651163 442.88 346.4066016504126 463.68
0 334.8837209302326 426.56 354.8087021755439 449.28
0 349.2873218304576 442.88 367.2918229557389 464.64
0 360.57014253563386 442.56 380.01500375093775 467.84
0 367.2918229557389 424.64 388.65716429107283 452.16
0 254.70367591897974 496.0 271.9879969992498 517.44
0 245.10127531882972 512.0 261.4253563390848 530.88
0 244.1410352588147 530.24 262.8657164291073 545.28
0 245.10127531882972 562.24 264.7861965491373 578.88
0 262.14553638409603 529.28 277.5093773443361 552.0
0 272.94823705926484 538.88 294.0735183795949 556.48
0 277.5093773443361 528.0 293.35333833458367 547.52
0 271.9879969992498 499.84000000000003 289.75243810952736 518.4000000000001
0 286.8717179294824 510.72 304.8762190547637 529.6
0 287.1117779444861 492.16 303.9159789947487 513.28
0 303.9159789947487 495.36 320.72018004501126 517.76
0 301.27531882970743 531.8399999999999 319.039759939985 552.96
0 290.7126781695424 553.9200000000001 308.47711927981993 569.6
0 284.2310577644411 567.6800000000001 299.5948987246812 591.04
0 312.07801950487624 554.88 330.3225806451613 570.88
0 317.35933983495875 521.92 333.20330082520627 543.6800000000001
0 314.23855963990997 536.96 329.12228057014255 554.88
0 332.483120780195 538.24 348.08702175543885 553.6
0 320.24006001500373 497.28000000000003 339.9249812453113 519.0400000000001
0 324.80120030007504 485.43999999999994 342.56564141035255 505.28
0 339.44486121530383 481.28 360.0900225056264 500.79999999999995
0 340.4051012753188 494.08000000000004 358.88972243060766 511.68
0 347.12678169542386 504.32000000000005 363.2108027006752 523.52
0 337.7644411102776 516.48 352.16804201050263 533.44
0 355.52888222055515 469.44000000000005 375.45386346586645 491.52
0 358.1695423855964 509.44000000000005 377.1342835708927 528.0
0 347.8469617404351 533.44 365.6114028507127 552.0
0 354.56864216054015 552.0 371.61290322580646 572.16
0 361.5303825956489 525.12 378.81470367591896 543.6800000000001
0 371.61290322580646 518.08 389.61740435108777 538.24
0 385.77644411102773 513.6 404.26106526631656 536.0
0 397.29932483120774 533.44 416.0240060015004 550.4
0 407.3818454613654 502.40000000000003 427.54688672168044 523.84
0 416.5041260315079 518.08 432.8282070517629 535.04
0 421.3053263315829 491.52 442.1905476369092 516.48
0 424.9062265566391 508.16 444.351087771943 528.96
0 438.3495873968492 495.67999999999995 455.873968492123 521.5999999999999
0 451.072768192048 520.64 466.43660915228804 543.6800000000001
0 386.9767441860465 482.56 407.62190547636914 507.2
0 374.7336834208552 478.40000000000003 390.33758439609903 500.79999999999995
0 387.6969242310577 458.24 411.70292573143286 477.12
0 408.82220555138787 465.28 423.94598649662413 488.96000000000004
0 390.5776444111028 434.24 410.74268567141786 459.52
0 406.9017254313579 443.84000000000003 425.62640660165044 466.24
0 419.6249062265566 441.28 443.39084771192796 467.2
0 437.38934733683425 450.55999999999995 463.0757689422356 473.92
0 443.63090772693175 468.48 465.4763690922731 488.96000000000004
0 462.1155288822206 481.28 482.76069017254315 503.04
0 385.29632408102026 409.28 405.9414853713428 435.20000000000005
0 405.7014253563391 413.76 426.10652663165797 435.84000000000003
0 425.62640660165044 410.55999999999995 446.51162790697674 434.56000000000006
0 452.5131282820705 411.2 472.9182295573894 435.20000000000005
0 458.99474868717175 430.08000000000004 482.0405101275319 452.16
0 409.0622655663916 390.72 431.1477869467367 416.96
0 429.46736684171043 387.52000000000004 452.5131282820705 410.88
0 379.774943735934 366.08 400.4201050262566 387.2
0 381.695423855964 343.68 403.30082520630157 367.35999999999996
0 374.013503375844 318.72 395.138784696174 344.32000000000005
0 368.97224306076515 290.24 388.65716429107283 318.72
0 358.88972243060766 260.15999999999997 381.21530382595654 286.72
0 351.44786196549137 237.12 372.8132033008252 266.24
0 361.2903225806452 203.2 380.735183795949 230.72
0 378.33458364591144 196.16 400.6601650412603 227.2
0 379.0547636909227 227.2 401.8604651162791 256.64
0 384.33608402100526 265.91999999999996 406.18154538634656 292.8
0 397.7794448612153 263.03999999999996 418.4246061515379 288.32
0 423.22580645161287 258.24 446.75168792198053 280.96
0 414.8237059264816 229.76 436.18904726181546 260.15999999999997
0 427.7869467366842 220.48 454.1935483870968 249.28
0 443.63090772693175 243.2 470.9977494373594 272.96
0 456.5941485371343 262.71999999999997 481.80045011252815 292.16
0 393.69842460615155 294.72 416.7441860465117 322.56
0 415.06376594148537 310.71999999999997 432.58814703675915 337.59999999999997
0 426.58664666166544 301.76 452.033008252063 329.6
0 454.1935483870968 299.84000000000003 474.1185296324081 324.79999999999995
0 432.1080270067517 321.92 450.5926481620405 350.72
0 449.39234808702173 328.0 470.0375093773443 356.8
0 467.87696924231057 336.0 490.20255063765944 363.2
0 403.5408852213053 330.88 426.8267066766692 356.8
0 402.34058514628657 363.2 425.1462865716429 388.8
0 429.2273068267067 354.24 451.55288822205546 380.79999999999995
0 447.47186796699174 350.72 468.83720930232556 375.36
0 455.873968492123 375.67999999999995 477.4793698424606 404.79999999999995
0 467.1567891972993 399.36 490.9227306826707 423.36
0 475.7989497374343 423.04 498.84471117779447 445.12
0 477.4793698424606 387.84 500.5251312828207 413.44
0 499.08477119279826 393.92 520.9302325581396 419.52
0 497.8844711177794 416.96 522.6106526631658 444.15999999999997
0 497.40435108777194 451.2 518.5296324081021 478.40000000000003
0 489.24231057764445 467.2 509.6474118529633 490.88
0 467.87696924231057 458.24 489.0022505626406 482.23999999999995
0 519.9699924981245 455.03999999999996 543.2558139534883 480.0
0 528.8522130532633 474.56000000000006 553.338334583646 496.96
0 537.4943735933983 440.0 561.020255063766 462.71999999999997
0 537.7344336084021 414.4 563.4208552138035 435.52
0 516.8492123030758 409.6 536.5341335333834 436.8
0 523.5708927231808 383.68 541.8154538634658 409.28
0 538.4546136534134 372.16 563.900975243811 400.0
0 494.28357089272316 351.03999999999996 519.0097524381096 376.96
0 503.165791447862 329.91999999999996 526.4516129032259 355.20000000000005
0 517.569392348087 343.04 539.8949737434359 371.2
0 528.8522130532633 303.36 555.4988747186796 328.64
0 493.56339084771196 276.48 517.8094523630908 306.56
0 507.7269317329333 292.8 529.5723930982746 320.64
