0 89.5423855963991 327.68 107.54688672168042 352.96
0 95.06376594148537 354.88 114.26856714178544 378.88
0 105.14628657164292 363.2 122.19054763690922 392.32
0 86.18154538634658 381.76 104.42610652663166 408.64
0 98.90472618154539 392.0 120.27006751687922 418.24
0 80.66016504126031 405.43999999999994 102.98574643660915 432.96
0 63.85596399099775 404.48 79.93998499624907 429.76
0 86.18154538634658 447.35999999999996 99.14478619654913 477.12
0 96.98424606151536 456.0 114.0285071267817 481.28
0 116.90922730682671 452.47999999999996 135.39384846211553 480.64
0 93.38334583645911 481.92 112.34808702175543 506.24
0 102.7456864216054 504.0 119.06976744186046 531.52
0 125.55138784696175 479.04 143.07576894223556 506.24
0 121.95048762190547 495.03999999999996 137.31432858214555 517.12
0 154.5986496624156 475.52 176.2040510127532 503.68
0 165.64141035258814 505.6 185.32633158289573 529.92
0 194.2085521380345 493.44 211.97299324831206 517.12
0 198.0495123780945 469.76 219.41485371342836 501.44
0 174.04351087771943 461.44 191.56789197299327 493.12
0 171.1627906976744 448.32 191.807951987997 470.08000000000004
0 197.80945236309077 448.64 219.1747936984246 473.28000000000003
0 137.31432858214555 449.6 153.6384096024006 476.8
0 154.83870967741936 444.15999999999997 171.40285071267814 468.48
0 151.23780945236308 416.64 167.80195048762192 444.15999999999997
0 167.56189047261816 397.76000000000005 188.44711177794449 421.76
0 178.1245311327832 410.24 196.36909227306828 438.08
0 186.5266316579145 425.91999999999996 205.73143285821456 451.84
0 201.65041260315078 413.76 225.65641410352586 441.28
0 200.45011252813202 400.0 219.1747936984246 424.96000000000004
0 215.33383345836458 390.4 234.7786946736684 418.24
0 195.16879219804952 368.32 215.09377344336085 395.84000000000003
0 163.96099024756188 364.15999999999997 182.68567141785445 398.08
0 154.1185296324081 374.72 166.60165041260314 396.48
0 141.63540885221306 392.0 160.12003000750187 419.20000000000005
0 129.15228807201802 386.24 145.95648912228057 411.84
0 135.63390847711926 360.31999999999994 150.51762940735185 381.76
0 143.07576894223556 347.2 162.04051012753186 374.4
0 138.27456864216055 326.08 156.27906976744185 349.44000000000005
0 120.27006751687922 330.24 137.31432858214555 355.52
0 113.30832708177044 296.64 123.15078769692423 320.64
0 123.63090772693172 298.56 138.75468867216804 322.88
0 128.192048012003 274.88 144.7561890472618 294.72
0 124.59114778694675 248.96 141.63540885221306 271.03999999999996
0 143.79594898724682 277.12 158.19954988747187 304.0
0 144.99624906226555 305.91999999999996 160.84021005251313 326.71999999999997
0 158.4396099024756 310.71999999999997 177.1642910727682 330.55999999999995
0 168.76219054763692 329.91999999999996 189.887471867967 352.32
0 173.08327081770443 347.52000000000004 192.04801200300074 370.88
0 166.12153038259564 290.24 184.8462115528882 312.0
0 156.27906976744185 272.0 167.80195048762192 290.24
0 165.4013503375844 267.84 182.68567141785445 290.24
0 175.00375093773442 251.20000000000002 191.807951987997 267.84
0 182.44561140285072 225.6 196.36909227306828 246.4
0 194.2085521380345 219.52 209.33233308327084 243.52
0 192.04801200300074 207.04000000000002 208.37209302325584 224.64
0 202.61065266316578 183.67999999999998 222.77569392348087 208.96
0 216.53413353338334 209.92000000000002 235.01875468867215 232.95999999999998
0 211.7329332333083 230.07999999999998 225.65641410352586 254.72000000000003
0 204.0510127531883 245.12 220.37509377344335 272.32
0 191.08777194298574 254.4 206.21155288822206 271.68
0 188.92723180795198 274.24 201.89047261815455 298.88
0 198.0495123780945 282.88 214.61365341335335 305.28
0 211.49287321830457 290.56 228.77719429857464 314.24
0 220.1350337584396 278.08 236.4591147786947 298.88
0 193.728432108027 308.8 210.7726931732933 337.59999999999997
0 200.2100525131283 342.40000000000003 216.77419354838707 367.68
0 217.73443360840213 354.56000000000006 234.7786946736684 379.20000000000005
0 228.77719429857464 371.84 244.62115528882222 393.28000000000003
0 224.69617404351087 329.6 239.3398349587397 354.24
0 231.41785446361592 332.8 247.74193548387098 359.36
0 234.05851462865715 360.0 254.22355588897227 387.52000000000004
0 236.21905476369093 308.8 253.50337584396098 333.44
0 232.61815453863466 282.24 252.30307576894222 307.84
0 228.77719429857464 260.47999999999996 247.5018754688672 282.56
0 224.21605401350337 247.36 246.54163540885222 269.76
0 230.93773443360843 226.23999999999998 250.86271567891973 248.96
0 236.69917479369843 207.04000000000002 256.62415603900973 228.79999999999998
0 233.57839459864965 189.12 251.1027756939235 208.96
0 247.9819954988747 173.76000000000002 264.30607651912976 198.07999999999998
0 257.10427606901726 153.92 276.3090772693173 172.16000000000003
0 263.3458364591148 172.16000000000003 283.51087771942986 197.44
0 275.82895723930983 155.51999999999998 292.6331582895724 187.2
0 257.344336084021 197.12 277.26931732933235 221.44
0 253.74343585896474 222.39999999999998 271.0277569392348 242.88
0 262.8657164291073 233.6 281.59039759939986 254.08
0 248.70217554388597 247.68 266.46661665416354 273.6
0 255.18379594898727 276.48 275.10877719429857 295.68
0 254.70367591897974 292.48 273.90847711927984 318.08
0 267.42685671417854 303.03999999999996 285.6714178544636 329.6
0 258.7846961740435 323.84000000000003 276.5491372843211 350.08000000000004
0 263.8259564891223 361.59999999999997 281.59039759939986 388.16
0 271.2678169542385 372.16 289.0322580645161 402.56
0 244.62115528882222 387.2 262.38559639909977 414.72
0 259.98499624906225 395.52 280.3900975243811 426.24
0 232.37809452363092 410.24 248.9422355588897 436.8
0 239.81995498874716 422.40000000000003 261.90547636909224 450.88
0 231.41785446361592 453.12 252.54313578394598 478.72
0 252.0630157539385 454.4 277.0292573143286 487.68
0 271.2678169542385 431.36 288.79219804951236 460.15999999999997
0 283.7509377344336 448.96000000000004 302.9557389347337 479.36
0 286.3915978994749 415.67999999999995 310.39759939985 452.47999999999996
0 297.19429857464365 396.15999999999997 318.5596399099775 424.64
0 296.9542385596399 465.91999999999996 319.27981995498874 496.96
0 271.0277569392348 482.88 295.0337584396099 509.76
0 241.2603150787697 480.64 264.30607651912976 506.24
0 224.93623405851463 497.92 249.1822955738935 531.1999999999999
0 249.42235558889723 505.6 270.0675168792198 535.36
0 270.0675168792198 511.03999999999996 292.1530382595649 543.36
0 297.19429857464365 494.72 318.79969992498127 528.32
0 305.1162790697675 525.12 323.3608402100525 558.4000000000001
0 319.039759939985 533.44 345.6864216054014 564.16
0 324.32108027006745 488.0 347.6069017254314 518.08
0 315.19879969992496 428.48 337.7644411102776 456.96
0 337.52438109527384 454.4 360.57014253563386 481.59999999999997
0 336.8042010502626 422.08 359.36984246061513 451.2
0 320.0 395.52 339.44486121530383 425.91999999999996
0 302.9557389347337 366.4 325.04126031507883 397.76000000000005
0 283.51087771942986 350.4 302.2355588897224 384.96000000000004
0 279.4298574643661 336.64 301.9954988747187 356.48
0 304.1560390097525 348.48 325.28132033008256 373.12
0 286.63165791447864 306.24 305.1162790697675 332.16
0 303.1957989497374 315.84 324.80120030007504 344.32000000000005
0 323.84096024006 330.88 342.8057014253563 360.64
0 306.7966991747937 293.76 328.4021005251313 319.36
0 294.0735183795949 269.44 316.8792198049512 295.68
0 271.0277569392348 260.47999999999996 287.1117779444861 281.92
0 274.3885971492873 274.56 293.1132783195799 301.76
0 287.83195798949737 254.08 304.8762190547637 276.8
0 283.2708177044261 239.68 300.31507876969243 260.47999999999996
0 275.58889722430604 217.28000000000003 293.35333833458367 239.04
0 288.55213803450863 202.24 307.03675918979746 223.67999999999998
0 299.3548387096774 226.56 322.64066016504125 245.44
0 310.15753938484625 243.84 328.4021005251313 271.03999999999996
0 305.8364591147787 204.16 324.32108027006745 227.2
0 296.7141785446362 179.52 316.8792198049512 202.88
0 291.4328582145537 153.6 305.8364591147787 176.64000000000001
0 306.7966991747937 124.16 325.76144036009003 144.96
0 305.8364591147787 151.35999999999999 326.24156039009756 176.32000000000002
0 314.9587396849212 161.6 332.96324081020254 190.39999999999998
0 323.1207801950487 193.6 341.3653413353338 211.20000000000002
0 320.72018004501126 210.88 341.12528132033003 232.32
0 320.24006001500373 140.48 336.56414103525884 161.92000000000002
0 318.5596399099775 104.64 333.44336084021 126.08000000000001
0 327.4418604651163 114.88 349.2873218304576 139.2
0 335.36384096024005 89.60000000000001 357.2093023255814 110.39999999999999
0 350.4876219054763 111.03999999999999 371.3728432108027 127.68
0 357.2093023255814 122.24000000000001 377.1342835708927 144.0
0 376.6541635408852 88.96000000000001 398.7396849212303 111.35999999999999
0 402.34058514628657 92.16 421.3053263315829 114.56
0 391.0577644411103 121.6 409.78244561140286 147.84
0 380.735183795949 125.12 394.8987246811703 147.20000000000002
0 400.90022505626405 114.56 422.02550637659414 141.12
0 427.0667666916729 121.28 444.1110277569393 145.6
0 419.6249062265566 142.4 440.7501875468867 165.12
0 396.57914478619654 153.28 417.9444861215304 176.64000000000001
0 359.60990247561887 144.0 383.37584396099027 168.64000000000001
0 341.8454613653413 138.88 360.57014253563386 163.2
0 333.68342085521374 161.92000000000002 355.7689422355589 181.11999999999998
0 343.5258814703676 177.92000000000002 363.2108027006752 198.72
0 355.2888222055514 162.88 372.57314328582146 183.04
0 367.7719429857464 170.88 388.17704426106525 193.28
0 339.9249812453113 198.4 359.8499624906226 222.71999999999997
0 349.04726181545385 210.56 369.93248312078015 240.32
0 360.3300825206301 192.95999999999998 379.5348837209303 217.28000000000003
0 381.695423855964 188.79999999999998 403.30082520630157 211.20000000000002
0 386.25656414103526 202.56 404.26106526631656 232.95999999999998
0 401.6204051012753 193.92 420.58514628657167 216.96
0 405.22130532633156 214.4 422.98574643660913 243.2
0 367.5318829707427 228.48 392.258064516129 252.48000000000002
0 331.04276069017254 234.88 349.5273818454614 260.15999999999997
0 344.24606151537887 240.32 366.33158289572395 265.28
0 331.2828207051763 261.76 347.6069017254314 287.04
0 339.20480120030004 285.44 357.9294823705926 310.71999999999997
0 356.96924231057767 278.08 375.933983495874 306.24
0 332.00300075018754 310.08 352.4081020255064 334.4
0 351.44786196549137 310.08 370.41260315078773 333.12
0 368.4921230307577 302.71999999999997 386.25656414103526 329.28
0 376.6541635408852 317.44 399.4598649662416 345.28
0 385.0562640660165 302.71999999999997 409.54238559639913 327.35999999999996
0 379.5348837209303 274.56 401.14028507126784 300.15999999999997
0 377.61440360090023 256.96000000000004 396.3390847711928 276.48
0 395.37884471117775 254.4 415.7839459864966 283.84000000000003
0 344.00600150037513 333.76 363.6909227306827 358.72
0 364.6511627906977 342.08 386.01650412603146 369.91999999999996
0 348.08702175543885 358.40000000000003 370.65266316579147 387.52000000000004
0 331.2828207051763 367.04 351.44786196549137 394.56000000000006
0 339.44486121530383 384.64 359.36984246061513 413.12
0 361.5303825956489 383.68 380.2550637659415 414.4
0 380.01500375093775 382.08 402.34058514628657 415.03999999999996
0 386.25656414103526 349.44000000000005 410.74268567141786 375.36
0 396.099024756189 370.55999999999995 421.06526631657914 399.04
0 414.1035258814703 395.52 435.708927231808 422.40000000000003
0 421.5453863465866 368.0 448.43210802700673 396.48
0 360.57014253563386 416.64 381.4553638409603 441.59999999999997
0 374.013503375844 430.72 398.0195048762191 460.79999999999995
0 390.0975243810953 410.24 415.06376594148537 437.44
0 400.18004501125284 436.15999999999997 424.6661665416354 467.52000000000004
0 360.57014253563386 450.88 384.81620405101273 483.84000000000003
0 383.37584396099027 459.20000000000005 409.54238559639913 491.2
0 369.93248312078015 482.23999999999995 391.29782445611403 506.56
0 351.2078019504876 480.0 371.61290322580646 512.0
0 338.0045011252813 512.64 362.49062265566397 542.72
0 362.2505626406602 515.52 384.33608402100526 550.08
0 382.41560390097527 535.36 403.7809452363091 567.04
0 358.88972243060766 558.08 381.4553638409603 591.04
0 335.8439609902476 556.16 360.3300825206301 588.8000000000001
0 401.8604651162791 526.4 425.62640660165044 563.84
0 390.81770442610656 505.28 409.0622655663916 539.52
0 425.62640660165044 522.88 448.91222805701426 558.4000000000001
0 404.74118529632403 485.43999999999994 428.02700675168796 515.84
0 438.8297074268567 498.88 464.0360090022506 533.76
0 421.5453863465866 465.28 445.311327831958 495.36
0 427.7869467366842 429.12 455.15378844711176 462.40000000000003
0 449.87246811702926 454.72 471.7179294823706 487.68
0 471.95798949737434 456.96 495.24381095273816 489.91999999999996
0 491.64291072768196 438.72 514.2085521380345 471.36
0 467.87696924231057 409.91999999999996 491.4028507126782 440.64
0 491.4028507126782 401.28 515.648912228057 433.92
0 434.748687171793 401.59999999999997 460.91522880720174 433.6
0 501.9654913728432 379.84000000000003 527.8919729932484 408.0
0 474.5986496624156 361.59999999999997 497.6444111027757 391.03999999999996
0 452.2730682670667 355.20000000000005 473.15828957239313 391.36
0 433.78844711177794 336.64 463.3158289572393 365.43999999999994
0 410.26256564141033 320.31999999999994 432.3480870217554 350.4
0 469.3173293323331 327.04 492.6031507876969 356.15999999999997
0 488.76219054763686 314.56 513.0082520630158 347.2
0 444.1110277569393 313.28 468.35708927231804 340.79999999999995
0 466.1965491372843 307.52 488.76219054763686 330.24
0 415.54388597149284 286.4 437.38934733683425 319.04
0 437.38934733683425 288.64 458.99474868717175 316.48
0 451.79294823705925 269.44 471.4778694673669 297.6
0 470.75768942235555 268.8 493.08327081770443 302.08
0 492.8432108027007 273.6 514.9287321830458 302.4
0 419.3848462115529 262.4 442.6706676669167 285.44
0 422.7456864216054 241.28 446.0315078769693 267.84
0 446.0315078769693 243.84 470.0375093773443 270.08
0 473.6384096024006 245.12 497.40435108777194 271.03999999999996
0 423.94598649662413 211.52 446.75168792198053 235.84
0 417.4643660915229 180.79999999999998 440.03000750187545 206.08
0 445.0712678169543 178.24 462.3555888972243 202.56
0 447.95198799699926 200.64 468.35708927231804 234.56
0 469.5573893473368 215.36 493.32333083270817 241.28
0 499.5648912228057 237.76 521.8904726181545 266.88
0 502.205551387847 208.32 524.2910727681921 236.48
0 484.9212303075769 207.68 502.68567141785445 227.83999999999997
0 467.1567891972993 197.44 486.84171042760687 222.71999999999997
0 472.43810952738187 181.44 496.9242310577644 204.48000000000002
0 436.669167291823 150.07999999999998 456.35408852213055 173.44
0 461.15528882220553 155.51999999999998 481.5603900975244 180.48
0 459.714928732183 141.44 481.0802700675169 162.56
0 476.5191297824456 154.56 496.9242310577644 180.48
0 489.4823705926482 145.6 512.5281320330082 169.92000000000002
0 505.8064516129032 160.0 524.2910727681921 175.04000000000002
0 501.00525131282825 170.56 527.4118529632408 195.84
0 529.8124531132784 200.0 555.0187546886722 224.32
0 524.5311327831957 230.39999999999998 542.0555138784696 258.88
0 542.0555138784696 229.76 563.900975243811 252.16000000000003
0 549.0172543135784 247.68 574.9437359339835 274.88
0 523.330832708177 256.96000000000004 549.4973743435859 280.64
0 514.2085521380345 283.2 536.2940735183796 312.0
0 535.0937734433609 298.56 561.020255063766 332.47999999999996
0 546.8567141785446 278.08 574.2235558889722 305.59999999999997
0 561.5003750937734 304.0 587.9069767441861 335.67999999999995
0 534.8537134283571 349.44000000000005 563.6609152288072 382.40000000000003
0 552.3780945236309 346.24 574.2235558889722 377.28000000000003
0 567.5018754688672 423.04 600.6301575393849 458.24
0 537.7344336084021 431.36 565.821455363841 466.56
