0 241.7404351087772 92.16 284.9512378094523 148.48000000000002
0 286.63165791447864 121.92 326.24156039009756 176.96
0 306.55663915978994 163.84 347.3668417104276 218.88000000000002
0 203.09077269317328 136.96 244.861215303826 191.35999999999999
0 245.34133533383346 154.24 287.59189797449363 208.32
0 216.29407351837958 183.67999999999998 257.10427606901726 235.84
0 176.6841710427607 164.48000000000002 221.5753938484621 221.11999999999998
0 261.90547636909224 199.68 304.1560390097525 254.08
0 317.11927981995495 224.32 353.60840210052515 278.72
0 350.4876219054763 197.44 391.29782445611403 256.64
0 139.9549887471868 191.35999999999999 179.80495123780943 240.96
0 170.44261065266315 218.24 210.05251312828207 280.64
0 204.0510127531883 242.88 248.4621155288822 294.40000000000003
0 241.7404351087772 263.68 281.8304576144036 318.4
0 280.8702175543886 247.04000000000002 320.24006001500373 302.08
0 316.39909977494375 280.0 350.4876219054763 335.67999999999995
0 348.5671417854463 255.36 387.93698424606146 308.48
0 389.37734433608404 219.52 427.0667666916729 275.2
0 379.5348837209303 275.84 419.8649662415604 327.35999999999996
0 417.22430607651916 256.64 456.834208552138 311.03999999999996
0 138.03450862715678 243.52 177.1642910727682 302.71999999999997
0 203.5708927231808 284.16 242.7006751687922 330.24
0 236.69917479369843 311.68 273.66841710427605 364.15999999999997
0 268.62715678919733 298.56 310.87771942985745 351.68
0 300.0750187546887 327.35999999999996 341.3653413353338 381.12
0 361.0502625656414 320.64 399.6999249812453 375.67999999999995
0 405.9414853713428 303.36 446.99174793698427 362.56
0 440.2700675168792 299.52000000000004 481.80045011252815 353.6
0 81.62040510127532 245.44 127.231807951988 302.08
0 60.97524381095273 276.8 105.86646661665415 324.79999999999995
0 107.54688672168042 299.84000000000003 152.43810952738184 352.96
0 77.05926481620405 328.32 118.34958739684922 384.64
0 150.99774943735935 307.52 191.08777194298574 352.32
0 125.07126781695425 340.48 168.04201050262566 398.40000000000003
0 95.30382595648913 376.32 137.31432858214555 427.2
0 179.80495123780943 331.2 219.65491372843212 382.71999999999997
0 164.20105026256564 384.0 207.17179294823706 430.72
0 207.17179294823706 367.35999999999996 244.1410352588147 423.04
0 242.7006751687922 372.16 284.9512378094523 420.48
0 249.90247561890473 413.44 291.6729182295574 459.84000000000003
0 235.97899474868717 454.72 274.1485371342836 497.28000000000003
0 260.94523630907725 482.88 300.55513878469617 527.04
0 325.28132033008256 368.64 364.41110277569396 413.44
0 311.357839459865 405.43999999999994 349.5273818454614 456.96
0 297.4343585896474 451.2 337.28432108027005 496.96
0 314.47861965491376 497.28000000000003 354.3285821455364 552.64
0 454.1935483870968 352.32 493.56339084771196 403.2
0 387.93698424606146 360.0 428.50712678169543 407.35999999999996
0 360.0900225056264 379.84000000000003 397.53938484621153 428.16
0 418.18454613653415 382.71999999999997 454.91372843210803 424.32000000000005
0 446.0315078769693 397.12 482.76069017254315 449.28
0 384.576144036009 408.0 427.0667666916729 456.96
0 347.12678169542386 433.6 387.93698424606146 485.12
0 368.4921230307577 474.88 407.3818454613654 524.16
0 409.3023255813954 454.72 448.192048012003 502.40000000000003
0 389.37734433608404 499.52 428.9872468117029 546.24
0 345.9264816204051 516.8 388.17704426106525 564.8
0 432.1080270067517 489.91999999999996 469.79744936234056 535.36
0 467.1567891972993 472.64000000000004 509.6474118529633 520.0
0 457.5543885971493 512.64 498.12453113278315 562.24
0 417.22430607651916 520.0 459.9549887471868 582.0799999999999
0 383.615903975994 556.8 425.8664666166542 607.04
