0 100.3450862715679 392.64000000000004 125.07126781695425 421.12
0 102.02550637659415 422.40000000000003 130.83270817704425 451.84
0 121.95048762190547 441.28 144.03600900225055 469.12
0 141.8754688672168 449.28 168.04201050262566 482.56
0 165.64141035258814 461.44 186.28657164291073 489.6
0 126.51162790697674 411.52 148.11702925731433 441.28
0 155.07876969242312 428.16 180.5251312828207 456.64
0 172.60315078769693 444.15999999999997 194.44861215303828 467.84
0 195.40885221305328 454.4 217.97449362340586 481.92
0 208.61215303825958 480.64 231.41785446361592 511.03999999999996
0 93.14328582145536 369.91999999999996 118.58964741185297 392.64000000000004
0 123.39084771192799 352.96 140.67516879219806 378.88
0 135.39384846211553 355.20000000000005 158.91972993248314 384.64
0 128.6721680420105 382.08 152.1980495123781 409.28
0 153.6384096024006 392.96 176.2040510127532 425.6
0 174.28357089272316 390.4 197.32933233308327 420.48
0 193.48837209302326 407.04 217.01425356339084 428.8
0 191.3278319579895 425.91999999999996 214.37359339834958 451.84
0 212.69317329332335 424.0 235.01875468867215 451.84
0 223.97599399849963 436.48 246.78169542385598 464.64
0 233.33833458364592 461.76 254.463615903976 489.91999999999996
0 253.02325581395348 454.72 273.4283570892723 483.2
0 249.42235558889723 425.91999999999996 265.986496624156 457.28000000000003
0 232.61815453863466 412.47999999999996 253.50337584396098 438.40000000000003
0 210.53263315828957 388.48 232.85821455363842 416.0
0 187.4868717179295 374.72 209.57239309827457 401.28
0 205.0112528132033 361.59999999999997 224.21605401350337 390.72
0 154.5986496624156 347.2 176.2040510127532 376.0
0 102.7456864216054 334.08000000000004 124.35108777194299 364.15999999999997
0 100.82520630157539 304.0 124.35108777194299 337.92
0 118.58964741185297 319.68 141.3953488372093 349.44000000000005
0 138.5146286571643 317.76 162.52063015753941 346.24
0 163.4808702175544 323.2 187.966991747937 353.92
0 184.60615153788444 334.72 208.8522130532633 362.23999999999995
0 179.32483120780194 307.2 202.61065266316578 335.03999999999996
0 201.65041260315078 317.44 223.01575393848464 343.36
0 213.8934733683421 336.0 234.05851462865715 365.12
0 231.89797449362342 344.32000000000005 253.9834958739685 371.2
0 225.65641410352586 371.2 247.26181545386345 398.40000000000003
0 242.46061515378844 386.56 263.10577644411103 414.08000000000004
0 260.4651162790698 400.0 283.03075768942233 430.4
0 282.0705176294074 407.68 302.47561890472616 437.44
0 269.1072768192048 428.8 289.9924981245311 449.91999999999996
0 282.7906976744186 379.20000000000005 301.9954988747187 406.71999999999997
0 270.78769692423106 357.76000000000005 290.95273818454615 383.04
0 252.54313578394598 358.40000000000003 271.9879969992498 385.28
0 261.18529632408104 338.56 283.2708177044261 363.52
0 258.06451612903226 319.36 278.9497374343586 343.04
0 227.81695423855965 320.0 249.42235558889723 346.56
0 149.55738934733682 289.92 172.60315078769693 318.08
0 132.5131282820705 300.47999999999996 153.87846961740433 325.12
0 117.86946736684172 282.24 138.5146286571643 312.64
0 133.4733683420855 270.71999999999997 157.9594898724681 300.47999999999996
0 147.1567891972993 253.44 169.48237059264815 279.36
0 165.88147036759187 268.8 187.4868717179295 291.52
0 116.18904726181546 235.2 140.19504876219054 263.36
0 142.11552888222056 228.48 161.32033008252063 252.16000000000003
0 165.88147036759187 240.32 185.80645161290323 267.84
0 185.08627156789197 241.6 208.13203300825208 271.03999999999996
0 206.9317329332333 250.24 228.0570142535634 277.76
0 221.33533383345835 264.96 243.42085521380343 291.84000000000003
0 185.5663915978995 273.92 206.9317329332333 300.47999999999996
0 208.13203300825208 282.88 229.9774943735934 306.56
0 223.49587396849213 286.72 245.82145536384098 317.12
0 243.42085521380343 293.12 265.026256564141 319.36
0 274.1485371342836 302.08 294.3135783945986 330.55999999999995
0 145.47636909227307 178.56 169.00225056264065 208.96
0 159.63990997749437 200.96 179.5648912228057 231.68
0 175.48387096774192 209.92000000000002 198.76969242310577 237.12
0 196.84921230307577 216.64000000000001 218.93473368342086 239.68
0 171.8829707426857 188.16 192.52813203300826 213.44
0 192.52813203300826 192.64 211.7329332333083 216.64000000000001
0 210.53263315828957 194.56 230.45761440360087 223.35999999999999
0 158.4396099024756 165.44 181.48537134283572 193.92
0 179.0847711927982 155.84 199.96999249812455 183.04
0 193.96849212303073 165.76 214.85371342835708 192.64
0 212.69317329332335 173.44 233.33833458364592 197.76
0 189.40735183795948 137.6 210.05251312828207 165.76
0 209.8124531132783 139.52 229.0172543135784 159.04
0 218.93473368342086 149.12 239.81995498874716 173.12
0 232.61815453863466 133.44 254.9437359339835 155.51999999999998
0 232.85821455363842 165.76 254.463615903976 186.56
0 247.26181545386345 157.76 268.1470367591898 184.64
0 242.46061515378844 183.67999999999998 263.3458364591148 211.20000000000002
0 258.5446361590398 176.64000000000001 277.0292573143286 203.2
0 255.9039759939985 112.63999999999999 274.6286571642911 135.68
0 270.5476369092273 131.2 289.5123780945236 159.68
0 276.06901725431356 121.92 294.0735183795949 140.16
0 289.5123780945236 136.96 307.03675918979746 159.36
0 275.3488372093023 156.16 295.0337584396099 187.83999999999997
0 237.65941485371343 215.68 256.62415603900973 240.32
0 256.86421605401347 209.92000000000002 276.06901725431356 234.88
0 251.82295573893472 233.92 272.2280570142536 259.84000000000003
0 214.13353338334585 236.8 233.09827456864215 259.84000000000003
0 230.45761440360087 247.36 252.0630157539385 272.64
0 247.74193548387098 263.03999999999996 270.5476369092273 288.64
0 267.90697674418607 268.48 288.0720180045011 295.36
0 270.30757689422353 251.20000000000002 289.9924981245311 272.64
0 284.7111777944486 240.96 304.8762190547637 266.88
0 279.9099774943736 213.44 297.6744186046512 240.0
0 296.23405851462866 210.56 318.5596399099775 233.92
0 281.11027756939234 192.64 300.0750187546887 216.96
0 297.9144786196549 186.88 316.8792198049512 213.12
0 316.6391597899475 194.56 334.8837209302326 220.79999999999998
0 320.24006001500373 217.60000000000002 338.0045011252813 239.04
0 299.5948987246812 236.8 318.79969992498127 258.24
0 312.31807951988 258.56 328.8822205551388 286.72
0 295.5138784696174 269.44 314.9587396849212 295.36
0 280.15003750937734 283.52 301.51537884471117 308.48
0 296.4741185296324 294.72 316.39909977494375 321.28
0 315.43885971492875 293.12 334.8837209302326 315.84
0 334.4036009002251 286.4 356.2490622655664 313.6
0 327.4418604651163 259.84000000000003 346.16654163540886 285.44
0 280.3900975243811 326.71999999999997 301.0352588147037 352.64000000000004
0 289.9924981245311 348.8 306.55663915978994 375.03999999999996
0 305.3563390847712 349.44000000000005 326.24156039009756 373.12
0 301.9954988747187 384.64 320.960240060015 412.16
0 332.96324081020254 381.76 354.3285821455364 411.2
0 349.04726181545385 381.76 364.41110277569396 406.71999999999997
0 361.5303825956489 372.47999999999996 379.29482370592643 398.40000000000003
0 351.44786196549137 358.40000000000003 369.6924231057764 387.2
0 332.483120780195 353.92 348.5671417854463 383.68
0 327.4418604651163 328.64 347.12678169542386 352.0
0 301.9954988747187 326.08 320.48012003000747 352.0
0 342.8057014253563 325.43999999999994 358.88972243060766 351.68
0 362.97074268567144 343.68 384.576144036009 369.91999999999996
0 380.4951237809453 371.2 395.8589647411853 393.6
0 377.85446361590397 394.24 393.9384846211553 416.64
0 394.4186046511628 370.55999999999995 411.4628657164291 398.08
0 409.0622655663916 387.2 428.2670667666917 411.2
0 432.1080270067517 380.15999999999997 450.5926481620405 404.48
0 447.95198799699926 378.56 462.83570892723185 403.2
0 430.4276069017254 360.64 449.39234808702173 383.36
0 412.4231057764441 357.12 431.1477869467367 379.84000000000003
0 397.53938484621153 337.92 415.7839459864966 361.92
0 383.85596399099774 345.28 402.82070517629404 371.2
0 350.2475618904726 301.76 369.2123030757689 331.52
0 363.4508627156789 298.24 377.37434358589644 323.2
0 373.053263315829 314.88 391.0577644411103 342.71999999999997
0 390.81770442610656 322.56 409.54238559639913 347.2
0 410.5026256564141 325.12 428.02700675168796 349.76
0 425.3863465866467 335.67999999999995 444.83120780195054 360.31999999999994
0 448.91222805701426 342.40000000000003 465.9564891222806 366.71999999999997
0 335.8439609902476 236.8 355.2888222055514 257.92
0 357.44936234058514 233.92 377.37434358589644 259.20000000000005
0 350.4876219054763 266.24 370.8927231807952 291.52
0 370.17254313578394 272.64 387.456864216054 301.76
0 383.85596399099774 284.16 404.26106526631656 314.56
0 398.0195048762191 280.0 415.06376594148537 305.91999999999996
0 404.74118529632403 304.0 422.98574643660913 329.91999999999996
0 421.06526631657914 302.71999999999997 435.46886721680426 329.28
0 440.2700675168792 304.64 457.07426856714176 328.32
0 444.59114778694675 295.68 459.4748687171793 328.96000000000004
0 428.02700675168796 288.0 445.0712678169543 310.08
0 453.95348837209303 326.71999999999997 468.5971492873218 351.36
0 386.9767441860465 262.71999999999997 409.0622655663916 283.52
0 370.8927231807952 249.60000000000002 389.61740435108777 274.56
0 369.2123030757689 223.67999999999998 385.0562640660165 246.08
0 339.9249812453113 213.12 359.36984246061513 239.04
0 333.9234808702176 186.56 351.44786196549137 212.48000000000002
0 350.96774193548384 196.48 367.7719429857464 222.71999999999997
0 366.33158289572395 201.6 383.13578394598653 226.56
0 383.37584396099027 204.16 401.3803450862716 229.12
0 396.57914478619654 223.67999999999998 416.5041260315079 242.56
0 397.059264816204 235.51999999999998 416.5041260315079 257.92
0 409.54238559639913 252.8 426.8267066766692 277.12
0 425.3863465866467 260.47999999999996 441.7104276069017 286.08
0 418.9047261815454 243.84 437.14928732183046 262.71999999999997
0 439.30982745686424 248.96 457.07426856714176 274.56
0 442.1905476369092 272.64 458.0345086271568 297.6
0 296.7141785446362 161.28 315.43885971492875 185.27999999999997
0 315.43885971492875 166.72 335.36384096024005 193.92
0 330.8027006751688 163.2 350.00750187546885 188.79999999999998
0 305.59639909977494 152.64 322.64066016504125 171.52
0 308.47711927981993 133.12 324.0810202550637 154.56
0 325.04126031507883 139.52 341.60540135033756 166.72
0 330.562640660165 136.64 347.8469617404351 153.92
0 339.44486121530383 147.84 358.40960240060014 170.56
0 352.4081020255064 165.44 371.61290322580646 190.72
0 372.3330832708177 161.92000000000002 388.89722430607657 189.44
0 386.01650412603146 158.07999999999998 400.90022505626405 183.67999999999998
0 383.13578394598653 186.88 400.6601650412603 207.04000000000002
0 352.64816204051016 128.64000000000001 368.7321830457614 154.24
0 367.7719429857464 136.64 383.85596399099774 161.92000000000002
0 365.8514628657164 122.24000000000001 380.01500375093775 144.32
0 322.1605401350337 116.16 338.48462115528883 138.88
0 307.75693923480867 107.52000000000001 327.92198049512376 130.23999999999998
0 320.0 96.96 337.28432108027005 115.52
0 334.8837209302326 58.239999999999995 354.8087021755439 82.24000000000001
0 348.3270817704426 70.72 365.6114028507127 92.8
0 338.2445611402851 95.36 355.2888222055514 119.36
0 350.7276819204801 100.48 365.3713428357089 124.48
0 368.97224306076515 96.32 386.01650412603146 120.0
0 366.09152288072016 72.0 380.735183795949 94.08
0 378.81470367591896 51.52 397.53938484621153 74.24000000000001
0 383.13578394598653 77.44 399.4598649662416 95.36
0 390.33758439609903 83.84 404.5011252813203 109.44000000000001
0 398.25956489122285 77.12 411.9429857464366 97.28
0 415.3038259564891 80.32 428.50712678169543 104.32000000000001
0 406.18154538634656 93.75999999999999 422.02550637659414 113.91999999999999
0 406.4216054013503 101.44 422.02550637659414 124.48
0 385.29632408102026 120.64 402.5806451612903 143.36
0 404.26106526631656 130.56 419.14478619654915 153.92
0 390.81770442610656 142.08 410.5026256564141 160.96
0 416.0240060015004 113.91999999999999 432.8282070517629 136.64
0 435.46886721680426 116.16 452.2730682670667 136.0
0 430.1875468867217 135.04 444.83120780195054 157.76
0 457.5543885971493 122.88 476.7591897974494 144.64000000000001
0 463.79594898724685 144.32 480.1200300075019 163.52
0 443.8709677419355 149.76000000000002 460.4351087771943 174.4
0 432.58814703675915 161.28 448.91222805701426 182.39999999999998
0 416.7441860465117 147.84 432.8282070517629 170.56
0 407.3818454613654 157.44 425.3863465866467 178.56
0 418.6646661665417 175.36 434.5086271567892 195.84
0 402.10052513128284 180.15999999999997 420.8252063015754 204.8
0 458.0345086271568 163.84 475.31882970742686 189.76
0 470.0375093773443 176.32000000000002 484.4411102775694 198.4
0 436.4291072768192 186.23999999999998 451.3128282070517 209.28
0 457.07426856714176 191.35999999999999 473.87846961740433 212.8
0 472.19804951237813 200.96 486.60165041260314 224.0
0 477.9594898724681 197.12 494.0435108777194 216.64000000000001
0 419.14478619654915 194.24 434.98874718679673 213.76000000000002
0 418.18454613653415 209.92000000000002 437.8694673668417 232.95999999999998
0 439.30982745686424 208.96 456.5941485371343 225.6
0 441.47036759189797 222.07999999999998 458.0345086271568 244.8
0 451.072768192048 238.07999999999998 468.35708927231804 260.47999999999996
0 459.23480870217554 219.20000000000002 476.0390097524381 242.24
0 472.6781695423856 224.64 485.4013503375844 248.64000000000001
0 477.9594898724681 221.44 492.12303075768943 240.96
0 489.722430607652 237.44 506.04651162790697 258.24
0 473.39834958739686 252.16000000000003 490.9227306826707 273.92
0 465.71642910727684 261.12 482.0405101275319 284.8
0 449.39234808702173 259.20000000000005 463.79594898724685 279.04
0 458.5146286571643 273.92 474.8387096774194 299.84000000000003
0 475.31882970742686 282.88 490.6826706676669 307.2
0 462.59564891222806 298.88 479.6399099774943 321.28
0 472.43810952738187 318.72 486.12153038259567 341.76
0 469.0772693173293 344.32000000000005 486.12153038259567 363.84000000000003
0 460.4351087771943 363.84000000000003 479.15978994748684 386.56
0 478.4396099024756 369.28 493.56339084771196 392.32
0 468.1170292573143 387.2 482.0405101275319 409.91999999999996
0 449.87246811702926 409.28 468.5971492873218 432.32
0 470.5176294073518 408.96000000000004 483.4808702175544 427.2
0 490.20255063765944 397.12 512.768192048012 417.92
0 518.0495123780945 397.12 532.4531132783195 423.68
0 542.535633908477 383.04 555.7389347336834 405.12
0 491.64291072768196 351.03999999999996 508.927231807952 376.32
0 515.1687921980495 357.12 532.2130532633158 382.08
0 523.5708927231808 370.55999999999995 541.0952738184546 392.96
0 531.2528132033008 365.43999999999994 545.6564141035259 384.64
0 514.2085521380345 331.2 529.8124531132784 354.56000000000006
0 525.4913728432108 342.08 540.1350337584396 364.79999999999995
0 542.535633908477 347.52000000000004 559.8199549887472 369.28
0 528.8522130532633 323.84000000000003 545.6564141035259 347.52000000000004
0 487.3218304576144 327.68 503.165791447862 352.32
0 493.56339084771196 302.71999999999997 507.966991747937 327.68
0 502.68567141785445 313.6 516.3690922730682 336.0
0 507.4868717179295 303.36 520.9302325581396 327.68
0 518.7696924231058 303.36 532.9332333083271 324.15999999999997
0 533.4133533383346 304.32 548.7771942985746 325.12
0 489.0022505626406 284.8 506.2865716429107 304.96
0 503.8859714928732 281.92 519.2498124531132 304.96
0 515.4088522130533 290.24 526.6916729182296 304.96
0 488.2820705176294 269.44 507.00675168792196 288.32
0 497.40435108777194 254.08 512.2880720180045 273.92
0 513.2483120780195 243.84 529.3323330832708 265.59999999999997
0 399.9399849962491 199.36 416.9842460615154 219.52
