0 27.84696174043511 47.68 67.21680420105027 105.60000000000001
0 22.325581395348838 78.72 62.655663915979 126.08000000000001
0 54.01350337584396 105.60000000000001 92.18304576144035 156.8
0 85.70142535633907 100.48 122.19054763690922 151.35999999999999
0 117.86946736684172 63.68000000000001 158.19954988747187 119.68
0 72.01800450112528 0.32 117.3893473368342 65.92
0 124.35108777194299 7.359999999999999 168.52213053263316 73.28
0 171.40285071267814 67.52 213.4133533383346 118.08
0 205.73143285821456 25.92 244.861215303826 84.16
0 242.94073518379594 30.4 280.8702175543886 88.64000000000001
0 284.47111777944485 0.32 326.9617404351088 64.0
0 274.6286571642911 64.0 313.99849962490623 123.52000000000001
0 312.31807951988 71.04 347.12678169542386 136.96
0 293.5933983495874 125.12 325.76144036009003 180.15999999999997
0 245.34133533383346 112.0 284.2310577644411 164.16
0 220.85521380345085 79.36 259.7449362340585 128.32
0 150.99774943735935 92.47999999999999 186.046511627907 146.24
0 182.9257314328582 114.88 223.73593398349587 171.20000000000002
0 224.93623405851463 142.72 263.3458364591148 193.28
0 258.30457614403605 159.36 296.23405851462866 213.76000000000002
0 232.37809452363092 186.56 268.1470367591898 239.04
0 191.3278319579895 172.48000000000002 228.53713428357088 227.83999999999997
0 148.8372093023256 157.76 182.9257314328582 215.04000000000002
0 111.62790697674419 144.64000000000001 146.91672918229557 201.28
0 83.06076519129782 145.28 119.06976744186046 200.32
0 49.21230307576894 163.2 84.26106526631658 214.4
0 80.66016504126031 197.76 116.90922730682671 244.48000000000002
0 117.86946736684172 187.83999999999997 153.87846961740433 230.07999999999998
0 135.63390847711926 225.92 169.72243060765192 274.24
0 156.5191297824456 217.60000000000002 193.728432108027 264.32
0 116.18904726181546 248.32 148.8372093023256 299.52000000000004
0 151.23780945236308 281.6 184.3660915228807 329.28
0 137.79444861215302 302.71999999999997 168.04201050262566 338.56
0 171.40285071267814 316.48 203.330832708177 355.52
0 192.04801200300074 323.84000000000003 229.49737434358588 365.43999999999994
0 176.92423105776444 259.20000000000005 211.7329332333083 307.2
0 197.80945236309077 224.95999999999998 235.01875468867215 274.24
0 214.61365341335335 270.71999999999997 248.4621155288822 314.56
0 242.46061515378844 298.24 273.1882970742686 340.15999999999997
0 257.10427606901726 283.52 288.55213803450863 327.35999999999996
0 241.50037509377344 240.0 275.82895723930983 281.6
0 268.86721680420106 211.84 302.9557389347337 258.56
0 284.9512378094523 255.68 322.64066016504125 303.03999999999996
0 298.8747186796699 298.24 334.4036009002251 342.40000000000003
0 326.24156039009756 280.0 365.3713428357089 327.35999999999996
0 336.56414103525884 306.56 370.8927231807952 346.24
0 344.96624156039013 345.28 375.933983495874 387.52000000000004
0 270.5476369092273 328.64 302.47561890472616 376.64
0 306.55663915978994 348.8 339.20480120030004 385.28
0 316.15903975993996 377.92 351.2078019504876 419.84000000000003
0 284.2310577644411 373.44 316.8792198049512 415.36
0 294.0735183795949 400.64 324.56114028507125 434.56000000000006
0 251.582895723931 361.92 280.3900975243811 404.48
0 223.25581395348837 343.68 254.22355588897227 382.40000000000003
0 160.36009002250563 340.79999999999995 195.16879219804952 376.0
0 192.52813203300826 352.32 224.93623405851463 385.91999999999996
0 204.5311327831958 377.28000000000003 232.61815453863466 408.32
0 231.89797449362342 379.52 260.7051762940735 419.20000000000005
0 168.04201050262566 374.08000000000004 202.13053263315828 409.91999999999996
0 218.69467366841712 419.84000000000003 250.622655663916 452.47999999999996
0 252.30307576894222 409.91999999999996 287.3518379594899 451.2
0 324.0810202550637 431.03999999999996 357.44936234058514 470.4
0 356.96924231057767 413.76 390.81770442610656 450.24
0 382.655663915979 390.4 421.06526631657914 429.76
0 376.89422355588897 348.8 409.54238559639913 384.32000000000005
0 377.85446361590397 309.76 411.70292573143286 355.52
0 413.62340585146285 317.44 445.0712678169543 367.35999999999996
0 354.3285821455364 240.64 390.81770442610656 289.6
0 379.774943735934 260.79999999999995 416.9842460615154 301.44
0 306.55663915978994 223.04 346.64666166541633 274.24
0 296.7141785446362 179.20000000000002 332.7231807951988 227.83999999999997
0 334.4036009002251 179.20000000000002 373.053263315829 233.6
0 329.84246061515375 132.16 369.93248312078015 187.2
0 362.01050262565644 100.48 399.6999249812453 163.84
0 386.01650412603146 150.72 421.06526631657914 206.72
0 389.1372843210803 212.16000000000003 430.4276069017254 264.32
0 406.661665416354 230.39999999999998 444.351087771943 278.08
0 422.7456864216054 281.6 461.87546886721685 325.12
0 411.2228057014254 368.64 449.152288072018 411.2
0 420.10502625656414 402.88 453.2333083270818 441.59999999999997
0 454.91372843210803 393.6 488.5221305326331 439.04
0 447.95198799699926 356.15999999999997 487.56189047261813 393.28000000000003
0 485.64141035258814 374.72 521.1702925731433 416.64
0 484.68117029257314 336.96 524.7711927981995 383.36
0 451.55288822205546 318.08 486.3615903975994 361.92
0 515.4088522130533 340.79999999999995 549.0172543135784 383.36
0 511.3278319579895 300.47999999999996 552.1380345086271 347.84
0 553.5783945986497 302.71999999999997 596.7891972993248 350.72
0 477.7194298574643 271.03999999999996 517.8094523630908 320.64
0 450.83270817704425 234.24 492.6031507876969 280.32
0 492.6031507876969 226.56 531.2528132033008 275.52
0 517.0892723180796 250.88 553.338334583646 300.47999999999996
0 460.675168792198 187.2 501.9654913728432 238.4
0 420.58514628657167 179.52 459.9549887471868 223.67999999999998
0 414.3435858964741 115.52 458.5146286571643 168.64000000000001
0 449.63240810202547 134.72 493.32333083270817 191.35999999999999
0 485.1612903225806 141.44 518.2895723930983 197.76
0 540.3750937734434 183.35999999999999 584.5461365341336 237.12
0 555.4988747186796 209.60000000000002 594.6286571642911 262.4
0 577.5843960990247 278.08 616.7141785446361 316.8
0 553.338334583646 120.32 602.7906976744187 186.56
0 562.7006751687923 161.6 602.0705176294074 202.56
0 480.3600900225057 87.04 524.7711927981995 144.0
0 528.132033008252 65.28 573.0232558139535 128.32
0 444.351087771943 59.84 485.64141035258814 122.88
0 401.3803450862716 54.720000000000006 442.1905476369092 121.28
0 350.96774193548384 67.84 371.132783195799 104.0
