0 61.455363840960246 515.52 87.62190547636908 554.5600000000001
0 96.74418604651163 458.56 125.311327831958 492.47999999999996
0 95.78394598649663 480.96 121.47036759189797 512.0
0 92.90322580645162 510.4 119.54988747186796 544.0
0 86.66166541635408 537.9200000000001 119.54988747186796 569.6
0 115.94898724681171 494.72 143.07576894223556 529.92
0 131.07276819204802 522.56 158.91972993248314 554.88
0 130.11252813203302 472.96 159.63990997749437 504.64
0 122.430607651913 448.64 150.27756939234808 484.79999999999995
0 127.95198799699925 386.56 161.80045011252813 419.52
0 166.84171042760687 521.28 193.00825206301573 553.9200000000001
0 199.2498124531133 514.24 224.93623405851463 549.12
0 185.80645161290323 484.79999999999995 214.37359339834958 514.88
0 172.12303075768943 453.76 202.13053263315828 485.43999999999994
0 197.0892723180795 445.12 227.33683420855215 481.28
0 184.12603150787697 404.48 214.85371342835708 438.08
0 175.00375093773442 366.4 205.73143285821456 408.32
0 171.64291072768194 329.91999999999996 200.6901725431358 368.32
0 177.40435108777194 303.68 207.4118529632408 342.40000000000003
0 189.16729182295572 259.52000000000004 218.93473368342086 304.96
0 234.7786946736684 213.44 269.5873968492123 250.88
0 235.01875468867215 253.76000000000002 267.42685671417854 290.56
0 215.57389347336834 287.68 242.7006751687922 327.68
0 202.61065266316578 326.71999999999997 233.81845461365342 363.84000000000003
0 224.69617404351087 351.36 255.18379594898727 387.84
0 223.49587396849213 394.56000000000006 249.90247561890473 428.48
0 242.46061515378844 387.2 273.66841710427605 423.36
0 228.0570142535634 428.48 255.66391597899474 463.68
0 250.1425356339085 412.47999999999996 279.4298574643661 448.0
0 230.45761440360087 460.48 256.384096024006 497.92
0 221.81545386346588 494.72 249.42235558889723 530.24
0 225.89647411852962 518.4000000000001 252.78319579894972 552.3199999999999
0 246.30157539384845 518.08 273.1882970742686 550.08
0 265.7464366091523 537.28 291.6729182295574 570.24
0 275.58889722430604 503.04 300.31507876969243 537.6
0 255.66391597899474 479.36 282.7906976744186 512.96
0 250.622655663916 448.64 279.6699174793698 486.71999999999997
0 252.0630157539385 344.64 281.8304576144036 382.08
0 249.42235558889723 290.88 282.0705176294074 332.8
0 271.2678169542385 313.92 302.2355588897224 353.6
0 272.4681170292573 254.72000000000003 302.9557389347337 292.16
0 265.986496624156 206.4 298.6346586646662 247.36
0 278.9497374343586 157.12 308.2370592648162 201.28
0 302.71567891972995 208.64000000000001 332.2430607651913 248.0
0 324.0810202550637 171.84 357.9294823705926 214.72000000000003
0 342.8057014253563 138.88 374.7336834208552 183.04
0 371.132783195799 106.24000000000001 405.4613653413353 152.95999999999998
0 361.5303825956489 174.4 392.4981245311328 212.48000000000002
0 329.60240060015 211.84 361.7704426106527 252.16000000000003
0 308.2370592648162 246.08 341.60540135033756 288.96000000000004
0 294.3135783945986 278.72 327.68192048012 316.48
0 327.92198049512376 281.6 357.9294823705926 317.12
0 311.5978994748687 315.52 342.3255813953488 347.52000000000004
0 312.5581395348837 348.48 342.3255813953488 387.52000000000004
0 285.1912978244561 371.2 315.19879969992496 402.88
0 279.4298574643661 399.04 307.99699924981246 435.84000000000003
0 305.59639909977494 391.36 337.7644411102776 424.96000000000004
0 283.7509377344336 428.8 310.15753938484625 462.40000000000003
0 313.99849962490623 416.96 341.8454613653413 448.32
0 307.2768192048012 443.2 333.9234808702176 481.28
0 290.2325581395349 469.44000000000005 319.27981995498874 504.96000000000004
0 297.6744186046512 508.8 326.72168042010503 540.8
0 295.27381845461366 544.32 323.60090022505625 573.44
0 324.0810202550637 535.68 348.8072018004501 568.32
0 327.92198049512376 496.32 352.4081020255064 530.56
0 350.7276819204801 521.28 380.4951237809453 552.3199999999999
0 339.9249812453113 480.96 366.8117029257314 514.5600000000001
0 367.7719429857464 484.15999999999997 391.29782445611403 521.5999999999999
0 329.3623405851463 438.40000000000003 356.48912228057014 479.04
0 367.5318829707427 454.08000000000004 397.29932483120774 491.84
0 393.69842460615155 464.96000000000004 424.18604651162786 498.88
0 334.4036009002251 394.56000000000006 364.6511627906977 431.03999999999996
0 362.49062265566397 420.48 390.81770442610656 455.67999999999995
0 387.21680420105025 423.36 414.3435858964741 457.28000000000003
0 357.6894223555889 380.48 386.7366841710427 412.16
0 343.7659414853714 339.84000000000003 372.8132033008252 376.64
0 346.4066016504126 304.96 373.2933233308327 346.56
0 379.5348837209303 352.32 405.22130532633156 393.92
0 399.9399849962491 397.12 430.1875468867217 430.08000000000004
0 404.9812453113278 356.48 433.3083270817704 394.56000000000006
0 375.69392348087024 314.24 404.5011252813203 349.44000000000005
0 406.18154538634656 324.15999999999997 435.708927231808 357.44
0 349.5273818454614 254.4 377.37434358589644 293.76
0 367.2918229557389 277.76 395.61890472618154 316.48
0 394.8987246811703 294.08000000000004 425.1462865716429 328.32
0 429.94748687171796 392.96 454.6736684171043 426.88
0 435.46886721680426 363.84000000000003 464.2760690172543 404.15999999999997
0 460.91522880720174 373.12 489.4823705926482 410.88
0 446.99174793698427 321.92 474.1185296324081 361.92
0 474.1185296324081 336.96 503.165791447862 367.68
0 366.5716429107277 210.88 397.059264816204 249.92000000000002
0 384.33608402100526 243.2 412.4231057764441 282.56
0 393.69842460615155 181.44 424.18604651162786 219.20000000000002
0 409.54238559639913 120.0 441.95048762190544 162.24
0 426.8267066766692 148.48000000000002 456.1140285071268 196.8
0 405.22130532633156 219.20000000000002 434.5086271567892 260.79999999999995
0 408.58214553638413 257.28000000000003 438.10952738184545 298.24
0 429.46736684171043 279.68 459.4748687171793 314.88
0 438.8297074268567 239.36 464.75618904726184 283.84000000000003
0 430.1875468867217 195.2 458.754688672168 238.4
0 437.38934733683425 23.36 468.83720930232556 72.64
0 455.873968492123 77.44 484.2010502625657 120.0
0 475.0787696924231 41.6 510.12753188297074 88.32000000000001
0 525.0112528132033 51.84 558.6196549137285 101.12
0 486.84171042760687 96.32 518.5296324081021 141.44
0 527.1717929482371 99.2 561.7404351087772 140.8
0 455.15378844711176 128.96 486.84171042760687 169.28
0 486.3615903975994 142.08 519.0097524381096 184.32
0 528.3720930232558 141.76 562.2205551387847 190.07999999999998
0 455.15378844711176 171.20000000000002 489.0022505626406 209.60000000000002
0 456.5941485371343 210.56 487.56189047261813 252.48000000000002
0 491.64291072768196 181.44 522.3705926481621 227.2
0 529.0922730682671 187.51999999999998 562.4606151537885 234.24
0 485.4013503375844 225.6 519.2498124531132 265.28
0 468.1170292573143 255.68 500.76519129782446 297.28000000000003
0 494.28357089272316 269.44 521.6504126031508 311.03999999999996
0 529.5723930982746 246.08 557.179294823706 288.96000000000004
0 465.4763690922731 300.79999999999995 498.12453113278315 342.40000000000003
0 494.28357089272316 304.96 524.5311327831957 344.32000000000005
