0 36.72918229557389 347.52000000000004 78.2595648912228 392.0
0 65.53638409602401 386.24 92.66316579144787 429.76
0 72.73818454613654 432.32 105.62640660165042 476.48
0 83.30082520630157 476.48 121.47036759189797 518.08
0 114.5086271567892 519.36 146.91672918229557 560.64
0 141.63540885221306 530.56 177.40435108777194 568.64
0 189.64741185296322 496.0 223.01575393848464 545.6
0 133.95348837209303 463.04 166.3615903975994 502.71999999999997
0 164.20105026256564 458.88 200.45011252813202 496.32
0 203.09077269317328 458.24 235.2588147036759 497.59999999999997
0 232.13803450862716 467.52000000000004 262.38559639909977 515.52
0 254.463615903976 460.15999999999997 286.8717179294824 500.79999999999995
0 232.37809452363092 429.76 265.026256564141 468.48
0 272.94823705926484 425.28 307.51687921980493 466.88
0 287.83195798949737 488.64 318.31957989497374 535.36
0 84.02100525131283 396.48 124.11102775693922 438.40000000000003
0 128.43210802700673 407.68 156.75918979744938 446.4
0 150.51762940735185 400.96 185.80645161290323 441.92
0 202.37059264816202 406.71999999999997 235.2588147036759 446.71999999999997
0 301.0352588147037 389.12 333.9234808702176 434.56000000000006
0 276.3090772693173 352.96 309.6774193548387 393.28000000000003
0 298.8747186796699 327.68 336.0840210052513 374.08000000000004
0 260.7051762940735 316.48 295.7539384846212 368.64
0 246.78169542385598 368.64 279.9099774943736 414.4
0 224.21605401350337 333.12 256.86421605401347 376.64
0 211.7329332333083 363.2 246.54163540885222 408.64
0 176.2040510127532 369.91999999999996 208.37209302325584 406.71999999999997
0 183.16579144786198 335.36 221.81545386346588 383.36
0 131.07276819204802 373.12 167.80195048762192 417.28000000000003
0 76.3390847711928 357.12 121.71042760690172 401.92
0 118.10952738184547 335.03999999999996 155.79894973743436 383.68
0 152.91822955738934 316.48 189.64741185296322 361.28
0 70.09752438109527 310.71999999999997 109.46736684171043 356.8
0 106.10652663165791 278.08 145.95648912228057 325.76
0 44.41110277569393 253.76000000000002 83.06076519129782 300.15999999999997
0 56.65416354088522 219.84000000000003 100.82520630157539 273.28
0 93.62340585146286 179.20000000000002 134.67366841710427 232.0
0 102.50562640660165 228.79999999999998 144.99624906226555 281.28
0 138.9947486871718 264.32 173.08327081770443 308.48
0 147.39684921230307 204.8 188.20705176294072 260.79999999999995
0 186.5266316579145 244.16 220.37509377344335 292.48
0 198.76969242310577 286.4 235.73893473368344 332.8
0 237.65941485371343 273.6 272.94823705926484 321.28
0 185.32633158289573 194.56 224.69617404351087 244.8
0 217.97449362340586 211.52 252.78319579894972 269.76
0 245.10127531882972 231.68 283.2708177044261 280.64
0 287.1117779444861 279.36 320.48012003000747 331.2
0 291.4328582145537 219.20000000000002 327.4418604651163 271.03999999999996
0 130.35258814703676 162.56 171.40285071267814 213.76000000000002
0 183.8859714928732 142.72 225.89647411852962 195.51999999999998
0 226.37659414853715 141.76 262.38559639909977 192.64
0 246.78169542385598 170.24 290.4726181545386 222.07999999999998
0 294.79369842460613 169.60000000000002 331.52288072018 217.28000000000003
0 158.19954988747187 90.55999999999999 201.17029257314329 146.24
0 208.61215303825958 88.96000000000001 251.582895723931 144.96
0 223.73593398349587 38.08 264.30607651912976 94.39999999999999
0 254.22355588897227 81.28 290.4726181545386 136.0
0 276.3090772693173 126.4 313.7584396099025 178.88000000000002
0 294.0735183795949 33.92 332.2430607651913 88.64000000000001
0 289.2723180795199 88.32000000000001 330.08252063015755 137.28
0 325.76144036009003 62.72 358.88972243060766 113.6
0 390.0975243810953 29.439999999999998 426.10652663165797 82.24000000000001
0 438.8297074268567 66.56 477.9594898724681 115.84
0 398.7396849212303 82.56 434.0285071267817 133.44
0 361.5303825956489 84.80000000000001 400.90022505626405 136.0
0 311.357839459865 126.4 350.00750187546885 176.64000000000001
0 350.00750187546885 135.68 390.0975243810953 188.79999999999998
0 393.9384846211553 132.48 431.86796699174795 185.6
0 428.02700675168796 119.36 462.83570892723185 167.68
0 373.053263315829 178.24 409.3023255813954 227.51999999999998
0 418.18454613653415 165.44 458.5146286571643 214.72000000000003
0 467.87696924231057 151.04 504.84621155288824 207.04000000000002
0 505.56639159789944 148.48000000000002 550.2175543885971 200.96
0 484.68117029257314 203.2 519.9699924981245 253.44
0 435.22880720180046 206.08 472.19804951237813 251.84
0 401.14028507126784 213.12 438.589647411853 258.88
0 340.4051012753188 211.52 384.33608402100526 261.44
0 344.24606151537887 252.48000000000002 378.33458364591144 295.68
0 317.5993998499625 283.84000000000003 354.3285821455364 324.79999999999995
0 381.695423855964 255.36 418.18454613653415 301.44
0 422.2655663915979 260.79999999999995 450.5926481620405 312.0
0 471.7179294823706 252.8 505.8064516129032 303.68
0 511.08777194298574 232.0 549.0172543135784 281.92
0 520.9302325581396 257.92 553.8184546136534 304.96
0 493.08327081770443 292.16 530.2925731432858 340.79999999999995
0 450.3525881470367 289.92 489.9624906226557 334.72
0 363.93098274568644 297.92 398.0195048762191 343.04
0 391.77794448612156 311.68 420.3450862715679 352.0
0 428.02700675168796 318.08 464.75618904726184 365.43999999999994
0 459.9549887471868 327.68 495.24381095273816 372.16
0 340.1650412603151 332.47999999999996 376.1740435108777 380.48
0 366.33158289572395 359.36 400.90022505626405 404.79999999999995
0 516.6091522880721 342.08 551.8979744936233 386.56
0 501.4853713428357 374.72 530.2925731432858 407.68
0 469.0772693173293 360.96 502.205551387847 400.31999999999994
0 316.39909977494375 363.52 349.7674418604651 405.43999999999994
0 310.39759939985 450.24 342.3255813953488 489.91999999999996
0 343.5258814703676 433.28000000000003 377.85446361590397 474.24
0 370.41260315078773 394.56000000000006 403.5408852213053 438.08
0 407.62190547636914 412.47999999999996 439.30982745686424 456.64
0 448.6721680420105 390.08000000000004 478.6796699174794 433.28000000000003
0 469.5573893473368 402.56 498.60465116279073 447.35999999999996
0 508.927231807952 428.8 540.6151537884471 471.36
0 453.95348837209303 455.36 485.8814703675919 502.71999999999997
0 414.8237059264816 466.24 448.6721680420105 506.88
0 417.7044261065266 496.64 449.63240810202547 526.72
0 385.29632408102026 457.92 417.7044261065266 497.59999999999997
0 377.1342835708927 479.68000000000006 399.4598649662416 507.84
0 348.3270817704426 458.88 382.1755438859715 499.20000000000005
0 320.48012003000747 485.43999999999994 355.2888222055514 525.12
0 349.5273818454614 500.15999999999997 378.0945236309077 536.96
0 317.35933983495875 525.4399999999999 355.2888222055514 562.88
