0 93.86346586646661 76.16 113.30832708177044 111.35999999999999
0 118.10952738184547 78.4 141.8754688672168 114.24
0 136.83420855213802 95.03999999999999 162.04051012753186 130.23999999999998
0 128.43210802700673 124.80000000000001 150.27756939234808 155.51999999999998
0 144.99624906226555 128.32 171.8829707426857 165.44
0 101.54538634658664 121.28 122.430607651913 153.6
0 108.02700675168792 148.8 130.59264816204052 184.95999999999998
0 118.10952738184547 182.07999999999998 143.07576894223556 218.56
0 144.99624906226555 162.88 166.60165041260314 195.2
0 163.96099024756188 171.20000000000002 186.28657164291073 206.4
0 175.24381095273816 135.04 195.64891222805701 171.52
0 166.84171042760687 89.60000000000001 192.2880720180045 126.72
0 144.51612903225805 59.519999999999996 171.40285071267814 93.75999999999999
0 170.92273068267065 54.080000000000005 195.40885221305328 93.11999999999999
0 202.13053263315828 58.239999999999995 227.57689422355588 96.32
0 199.2498124531133 94.39999999999999 221.0952738184546 132.16
0 223.73593398349587 88.64000000000001 246.54163540885222 125.12
0 253.50337584396098 77.75999999999999 277.26931732933235 117.75999999999999
0 244.62115528882222 115.19999999999999 267.42685671417854 147.84
0 224.69617404351087 139.52 247.9819954988747 174.4
0 195.88897224306078 132.79999999999998 219.65491372843212 164.8
0 186.5266316579145 164.16 211.97299324831206 198.4
0 211.7329332333083 166.08 238.61965491372843 202.88
0 143.79594898724682 199.36 168.52213053263316 227.83999999999997
0 101.7854463615904 200.96 127.231807951988 233.92
0 112.58814703675918 235.51999999999998 132.75318829707427 270.71999999999997
0 130.11252813203302 229.12 155.79894973743436 259.52000000000004
0 161.32033008252063 221.11999999999998 187.4868717179295 255.04000000000002
0 173.32333083270817 194.56 200.2100525131283 229.76
0 202.13053263315828 196.48 224.45611402850713 232.32
0 236.69917479369843 180.15999999999997 261.4253563390848 215.68
0 225.17629407351836 217.92000000000002 249.662415603901 250.88
0 205.9714928732183 235.2 227.57689422355588 270.4
0 182.68567141785445 239.36 207.8919729932483 271.68
0 162.04051012753186 253.44 187.4868717179295 286.72
0 113.30832708177044 267.52 137.79444861215302 301.12
0 133.95348837209303 277.44 159.87996999249813 313.28
0 121.47036759189797 298.88 145.95648912228057 333.76
0 145.95648912228057 320.31999999999994 170.92273068267065 348.8
0 163.4808702175544 286.72 190.12753188297074 322.56
0 185.5663915978995 270.4 209.8124531132783 304.64
0 187.24681170292573 304.64 212.45311327831956 340.48
0 169.72243060765192 323.2 195.16879219804952 357.76000000000005
0 138.9947486871718 348.48 163.4808702175544 378.56
0 133.95348837209303 384.32000000000005 156.5191297824456 417.28000000000003
0 138.9947486871718 408.0 163.96099024756188 448.32
0 156.5191297824456 417.59999999999997 179.32483120780194 450.24
0 154.1185296324081 453.44 180.5251312828207 485.43999999999994
0 159.63990997749437 480.0 183.64591147786945 508.8
0 180.28507126781693 488.64 206.69167291822956 522.88
0 182.9257314328582 454.4 205.4913728432108 488.96000000000004
0 180.28507126781693 424.0 205.4913728432108 452.8
0 200.6901725431358 440.64 225.17629407351836 473.92
0 164.92123030757688 377.92 188.20705176294072 410.55999999999995
0 165.64141035258814 352.0 188.44711177794449 382.40000000000003
0 191.3278319579895 344.64 211.97299324831206 380.15999999999997
0 194.2085521380345 372.47999999999996 214.85371342835708 402.23999999999995
0 205.25131282820706 335.67999999999995 229.0172543135784 369.6
0 212.21305326331583 363.2 233.81845461365342 399.68000000000006
0 201.41035258814702 396.8 229.73743435858964 432.96
0 222.05551387846964 419.20000000000005 244.861215303826 454.72
0 234.05851462865715 447.35999999999996 259.7449362340585 474.56000000000006
0 243.42085521380343 416.64 271.2678169542385 453.12
0 213.8934733683421 471.03999999999996 239.09977494373592 503.68
0 209.09227306826708 495.03999999999996 230.93773443360843 527.36
0 162.04051012753186 513.6 187.72693173293322 546.88
0 196.609152288072 532.48 219.65491372843212 565.76
0 219.1747936984246 535.36 241.7404351087772 568.64
0 230.45761440360087 503.36 254.70367591897974 540.48
0 242.7006751687922 537.9200000000001 264.7861965491373 573.76
0 240.06001500375095 472.32 267.42685671417854 509.12
0 253.74343585896474 503.04 281.8304576144036 535.68
0 266.946736684171 527.04 293.35333833458367 561.5999999999999
0 279.9099774943736 498.24 306.07651912978247 526.4
0 266.46661665416354 469.76 289.0322580645161 506.24
0 265.2663165791448 437.44 287.3518379594899 469.76
0 230.45761440360087 385.28 254.9437359339835 419.84000000000003
0 235.2588147036759 352.64000000000004 260.22505626406604 386.24
0 253.74343585896474 382.71999999999997 278.7096774193548 413.44
0 271.5078769692423 405.43999999999994 292.3930982745686 441.92
0 213.17329332333085 300.47999999999996 239.57989497374342 331.2
0 235.01875468867215 322.23999999999995 256.86421605401347 353.92
0 232.37809452363092 285.44 260.7051762940735 320.31999999999994
0 256.86421605401347 314.24 279.6699174793698 347.52000000000004
0 216.53413353338334 265.59999999999997 239.57989497374342 298.88
0 235.73893473368344 250.56 260.7051762940735 286.4
0 245.58139534883722 209.60000000000002 271.74793698424605 245.12
0 261.18529632408104 244.48000000000002 284.47111777944485 281.92
0 262.14553638409603 281.6 286.63165791447864 312.96
0 281.35033758439613 261.12 305.1162790697675 292.16
0 273.90847711927984 223.67999999999998 300.0750187546887 258.88
0 268.86721680420106 190.07999999999998 295.7539384846212 219.84000000000003
0 247.9819954988747 144.64000000000001 273.66841710427605 179.20000000000002
0 266.46661665416354 127.04 292.87321830457614 161.6
0 276.7891972993248 160.0 299.5948987246812 194.56
0 296.23405851462866 177.60000000000002 319.75993998499627 212.48000000000002
0 297.19429857464365 84.48 322.64066016504125 122.56
0 317.35933983495875 120.0 342.56564141035255 151.68
0 308.95723930982746 152.0 334.4036009002251 183.04
0 326.72168042010503 176.32000000000002 351.44786196549137 212.16000000000003
0 352.4081020255064 157.44 381.21530382595654 189.76
0 354.56864216054015 199.68 379.774943735934 233.6
0 378.81470367591896 184.0 403.7809452363091 223.04
0 396.099024756189 212.8 423.4658664666166 250.56
0 326.9617404351088 211.20000000000002 352.8882220555139 247.68
0 344.4861215303826 232.95999999999998 369.6924231057764 266.24
0 301.9954988747187 227.83999999999997 325.5213803450863 264.64
0 321.68042010502626 247.68 346.4066016504126 289.92
0 304.63615903975995 274.88 331.52288072018 310.71999999999997
0 344.4861215303826 272.0 368.01200300075016 302.71999999999997
0 371.3728432108027 227.83999999999997 398.7396849212303 262.08
0 368.01200300075016 262.71999999999997 395.61890472618154 297.6
0 395.8589647411853 258.88 420.10502625656414 293.44
0 421.3053263315829 245.12 447.47186796699174 280.96
0 388.89722430607657 298.88 412.9032258064516 330.55999999999995
0 363.93098274568644 297.92 388.65716429107283 333.12
0 338.0045011252813 308.48 363.4508627156789 340.79999999999995
0 307.75693923480867 311.03999999999996 331.04276069017254 345.6
0 283.03075768942233 337.59999999999997 306.55663915978994 373.44
0 259.02475618904725 346.56 285.1912978244561 380.15999999999997
0 275.82895723930983 374.4 300.31507876969243 404.79999999999995
0 293.5933983495874 399.68000000000006 317.5993998499625 433.92
0 307.2768192048012 378.88 333.9234808702176 409.28
0 307.99699924981246 345.6 332.00300075018754 375.36
0 331.52288072018 337.28000000000003 357.2093023255814 371.52
0 337.52438109527384 372.47999999999996 363.2108027006752 406.08
0 360.0900225056264 357.44 385.77644411102773 392.0
0 360.3300825206301 329.28 388.417104276069 361.28
0 392.4981245311328 333.12 419.6249062265566 369.6
0 386.7366841710427 364.79999999999995 412.4231057764441 396.8
0 329.84246061515375 408.64 354.56864216054015 444.48
0 315.19879969992496 432.64000000000004 338.48462115528883 467.2
0 288.0720180045011 435.52 312.5581395348837 470.4
0 287.59189797449363 469.76 313.7584396099025 505.6
0 305.1162790697675 490.88 326.9617404351088 527.6800000000001
0 316.6391597899475 521.92 340.64516129032256 555.2
0 293.1132783195799 526.72 317.5993998499625 563.52
0 339.68492123030757 509.44000000000005 362.7306826706677 542.4
0 317.8394598649663 464.64 343.5258814703676 498.24
0 340.64516129032256 480.31999999999994 366.33158289572395 515.52
0 361.2903225806452 504.32000000000005 387.93698424606146 535.36
0 363.6909227306827 474.88 389.85746436609156 503.68
0 338.48462115528883 447.04 362.49062265566397 479.36
0 357.6894223555889 409.91999999999996 381.93548387096774 449.28
0 374.2535633908477 445.43999999999994 398.7396849212303 475.84000000000003
0 378.81470367591896 401.59999999999997 405.7014253563391 434.56000000000006
0 404.74118529632403 404.15999999999997 432.1080270067517 441.28
0 400.18004501125284 437.44 424.18604651162786 472.64000000000004
0 409.0622655663916 468.48 432.58814703675915 503.04
0 388.17704426106525 501.12 414.58364591147784 534.08
0 426.10652663165797 445.43999999999994 451.3128282070517 485.12
0 440.7501875468867 416.64 465.9564891222806 452.16
0 426.58664666166544 381.76 454.43360840210056 417.28000000000003
0 455.39384846211556 378.56 477.23930982745685 416.32
0 424.42610652663166 346.24 450.112528132033 379.20000000000005
0 414.58364591147784 310.71999999999997 440.7501875468867 345.28
0 415.54388597149284 280.64 445.55138784696175 313.6
0 444.351087771943 280.64 470.9977494373594 317.44
0 442.1905476369092 314.88 469.3173293323331 346.24
0 456.35408852213055 339.84000000000003 479.6399099774943 377.28000000000003
