0 41.53038259564891 190.72 76.09902475618905 242.24
0 72.73818454613654 202.24 106.82670667666918 251.52
0 45.37134283570893 242.24 85.46136534133532 294.72
0 83.54088522130533 278.4 115.70892723180796 326.4
0 109.70742685671418 286.4 150.27756939234808 335.67999999999995
0 124.11102775693922 329.6 163.4808702175544 376.64
0 150.99774943735935 293.12 188.44711177794449 341.12
0 168.28207051762942 336.64 202.37059264816202 384.96000000000004
0 186.76669167291823 389.76 222.53563390847714 427.52000000000004
0 224.45611402850713 392.0 259.02475618904725 429.76
0 234.7786946736684 428.16 273.66841710427605 464.32000000000005
0 267.1867966991748 460.48 305.8364591147787 496.0
0 308.2370592648162 456.96 342.56564141035255 503.04
0 272.94823705926484 402.88 307.2768192048012 451.2
0 246.78169542385598 365.12 283.51087771942986 412.8
0 212.9332333083271 352.64000000000004 249.1822955738935 393.6
0 197.0892723180795 311.03999999999996 232.37809452363092 358.72
0 221.5753938484621 291.84000000000003 261.4253563390848 333.44
0 178.6046511627907 271.68 216.77419354838707 318.08
0 141.63540885221306 241.6 180.28507126781693 292.48
0 106.82670667666918 206.72 147.8769692423106 254.72000000000003
0 79.69992498124532 164.16 120.75018754688672 216.0
0 51.3728432108027 135.68 86.66166541635408 187.51999999999998
0 62.17554388597149 84.80000000000001 97.46436609152289 152.0
0 85.46136534133532 95.67999999999999 132.993248312078 154.24
0 112.58814703675918 149.76000000000002 156.5191297824456 204.48000000000002
0 124.8312078019505 40.32 167.08177044261066 104.96000000000001
0 144.03600900225055 118.08 186.28657164291073 176.0
0 155.5588897224306 174.4 196.1290322580645 226.23999999999998
0 179.80495123780943 220.79999999999998 222.05551387846964 272.32
0 176.2040510127532 80.32 224.45611402850713 142.08
0 187.72693173293322 140.48 230.69767441860463 195.2
0 225.41635408852213 179.20000000000002 267.66691672918233 235.51999999999998
0 227.81695423855965 115.84 268.86721680420106 179.20000000000002
0 220.37509377344335 49.6 262.14553638409603 111.03999999999999
0 207.65191297824455 0.32 249.90247561890473 56.0
0 245.82145536384098 0.32 290.95273818454615 66.24
0 275.3488372093023 80.96000000000001 314.23855963990997 138.88
0 275.3488372093023 140.48 316.39909977494375 200.0
0 303.1957989497374 185.92 339.44486121530383 240.0
0 275.3488372093023 222.39999999999998 315.19879969992496 279.36
0 305.3563390847712 244.8 342.56564141035255 291.84000000000003
0 300.79519879969996 285.44 334.4036009002251 324.79999999999995
0 260.7051762940735 286.72 299.5948987246812 338.88
0 281.11027756939234 324.15999999999997 320.0 369.6
0 300.79519879969996 365.76 338.9647411852963 413.44
0 322.40060015003746 335.67999999999995 359.8499624906226 381.12
0 343.5258814703676 368.0 380.735183795949 405.12
0 358.64966241560387 319.36 392.258064516129 362.56
0 347.12678169542386 408.32 382.41560390097527 449.91999999999996
0 340.1650412603151 445.12 373.053263315829 482.88
0 373.053263315829 457.59999999999997 406.18154538634656 489.91999999999996
0 383.13578394598653 415.36 414.8237059264816 452.16
0 383.615903975994 384.96000000000004 421.7854463615904 422.08
0 417.7044261065266 376.64 451.3128282070517 416.64
0 395.138784696174 334.72 429.94748687171796 380.48
0 432.1080270067517 332.47999999999996 466.91672918229557 380.48
0 405.4613653413353 290.24 445.55138784696175 339.52
0 371.3728432108027 277.76 408.34208552138034 330.24
0 341.8454613653413 263.03999999999996 376.41410352588144 314.88
0 340.1650412603151 215.36 377.85446361590397 270.71999999999997
0 378.81470367591896 227.51999999999998 419.3848462115529 279.36
0 381.695423855964 180.48 420.58514628657167 232.32
0 327.4418604651163 147.52 371.3728432108027 203.84
0 314.7186796699175 102.4 354.56864216054015 161.28
0 333.68342085521374 39.36 376.6541635408852 100.48
0 363.93098274568644 112.96 402.10052513128284 166.08
0 386.496624156039 54.080000000000005 430.9077269317329 117.12
0 424.6661665416354 104.0 469.79744936234056 170.24
0 443.63090772693175 162.88 482.5206301575394 223.67999999999998
0 462.83570892723185 203.84 505.56639159789944 251.52
0 490.6826706676669 147.52 528.8522130532633 209.92000000000002
0 416.5041260315079 204.48000000000002 459.4748687171793 260.15999999999997
0 433.3083270817704 238.4 471.4778694673669 287.68
0 457.5543885971493 283.84000000000003 489.9624906226557 331.84
0 484.9212303075769 230.07999999999998 521.1702925731433 282.56
0 525.9714928732184 186.56 562.4606151537885 243.84
0 557.179294823706 211.52 594.8687171792948 268.48
0 534.6136534133533 256.0 572.3030757689422 304.0
0 500.0450112528132 285.44 539.4148537134283 337.92
0 531.0127531882971 300.79999999999995 562.9407351837959 349.44000000000005
0 494.7636909227307 330.88 531.0127531882971 376.64
0 464.51612903225805 357.44 501.00525131282825 400.64
0 467.3968492123031 405.12 499.80495123780946 446.08
0 432.1080270067517 424.32000000000005 462.83570892723185 467.52000000000004
0 464.0360090022506 441.28 499.324831207802 476.15999999999997
0 418.9047261815454 463.04 455.873968492123 507.84
0 464.51612903225805 477.76000000000005 502.205551387847 513.28
0 503.4058514628657 486.08 537.0142535633909 523.84
0 515.4088522130533 439.04 549.4973743435859 480.64
0 555.9789947486872 425.28 591.5078769692424 469.76
0 524.7711927981995 395.84000000000003 562.9407351837959 438.40000000000003
0 530.5326331582896 352.64000000000004 565.821455363841 399.04
0 550.2175543885971 372.47999999999996 578.5446361590398 401.92
0 568.4621155288822 337.59999999999997 607.8319579894974 387.84
0 571.8229557389348 288.96000000000004 610.9527381845462 335.67999999999995
