0 9.122280570142536 258.88 47.05176294073518 305.28
0 19.92498124531133 312.32 50.8927231807952 352.96
0 31.687921980495123 348.8 69.61740435108777 394.88
0 41.770442610652665 398.08 77.2993248312078 431.03999999999996
0 38.1695423855964 223.35999999999999 72.25806451612902 272.0
0 44.41110277569393 272.0 83.06076519129782 317.44
0 45.61140285071268 320.31999999999994 79.69992498124532 368.64
0 65.53638409602401 358.40000000000003 100.10502625656414 400.0
0 83.06076519129782 420.79999999999995 117.86946736684172 457.92
0 92.90322580645162 387.84 128.43210802700673 427.52000000000004
0 93.86346586646661 342.40000000000003 129.63240810202552 387.84
0 75.13878469617404 298.24 112.58814703675918 344.0
0 71.77794448612153 256.0 110.42760690172543 303.03999999999996
0 96.26406601650413 240.96 138.9947486871718 289.92
0 84.26106526631658 191.35999999999999 125.07126781695425 235.51999999999998
0 120.51012753188297 172.8 155.79894973743436 222.39999999999998
0 155.07876969242312 166.4 190.3675918979745 220.48
0 156.75918979744938 222.39999999999998 190.3675918979745 272.96
0 122.430607651913 266.88 160.36009002250563 305.91999999999996
0 176.6841710427607 208.32 215.09377344336085 263.03999999999996
0 186.28657164291073 256.96000000000004 225.17629407351836 297.92
0 135.39384846211553 306.88 165.64141035258814 348.48
0 150.99774943735935 293.76 188.92723180795198 337.28000000000003
0 131.55288822205551 354.56000000000006 163.00075018754688 399.04
0 121.71042760690172 422.71999999999997 155.5588897224306 463.04
0 152.43810952738184 431.36 187.24681170292573 466.24
0 152.43810952738184 344.0 192.768192048012 392.0
0 155.5588897224306 379.20000000000005 195.40885221305328 414.72
0 200.2100525131283 387.52000000000004 234.2985746436609 427.52000000000004
0 195.40885221305328 422.40000000000003 230.93773443360843 457.92
0 228.77719429857464 432.0 268.86721680420106 466.56
0 235.2588147036759 380.48 268.62715678919733 419.20000000000005
0 273.4283570892723 426.56 302.2355588897224 463.68
0 296.7141785446362 426.24 333.20330082520627 464.64
0 331.2828207051763 425.91999999999996 366.33158289572395 464.96000000000004
0 361.2903225806452 440.0 392.0180045011253 479.68000000000006
0 191.56789197299327 315.84 225.41635408852213 364.79999999999995
0 204.29107276819207 164.48000000000002 242.94073518379594 216.64000000000001
0 230.69767441860463 140.48 266.7066766691673 201.6
0 232.13803450862716 198.72 272.2280570142536 249.92000000000002
0 248.4621155288822 252.8 284.7111777944486 298.88
0 223.97599399849963 299.52000000000004 258.30457614403605 347.52000000000004
0 227.0967741935484 333.12 261.4253563390848 367.35999999999996
0 260.4651162790698 303.03999999999996 296.4741185296324 347.52000000000004
0 255.423855963991 341.44 291.4328582145537 384.32000000000005
0 265.7464366091523 379.52 302.2355588897224 410.55999999999995
0 288.79219804951236 360.64 322.64066016504125 405.76
0 324.32108027006745 369.6 355.0487621905477 416.0
0 298.8747186796699 307.2 332.00300075018754 357.76000000000005
0 276.3090772693173 239.04 314.47861965491376 292.48
0 272.2280570142536 187.2 310.39759939985 237.76
0 311.83795948987245 155.51999999999998 349.04726181545385 210.24
0 307.2768192048012 210.24 347.3668417104276 262.4
0 310.87771942985745 266.56 350.00750187546885 313.92
0 329.3623405851463 316.8 362.97074268567144 365.43999999999994
0 353.60840210052515 377.59999999999997 389.1372843210803 423.68
0 384.33608402100526 402.88 415.7839459864966 448.32
0 349.5273818454614 468.16 383.85596399099774 504.0
0 391.0577644411103 477.12 423.7059264816204 512.96
0 400.90022505626405 420.79999999999995 431.1477869467367 457.92
0 428.2670667666917 476.48 462.59564891222806 514.24
0 440.510127531883 449.6 479.6399099774943 487.35999999999996
0 364.89122280570143 328.0 401.8604651162791 368.96000000000004
0 350.2475618904726 278.08 388.89722430607657 325.12
0 336.8042010502626 239.36 376.1740435108777 287.04
0 402.34058514628657 312.32 436.9092273068267 356.8
0 408.1020255063766 364.79999999999995 447.231807951988 409.6
0 435.9489872468117 403.84000000000003 468.35708927231804 447.35999999999996
0 460.4351087771943 457.59999999999997 498.364591147787 493.44
0 468.5971492873218 399.36 497.8844711177794 428.48
0 436.18904726181546 341.44 478.6796699174794 386.56
0 345.6864216054014 138.56 383.615903975994 187.83999999999997
0 407.3818454613654 208.96 450.3525881470367 257.28000000000003
0 409.54238559639913 252.8 450.83270817704425 302.4
0 444.351087771943 270.08 489.4823705926482 315.52
0 452.99324831207804 214.72000000000003 498.60465116279073 259.84000000000003
0 456.834208552138 156.48 506.04651162790697 210.24
0 518.5296324081021 166.08 567.741935483871 216.0
0 497.16429107276815 231.04 537.9744936234058 286.4
0 526.9317329332333 231.04 558.3795948987247 284.8
0 551.1777944486121 240.32 586.2265566391598 286.4
0 502.68567141785445 283.2 541.5753938484621 324.15999999999997
0 471.7179294823706 325.12 516.3690922730682 373.12
0 462.59564891222806 367.68 500.5251312828207 401.59999999999997
0 500.76519129782446 333.44 526.4516129032259 374.4
0 491.8829707426857 434.56000000000006 528.3720930232558 476.15999999999997
0 528.132033008252 473.28000000000003 566.7816954238559 505.91999999999996
0 505.08627156789197 400.96 543.7359339834959 439.36
0 562.7006751687923 447.68 601.5903975993999 483.2
0 535.0937734433609 379.52 577.344336084021 419.20000000000005
0 545.6564141035259 342.71999999999997 589.8274568642161 390.72
0 558.6196549137285 291.84000000000003 599.6699174793698 335.67999999999995
