0 88.1020255063766 516.48 120.03000750187547 554.5600000000001
0 126.27156789197299 501.12 154.35858964741186 532.48
0 128.192048012003 464.32000000000005 159.15978994748687 499.84000000000003
0 155.07876969242312 497.92 184.12603150787697 530.56
0 186.046511627907 488.64 211.01275318829707 521.5999999999999
0 142.8357089272318 418.24 168.52213053263316 459.20000000000005
0 123.63090772693172 351.03999999999996 154.1185296324081 392.32
0 144.7561890472618 376.96 176.6841710427607 415.67999999999995
0 156.03900975243812 341.76 181.96549137284322 383.36
0 134.19354838709677 297.92 164.68117029257314 337.59999999999997
0 160.60015003750937 273.28 191.56789197299327 314.88
0 170.44261065266315 309.76 199.48987246811703 347.52000000000004
0 148.11702925731433 187.51999999999998 174.7636909227307 223.67999999999998
0 163.96099024756188 157.12 193.96849212303073 201.28
0 165.16129032258064 200.0 196.1290322580645 235.84
0 183.16579144786198 231.04 212.45311327831956 272.32
0 201.65041260315078 268.15999999999997 231.65791447861966 302.08
0 209.33233308327084 304.0 239.57989497374342 342.40000000000003
0 219.65491372843212 339.20000000000005 250.38259564891223 376.0
0 246.30157539384845 365.12 270.0675168792198 399.36
0 187.24681170292573 365.76 215.81395348837208 398.08
0 213.8934733683421 385.6 245.34133533383346 417.92
0 169.96249062265565 400.96 199.48987246811703 440.31999999999994
0 203.5708927231808 411.52 234.2985746436609 447.35999999999996
0 181.72543135783945 449.28 206.21155288822206 486.4
0 202.61065266316578 457.59999999999997 225.17629407351836 488.64
0 211.97299324831206 441.28 240.06001500375095 475.20000000000005
0 231.65791447861966 466.56 261.4253563390848 499.52
0 245.58139534883722 491.84 272.4681170292573 521.28
0 219.65491372843212 519.6800000000001 245.58139534883722 553.6
0 245.34133533383346 539.52 275.10877719429857 566.4
0 271.0277569392348 533.44 296.7141785446362 557.12
0 283.9909977494374 510.72 312.79819954988744 542.4
0 297.6744186046512 536.3199999999999 321.68042010502626 567.6800000000001
0 314.23855963990997 507.52000000000004 340.64516129032256 535.36
0 339.68492123030757 509.76 363.6909227306827 541.12
0 324.56114028507125 481.92 352.16804201050263 517.12
0 292.87321830457614 471.36 318.79969992498127 505.28
0 265.7464366091523 471.03999999999996 290.95273818454615 504.0
0 243.90097524381093 433.28000000000003 270.5476369092273 468.48
0 271.5078769692423 444.79999999999995 299.11477869467365 477.12
0 273.66841710427605 416.96 302.71567891972995 447.68
0 296.9542385596399 432.96 324.0810202550637 472.64000000000004
0 320.24006001500373 441.92 347.3668417104276 473.92
0 321.68042010502626 419.20000000000005 350.4876219054763 456.64
0 347.3668417104276 460.48 371.85296324081025 492.16
0 358.40960240060014 474.56000000000006 380.97524381095275 507.2
0 365.3713428357089 439.04 392.0180045011253 468.16
0 347.6069017254314 422.71999999999997 372.093023255814 456.64
0 342.56564141035255 385.91999999999996 365.6114028507127 428.8
0 300.31507876969243 390.08000000000004 328.8822205551388 428.16
0 271.0277569392348 376.32 297.19429857464365 410.88
0 297.19429857464365 357.12 321.68042010502626 394.88
0 271.0277569392348 334.72 301.7554388597149 366.08
0 298.6346586646662 320.0 327.92198049512376 356.8
0 249.662415603901 301.12 278.7096774193548 336.96
0 231.65791447861966 276.48 260.7051762940735 317.12
0 238.13953488372093 235.51999999999998 270.78769692423106 280.0
0 260.7051762940735 264.0 287.59189797449363 302.71999999999997
0 278.7096774193548 280.0 308.95723930982746 323.2
0 298.3945986496624 260.47999999999996 328.4021005251313 297.28000000000003
0 310.6376594148537 286.4 341.12528132033003 324.79999999999995
0 332.00300075018754 320.31999999999994 360.0900225056264 357.12
0 349.7674418604651 348.8 377.61440360090023 383.68
0 236.21905476369093 406.08 262.6256564141035 442.56
0 197.569392348087 124.80000000000001 228.29707426856714 166.08
0 209.57239309827457 163.52 245.58139534883722 207.04000000000002
0 223.49587396849213 199.68 254.22355588897227 240.0
0 228.0570142535634 112.63999999999999 262.6256564141035 158.4
0 243.1807951987997 158.4 271.9879969992498 201.6
0 250.38259564891223 80.96000000000001 281.8304576144036 127.68
0 265.026256564141 128.32 297.4343585896474 172.16000000000003
0 289.0322580645161 85.12 323.60090022505625 123.84
0 315.43885971492875 104.32000000000001 343.5258814703676 149.44
0 332.96324081020254 60.480000000000004 366.5716429107277 107.84
0 296.7141785446362 143.68 323.60090022505625 189.76
0 269.5873968492123 171.20000000000002 302.71567891972995 213.12
0 301.0352588147037 184.0 331.76294073518375 228.16
0 270.0675168792198 215.36 302.71567891972995 256.96000000000004
0 312.79819954988744 225.92 348.08702175543885 267.2
0 331.76294073518375 193.28 359.60990247561887 235.51999999999998
0 326.24156039009756 149.44 355.0487621905477 192.32
0 369.6924231057764 60.16 400.90022505626405 106.24000000000001
0 388.89722430607657 34.56 413.3833458364591 79.68
0 406.18154538634656 80.0 437.8694673668417 129.60000000000002
0 362.7306826706677 98.88 396.81920480120027 143.36
0 384.33608402100526 123.84 406.661665416354 169.28
0 359.8499624906226 150.39999999999998 390.81770442610656 196.48
0 358.64966241560387 193.28 383.13578394598653 238.07999999999998
0 360.0900225056264 236.16 389.61740435108777 273.28
0 387.93698424606146 233.92 418.18454613653415 266.56
0 365.6114028507127 280.0 396.3390847711928 321.92
0 385.0562640660165 296.64 409.78244561140286 338.88
0 409.54238559639913 284.8 436.4291072768192 324.15999999999997
0 421.3053263315829 248.96 451.55288822205546 284.48
0 375.45386346586645 350.08000000000004 399.4598649662416 385.91999999999996
0 402.10052513128284 348.48 428.74718679669917 385.28
0 367.5318829707427 388.16 396.57914478619654 422.71999999999997
0 374.7336834208552 420.48 402.10052513128284 450.88
0 397.7794448612153 424.32000000000005 421.7854463615904 457.28000000000003
0 417.4643660915229 432.0 441.7104276069017 465.91999999999996
0 404.26106526631656 390.08000000000004 429.94748687171796 425.6
0 421.3053263315829 402.23999999999995 448.43210802700673 434.24
0 427.0667666916729 366.4 455.873968492123 397.12
0 445.55138784696175 337.92 471.95798949737434 372.16
0 468.5971492873218 339.20000000000005 488.76219054763686 374.72
0 488.5221305326331 344.0 511.56789197299327 370.88
0 437.629407351838 307.84 461.15528882220553 345.28
0 469.79744936234056 0.32 501.72543135783945 54.080000000000005
0 433.3083270817704 32.0 464.0360090022506 69.76
0 444.351087771943 75.19999999999999 475.7989497374343 123.2
0 479.6399099774943 52.160000000000004 508.6871717929483 99.84
0 508.44711177794454 62.72 538.6946736684171 103.36
0 420.8252063015754 120.0 451.072768192048 164.16
0 461.87546886721685 122.56 490.6826706676669 166.72
0 495.48387096774195 113.28 521.1702925731433 156.8
0 516.8492123030758 114.56 537.4943735933983 151.35999999999999
0 426.58664666166544 173.76000000000002 457.31432858214555 215.04000000000002
0 463.0757689422356 163.52 493.8034508627157 197.76
0 502.68567141785445 176.96 532.4531132783195 220.15999999999997
0 520.9302325581396 160.32 549.0172543135784 201.6
0 466.67666916729183 204.8 493.8034508627157 244.16
0 440.7501875468867 213.44 468.83720930232556 253.44
0 468.5971492873218 238.72 497.8844711177794 277.12
0 495.0037509377344 218.56 522.1305326331583 255.04000000000002
0 513.0082520630158 240.0 538.2145536384096 278.72
0 525.251312828207 207.04000000000002 553.338334583646 243.2
0 538.4546136534134 278.4 568.7021755438859 312.64
0 504.60615153788444 295.36 530.5326331582896 330.55999999999995
0 453.95348837209303 277.12 482.0405101275319 309.44
0 474.1185296324081 294.72 502.205551387847 334.4
