0 13.443360840210053 256.64 54.01350337584396 307.2
0 34.808702175543885 203.52 74.4186046511628 254.4
0 56.174043510877716 180.79999999999998 102.98574643660915 236.8
0 73.21830457614404 230.07999999999998 116.66916729182296 283.84000000000003
0 57.85446361590398 265.28 99.14478619654913 311.36
0 34.808702175543885 304.32 71.77794448612153 350.4
0 53.53338334583646 344.64 92.18304576144035 384.64
0 72.49812453113277 321.92 107.06676669167292 367.35999999999996
0 93.14328582145536 353.28000000000003 126.99174793698425 399.36
0 60.255063765941486 400.96 97.70442610652664 444.79999999999995
0 111.14778694673669 406.4 147.8769692423106 439.36
0 117.3893473368342 344.64 149.55738934733682 386.88
0 99.8649662415604 290.88 139.9549887471868 332.16
0 109.94748687171793 271.03999999999996 152.1980495123781 320.64
0 122.430607651913 213.12 167.80195048762192 266.56
0 111.14778694673669 153.28 150.27756939234808 206.08
0 169.00225056264065 123.2 210.7726931732933 184.0
0 160.12003000750187 185.27999999999997 207.4118529632408 239.04
0 177.6444111027757 240.96 221.0952738184546 285.12
0 154.83870967741936 271.36 197.0892723180795 319.36
0 136.35408852213055 311.03999999999996 173.8034508627157 354.24
0 159.15978994748687 352.32 195.64891222805701 397.12
0 145.2363090772693 388.16 181.96549137284322 416.96
0 150.27756939234808 417.59999999999997 183.64591147786945 453.44
0 79.69992498124532 466.24 114.9887471867967 504.32000000000005
0 147.1567891972993 461.76 180.0450112528132 496.96
0 182.9257314328582 461.76 212.69317329332335 493.76
0 212.69317329332335 455.67999999999995 245.10127531882972 491.2
0 249.1822955738935 453.12 280.6301575393848 488.32
0 277.26931732933235 436.8 311.1177794448612 465.28
0 181.72543135783945 421.76 219.89497374343586 461.12
0 219.1747936984246 417.28000000000003 253.74343585896474 455.36
0 263.3458364591148 397.44 298.3945986496624 434.88
0 301.9954988747187 398.40000000000003 336.3240810202551 438.08
0 281.11027756939234 367.35999999999996 318.07951987997 406.08
0 224.45611402850713 392.0 262.38559639909977 418.88
0 181.00525131282822 391.03999999999996 220.37509377344335 428.48
0 203.09077269317328 353.6 241.98049512378094 398.08
0 175.72393098274569 312.32 218.93473368342086 356.15999999999997
0 234.05851462865715 337.92 272.4681170292573 374.08000000000004
0 271.2678169542385 325.76 308.95723930982746 370.24
0 291.6729182295574 289.92 328.642160540135 324.79999999999995
0 243.42085521380343 297.92 283.03075768942233 342.40000000000003
0 198.76969242310577 282.88 239.57989497374342 334.4
0 223.49587396849213 239.36 265.7464366091523 288.96000000000004
0 265.7464366091523 249.28 308.95723930982746 302.4
0 218.2145536384096 129.92000000000002 262.6256564141035 187.83999999999997
0 240.06001500375095 197.12 280.6301575393848 256.0
0 276.5491372843211 166.72 319.51987996999253 220.79999999999998
0 315.43885971492875 135.35999999999999 360.57014253563386 196.16
0 370.17254313578394 126.08000000000001 411.70292573143286 186.23999999999998
0 416.26406601650416 160.32 459.23480870217554 215.36
0 309.437359339835 205.12 354.3285821455364 256.32
0 359.36984246061513 209.28 397.53938484621153 259.20000000000005
0 399.6999249812453 220.79999999999998 442.1905476369092 268.48
0 322.64066016504125 255.04000000000002 360.57014253563386 306.24
0 356.7291822955739 274.24 396.57914478619654 320.0
0 397.53938484621153 274.24 440.510127531883 320.96
0 436.18904726181546 259.20000000000005 477.9594898724681 300.47999999999996
0 326.00150037509377 298.88 364.17104276069017 337.92
0 376.41410352588144 314.56 411.70292573143286 360.64
0 414.1035258814703 310.71999999999997 455.873968492123 351.68
0 454.43360840210056 304.0 492.12303075768943 349.44000000000005
0 316.15903975993996 347.52000000000004 354.3285821455364 381.76
0 356.2490622655664 347.84 392.0180045011253 389.44000000000005
0 396.81920480120027 336.96 425.3863465866467 378.24
0 430.4276069017254 339.20000000000005 465.71642910727684 379.20000000000005
0 337.28432108027005 387.52000000000004 371.85296324081025 429.76
0 374.013503375844 390.4 407.86196549137287 427.52000000000004
0 408.82220555138787 381.12 448.43210802700673 416.32
0 444.351087771943 372.47999999999996 478.9197299324831 409.6
0 470.75768942235555 344.64 507.4868717179295 387.52000000000004
0 333.9234808702176 424.64 364.6511627906977 460.48
0 364.6511627906977 423.68 396.3390847711928 453.44
0 398.97974493623406 419.20000000000005 434.2685671417854 454.72
0 432.3480870217554 414.72 466.91672918229557 446.71999999999997
0 466.1965491372843 413.76 499.08477119279826 447.68
0 498.60465116279073 416.96 531.2528132033008 449.91999999999996
0 537.7344336084021 411.84 568.9422355588897 446.4
0 482.2805701425357 381.44 518.2895723930983 414.72
0 519.0097524381096 378.88 551.1777944486121 414.72
0 559.099774943736 371.52 589.5873968492123 408.96000000000004
0 566.3015753938485 388.8 595.588897224306 426.24
0 509.887471867967 347.84 547.8169542385597 381.12
0 545.6564141035259 333.76 581.9054763690923 375.67999999999995
0 580.4651162790698 324.79999999999995 610.9527381845462 367.35999999999996
0 496.9242310577644 306.56 534.3735933983496 351.03999999999996
0 538.2145536384096 288.96000000000004 577.344336084021 328.64
0 573.2633158289573 291.84000000000003 613.1132783195799 331.52
0 484.68117029257314 270.08 528.132033008252 315.2
0 520.2100525131283 245.44 562.4606151537885 297.28000000000003
0 472.19804951237813 219.52 513.9684921230307 272.96
0 477.4793698424606 167.04000000000002 520.4501125281321 222.07999999999998
0 511.56789197299327 184.95999999999998 549.4973743435859 235.84
