0 66.25656414103526 110.72 91.22280570142536 151.68
0 79.45986496624157 85.76 114.9887471867967 131.2
0 101.7854463615904 59.84 136.83420855213802 105.60000000000001
0 113.5483870967742 99.52 150.03750937734435 143.36
0 78.49962490622656 134.72 112.34808702175543 177.28000000000003
0 58.57464366091523 159.04 95.30382595648913 206.4
0 93.86346586646661 170.56 126.75168792198049 214.08
0 80.42010502625656 207.68 113.5483870967742 245.12
0 76.8192048012003 242.88 110.42760690172543 274.24
0 108.50712678169542 247.04000000000002 133.23330832708177 285.12
0 94.82370592648161 278.4 123.63090772693172 320.96
0 125.07126781695425 279.04 155.31882970742686 315.52
0 115.94898724681171 308.8 146.43660915228807 345.6
0 143.07576894223556 300.79999999999995 169.00225056264065 339.20000000000005
0 150.03750937734435 272.64 181.72543135783945 311.36
0 180.28507126781693 298.56 207.8919729932483 331.84
0 135.87396849212303 236.8 165.88147036759187 277.44
0 117.14928732183046 200.96 144.51612903225805 245.76
0 138.27456864216055 186.23999999999998 167.56189047261816 226.88
0 117.14928732183046 142.08 148.59714928732183 186.23999999999998
0 162.76069017254315 159.04 195.40885221305328 204.48000000000002
0 163.72093023255815 219.20000000000002 194.2085521380345 257.28000000000003
0 181.24531132783198 196.16 216.29407351837958 234.88
0 179.0847711927982 256.32 209.09227306826708 293.12
0 204.5311327831958 276.15999999999997 234.05851462865715 313.6
0 214.13353338334585 312.96 244.1410352588147 345.28
0 239.09977494373592 328.64 265.50637659414855 362.56
0 266.946736684171 338.56 294.5536384096024 372.47999999999996
0 277.7494373593398 303.36 304.63615903975995 337.28000000000003
0 247.26181545386345 298.56 278.22955738934735 331.2
0 231.89797449362342 259.20000000000005 262.6256564141035 298.56
0 266.46661665416354 268.8 296.4741185296324 305.28
0 203.5708927231808 222.71999999999997 235.01875468867215 260.47999999999996
0 230.93773443360843 205.76 261.90547636909224 245.76
0 146.91672918229557 80.32 181.24531132783198 127.04
0 169.48237059264815 114.88 204.0510127531883 160.32
0 202.13053263315828 115.52 233.33833458364592 154.24
0 181.72543135783945 72.32000000000001 211.49287321830457 119.03999999999999
0 170.44261065266315 22.72 203.09077269317328 70.4
0 194.92873218304578 0.96 230.45761440360087 52.480000000000004
0 202.61065266316578 53.440000000000005 239.09977494373592 100.8
0 226.85671417854465 25.6 264.54613653413355 70.4
0 234.05851462865715 80.32 268.86721680420106 129.28
0 234.53863465866465 125.12 265.50637659414855 169.92000000000002
0 235.01875468867215 167.36 269.1072768192048 208.96
0 258.7846961740435 192.95999999999998 290.95273818454615 237.44
0 251.82295573893472 230.39999999999998 284.2310577644411 264.96
0 287.83195798949737 251.20000000000002 319.75993998499627 286.4
0 297.6744186046512 284.48 326.9617404351088 322.23999999999995
0 306.55663915978994 312.96 335.60390097524385 346.24
0 307.2768192048012 352.0 335.1237809452363 384.0
0 333.20330082520627 363.84000000000003 360.57014253563386 396.8
0 333.20330082520627 328.64 358.1695423855964 365.12
0 325.5213803450863 296.0 355.0487621905477 334.4
0 357.44936234058514 357.44 381.4553638409603 396.8
0 377.37434358589644 384.0 405.9414853713428 413.76
0 403.30082520630157 375.03999999999996 434.98874718679673 403.52
0 410.9827456864216 356.15999999999997 440.99024756189044 385.91999999999996
0 434.2685671417854 371.84 466.43660915228804 409.28
0 379.29482370592643 350.08000000000004 411.9429857464366 384.64
0 370.17254313578394 325.76 398.25956489122285 359.68000000000006
0 349.7674418604651 295.36 380.735183795949 333.76
0 343.04576144036014 261.44 368.7321830457614 301.44
0 314.9587396849212 238.07999999999998 345.9264816204051 276.8
0 288.0720180045011 214.08 320.960240060015 251.20000000000002
0 262.6256564141035 150.39999999999998 293.35333833458367 194.88
0 294.5536384096024 175.04000000000002 324.56114028507125 216.0
0 262.6256564141035 100.8 295.9939984996249 148.8
0 262.6256564141035 45.76 296.9542385596399 90.55999999999999
0 297.6744186046512 22.080000000000002 332.00300075018754 66.88
0 288.0720180045011 76.16 321.92048012003 122.56
0 292.3930982745686 121.6 325.5213803450863 162.24
0 330.08252063015755 17.28 362.7306826706677 66.88
0 326.4816204051013 68.8 357.9294823705926 112.96
0 326.9617404351088 114.88 356.0090022505626 160.96
0 321.92048012003 156.16 351.44786196549137 201.92000000000002
0 343.7659414853714 207.68 372.8132033008252 247.68
0 369.2123030757689 219.20000000000002 397.29932483120774 262.71999999999997
0 369.6924231057764 262.08 402.82070517629404 296.64
0 379.774943735934 293.76 408.82220555138787 329.28
0 397.29932483120774 324.48 428.02700675168796 355.52
0 410.0225056264066 288.96000000000004 438.8297074268567 323.52
0 424.6661665416354 313.6 452.99324831207804 354.88
0 445.0712678169543 333.76 474.35858964741186 368.96000000000004
0 482.76069017254315 370.24 506.52663165791444 404.15999999999997
0 455.15378844711176 308.15999999999997 487.0817704426106 341.44
0 435.46886721680426 281.6 470.0375093773443 320.0
0 411.4628657164291 256.64 444.1110277569393 291.2
0 484.2010502625657 317.44 514.2085521380345 354.24
0 500.285071267817 344.64 527.8919729932484 372.47999999999996
0 509.887471867967 299.20000000000005 541.0952738184546 341.12
0 466.91672918229557 274.24 498.84471117779447 310.71999999999997
0 493.8034508627157 278.72 520.2100525131283 314.88
0 520.6901725431358 271.36 554.7786946736685 307.52
0 439.30982745686424 240.96 470.9977494373594 281.92
0 410.9827456864216 213.12 444.1110277569393 257.28000000000003
0 367.5318829707427 184.95999999999998 401.6204051012753 222.71999999999997
0 358.1695423855964 140.16 389.85746436609156 179.20000000000002
0 354.3285821455364 99.2 386.9767441860465 144.0
0 392.0180045011253 148.16 422.2655663915979 188.16
0 366.5716429107277 16.64 399.21980495123785 65.6
0 377.85446361590397 61.44 412.9032258064516 102.72
0 385.0562640660165 107.52000000000001 421.06526631657914 145.28
0 417.4643660915229 89.28 452.99324831207804 132.48
0 418.6646661665417 146.24 451.55288822205546 194.24
0 434.748687171793 182.71999999999997 464.75618904726184 220.79999999999998
0 463.0757689422356 207.68 493.8034508627157 248.64000000000001
0 482.2805701425357 240.96 516.1290322580645 273.28
0 490.6826706676669 202.56 521.6504126031508 239.68
0 517.3293323330834 233.6 545.1762940735184 269.44
0 547.5768942235559 223.35999999999999 580.225056264066 264.0
0 461.15528882220553 156.16 495.48387096774195 200.96
0 445.0712678169543 116.16 475.31882970742686 162.24
0 448.91222805701426 62.08 483.72093023255815 105.60000000000001
0 473.39834958739686 115.52 507.00675168792196 158.72
0 494.7636909227307 145.28 523.5708927231808 188.16
0 518.7696924231058 160.96 551.6579144786197 208.96
0 198.28957239309827 156.8 227.33683420855215 192.0
