0 238.61965491372843 47.36 277.26931732933235 109.76
0 191.08777194298574 88.32000000000001 225.17629407351836 135.35999999999999
0 165.64141035258814 112.32 196.84921230307577 164.16
0 120.51012753188297 123.2 157.71942985746438 179.84000000000003
0 244.1410352588147 113.28 271.5078769692423 157.12
0 223.01575393848464 124.80000000000001 253.02325581395348 172.16000000000003
0 188.20705176294072 141.76 229.9774943735934 190.39999999999998
0 164.4411102775694 175.36 200.93023255813955 224.0
0 129.63240810202552 195.84 169.48237059264815 248.32
0 104.18604651162792 223.35999999999999 140.67516879219806 270.4
0 88.82220555138785 271.03999999999996 126.27156789197299 319.04
0 117.62940735183795 303.68 150.03750937734435 345.91999999999996
0 93.86346586646661 340.15999999999997 133.4733683420855 384.0
0 68.17704426106528 387.2 108.26706676669167 434.88
0 83.06076519129782 420.15999999999997 120.51012753188297 456.64
0 199.00975243810956 187.83999999999997 229.9774943735934 236.48
0 175.48387096774192 220.79999999999998 210.05251312828207 266.88
0 143.55588897224305 256.32 181.48537134283572 302.4
0 150.27756939234808 295.36 186.28657164291073 335.03999999999996
0 145.71642910727684 344.0 178.84471117779444 383.68
0 268.86721680420106 139.84 302.71567891972995 188.79999999999998
0 237.4193548387097 171.20000000000002 273.90847711927984 218.24
0 320.48012003000747 125.12 356.0090022505626 175.68
0 319.75993998499627 168.32 346.64666166541633 204.16
0 296.23405851462866 185.92 325.04126031507883 229.44
0 266.22655663915975 192.95999999999998 299.5948987246812 236.48
0 227.33683420855215 212.48000000000002 260.7051762940735 257.28000000000003
0 210.7726931732933 249.92000000000002 249.42235558889723 296.96000000000004
0 187.4868717179295 281.92 218.93473368342086 331.52
0 184.60615153788444 322.88 220.37509377344335 364.15999999999997
0 112.10802700675168 407.68 155.07876969242312 452.47999999999996
0 155.5588897224306 408.0 195.40885221305328 454.72
0 116.66916729182296 463.04 155.07876969242312 510.72
0 154.5986496624156 459.52 184.8462115528882 505.28
0 180.76519129782446 461.12 210.29257314328584 500.15999999999997
0 180.76519129782446 412.47999999999996 208.8522130532633 451.84
0 211.97299324831206 460.15999999999997 242.46061515378844 492.47999999999996
0 206.69167291822956 414.72 240.06001500375095 453.44
0 193.48837209302326 376.96 233.57839459864965 419.52
0 215.57389347336834 348.8 253.02325581395348 392.0
0 229.9774943735934 384.32000000000005 262.14553638409603 423.04
0 240.06001500375095 421.44 269.5873968492123 463.68
0 244.861215303826 456.96 277.9894973743436 497.59999999999997
0 271.5078769692423 440.64 303.9159789947487 480.0
0 265.7464366091523 408.0 296.23405851462866 445.12
0 215.57389347336834 296.0 245.34133533383346 342.40000000000003
0 248.70217554388597 322.88 278.22955738934735 364.15999999999997
0 245.34133533383346 266.56 275.3488372093023 315.84
0 265.2663165791448 228.48 298.6346586646662 274.56
0 328.4021005251313 205.44 358.88972243060766 248.0
0 346.4066016504126 177.92000000000002 374.49362340585145 227.51999999999998
0 295.7539384846212 224.32 327.4418604651163 266.88
0 279.18979744936235 260.47999999999996 310.6376594148537 302.4
0 265.986496624156 298.88 297.19429857464365 335.03999999999996
0 279.18979744936235 336.0 308.7171792948237 373.44
0 274.86871717929483 371.52 303.1957989497374 409.91999999999996
0 293.5933983495874 424.0 320.48012003000747 460.15999999999997
0 317.8394598649663 461.12 348.08702175543885 501.12
0 333.9234808702176 434.24 363.6909227306827 466.56
0 335.8439609902476 457.59999999999997 360.3300825206301 496.0
0 317.8394598649663 406.08 348.5671417854463 446.71999999999997
0 306.07651912978247 366.08 332.00300075018754 408.0
0 315.43885971492875 335.67999999999995 345.9264816204051 375.03999999999996
0 298.6346586646662 293.76 330.562640660165 336.64
0 315.43885971492875 265.91999999999996 345.9264816204051 310.08
0 353.8484621155289 217.28000000000003 382.655663915979 259.52000000000004
0 371.85296324081025 200.64 398.25956489122285 241.92000000000002
0 395.138784696174 210.24 419.8649662415604 255.04000000000002
0 357.9294823705926 256.96000000000004 389.85746436609156 299.52000000000004
0 331.2828207051763 304.32 360.57014253563386 343.04
0 363.2108027006752 295.04 390.33758439609903 333.76
0 340.64516129032256 339.52 368.01200300075016 378.56
0 368.97224306076515 328.96000000000004 395.138784696174 366.08
0 339.20480120030004 385.6 368.97224306076515 424.96000000000004
0 425.8664666166542 206.08 447.47186796699174 249.60000000000002
0 442.6706676669167 221.76 464.9962490622656 260.15999999999997
0 474.1185296324081 214.08 494.7636909227307 252.8
0 451.55288822205546 252.16000000000003 474.35858964741186 286.4
0 425.3863465866467 245.76 451.072768192048 283.2
0 394.178544636159 253.76000000000002 422.7456864216054 294.40000000000003
0 382.655663915979 292.16 407.86196549137287 330.24
0 415.7839459864966 293.76 441.7104276069017 328.32
0 434.0285071267817 272.0 456.834208552138 307.84
0 477.9594898724681 253.12 499.80495123780946 287.36
0 493.56339084771196 251.84 512.5281320330082 291.84000000000003
0 515.8889722430607 272.32 535.5738934733683 304.0
0 444.351087771943 291.84000000000003 468.35708927231804 325.12
0 476.0390097524381 289.6 499.80495123780946 323.84000000000003
0 488.04201050262566 289.6 506.7666916729182 324.48
0 508.44711177794454 310.4 527.8919729932484 343.36
0 430.66766691672916 307.52 455.873968492123 343.68
0 403.5408852213053 324.15999999999997 431.62790697674416 358.40000000000003
0 361.5303825956489 368.64 388.417104276069 405.12
0 397.059264816204 357.12 424.9062265566391 392.64000000000004
0 374.2535633908477 394.88 402.10052513128284 428.8
0 355.2888222055514 422.71999999999997 384.33608402100526 456.96
0 365.8514628657164 460.79999999999995 391.29782445611403 497.28000000000003
0 391.29782445611403 459.52 416.0240060015004 493.12
0 386.7366841710427 431.03999999999996 413.62340585146285 466.56
0 401.8604651162791 417.28000000000003 422.50562640660166 453.12
0 404.74118529632403 447.35999999999996 424.9062265566391 478.08
0 430.9077269317329 470.72 451.072768192048 496.32
0 440.99024756189044 453.12 460.4351087771943 485.12
0 425.1462865716429 435.20000000000005 448.91222805701426 465.91999999999996
0 411.4628657164291 389.12 436.9092273068267 424.96000000000004
0 436.669167291823 400.0 456.5941485371343 437.76000000000005
0 423.7059264816204 354.88 446.99174793698427 391.36
0 438.8297074268567 335.36 459.714928732183 373.12
0 434.5086271567892 370.24 457.5543885971493 398.08
0 454.6736684171043 348.16 473.39834958739686 384.96000000000004
0 460.19504876219054 320.0 483.72093023255815 353.6
0 490.20255063765944 326.08 509.6474118529633 359.04
0 510.60765191297827 337.28000000000003 528.8522130532633 366.4
0 529.0922730682671 334.4 546.3765941485372 366.08
0 512.2880720180045 355.52 531.2528132033008 378.88
0 493.08327081770443 356.8 515.1687921980495 390.4
0 500.5251312828207 369.91999999999996 519.2498124531132 400.64
0 527.6519129782446 363.2 546.3765941485372 392.32
0 525.0112528132033 386.24 543.0157539384846 419.52
0 512.2880720180045 391.36 531.2528132033008 423.36
0 462.83570892723185 392.32 486.3615903975994 424.0
0 480.1200300075019 387.52000000000004 500.76519129782446 420.79999999999995
0 492.12303075768943 400.96 510.60765191297827 430.08000000000004
0 453.47336834208556 417.28000000000003 475.7989497374343 450.24
0 470.277569392348 415.36 491.16279069767444 447.04
0 458.99474868717175 439.04 477.7194298574643 463.68
0 474.35858964741186 438.72 490.6826706676669 467.84
0 468.83720930232556 472.32 489.24231057764445 498.24
0 485.4013503375844 423.04 499.5648912228057 441.92
0 497.8844711177794 414.72 517.0892723180796 447.35999999999996
0 522.1305326331583 419.52 540.3750937734434 448.32
0 505.8064516129032 437.76000000000005 526.4516129032259 465.91999999999996
0 495.48387096774195 453.44 518.2895723930983 480.31999999999994
0 496.9242310577644 469.12 518.7696924231058 490.88
