0 16.324081020255065 425.6 49.21230307576894 474.24
0 23.04576144036009 477.12 68.17704426106528 527.6800000000001
0 31.207801950487625 408.32 70.09752438109527 453.76
0 50.412603150787696 354.88 85.46136534133532 405.12
0 44.651162790697676 303.03999999999996 79.45986496624157 354.88
0 70.57764441110278 261.44 107.78694673668417 310.08
0 65.53638409602401 208.64000000000001 106.82670667666918 260.15999999999997
0 116.18904726181546 242.24 150.27756939234808 280.0
0 127.7119279819955 198.07999999999998 164.68117029257314 247.68
0 158.19954988747187 151.68 193.00825206301573 196.8
0 163.00075018754688 204.48000000000002 200.93023255813955 253.76000000000002
0 103.46586646661665 294.40000000000003 138.27456864216055 342.71999999999997
0 139.9549887471868 285.12 174.28357089272316 328.32
0 172.60315078769693 280.32 205.73143285821456 324.79999999999995
0 92.90322580645162 360.64 132.033008252063 405.12
0 142.3555888972243 324.15999999999997 179.80495123780943 368.64
0 175.96399099774942 336.96 212.45311327831956 380.48
0 102.98574643660915 403.84000000000003 134.91372843210803 451.2
0 137.55438859714928 391.03999999999996 169.96249062265565 431.36
0 178.84471117779444 397.12 211.01275318829707 442.88
0 66.496624156039 440.0 105.38634658664665 478.40000000000003
0 100.82520630157539 454.08000000000004 137.55438859714928 496.64
0 135.39384846211553 424.96000000000004 170.92273068267065 467.84
0 163.72093023255815 453.44 196.84921230307577 493.44
0 87.38184546136534 479.36 121.23030757689422 521.92
0 128.43210802700673 485.43999999999994 165.16129032258064 525.12
0 165.16129032258064 486.08 203.330832708177 529.28
0 195.64891222805701 470.4 229.73743435858964 512.0
0 199.7299324831208 431.36 230.93773443360843 475.84000000000003
0 233.33833458364592 456.0 261.4253563390848 495.67999999999995
0 264.066016504126 455.36 294.79369842460613 497.92
0 294.3135783945986 492.16 325.76144036009003 535.68
0 222.77569392348087 397.76000000000005 254.463615903976 442.88
0 250.622655663916 412.16 282.55063765941486 451.2
0 272.7081770442611 389.44000000000005 306.3165791447862 427.2
0 307.51687921980493 418.88 336.8042010502626 464.32000000000005
0 321.92048012003 448.32 350.96774193548384 489.6
0 351.92798199549884 444.48 384.81620405101273 479.68000000000006
0 367.2918229557389 401.92 402.10052513128284 448.96000000000004
0 211.25281320330083 347.84 248.4621155288822 390.08000000000004
0 246.30157539384845 355.84000000000003 278.9497374343586 404.79999999999995
0 281.11027756939234 334.4 313.51837959489876 384.32000000000005
0 312.07801950487624 362.56 343.04576144036014 411.2
0 330.3225806451613 394.88 364.6511627906977 436.48
0 343.04576144036014 358.40000000000003 375.933983495874 397.76000000000005
0 368.4921230307577 314.56 402.10052513128284 363.84000000000003
0 332.96324081020254 315.84 366.8117029257314 360.64
0 359.8499624906226 256.96000000000004 391.0577644411103 303.36
0 321.4403600900225 273.6 355.7689422355589 322.88
0 286.8717179294824 283.84000000000003 319.27981995498874 331.84
0 245.10127531882972 306.56 284.2310577644411 357.76000000000005
0 201.17029257314329 304.96 240.06001500375095 357.12
0 192.04801200300074 244.8 228.0570142535634 291.2
0 255.18379594898727 269.44 285.43135783945985 311.03999999999996
0 290.95273818454615 245.12 326.00150037509377 290.88
0 334.8837209302326 224.64 370.8927231807952 268.48
0 369.6924231057764 151.04 404.9812453113278 198.07999999999998
0 332.00300075018754 178.88000000000002 365.13128282070517 223.67999999999998
0 305.8364591147787 189.12 339.9249812453113 234.56
0 242.2205551387847 216.96 277.7494373593398 267.52
0 204.77119279819956 200.32 239.57989497374342 255.36
0 200.6901725431358 158.07999999999998 234.53863465866465 202.24
0 215.57389347336834 116.47999999999999 249.1822955738935 164.8
0 227.57689422355588 133.44 272.7081770442611 195.51999999999998
0 284.7111777944486 136.64 314.47861965491376 182.71999999999997
0 269.5873968492123 174.4 308.47711927981993 226.88
0 402.10052513128284 441.28 439.7899474868717 485.12
0 402.5806451612903 391.36 435.22880720180046 431.68
0 420.58514628657167 414.4 451.55288822205546 460.79999999999995
0 441.95048762190544 397.44 472.19804951237813 426.56
0 460.19504876219054 433.28000000000003 492.12303075768943 475.52
0 488.5221305326331 440.64 514.9287321830458 484.15999999999997
0 519.0097524381096 448.0 547.0967741935484 489.6
0 551.1777944486121 424.32000000000005 579.7449362340585 466.24
0 571.3428357089272 376.64 595.8289572393098 416.96
0 597.509377344336 357.76000000000005 624.63615903976 395.84000000000003
0 542.535633908477 354.88 573.2633158289573 397.76000000000005
0 512.5281320330082 362.56 543.2558139534883 399.68000000000006
0 523.5708927231808 400.64 555.7389347336834 437.76000000000005
0 480.3600900225057 388.48 512.2880720180045 429.44000000000005
0 437.8694673668417 370.24 472.19804951237813 408.96000000000004
0 388.65716429107283 357.12 421.3053263315829 399.68000000000006
0 411.70292573143286 328.32 447.231807951988 366.71999999999997
0 452.5131282820705 318.08 485.4013503375844 360.31999999999994
0 500.0450112528132 326.71999999999997 532.9332333083271 368.96000000000004
0 531.972993248312 318.72 563.6609152288072 352.96
0 580.4651162790698 325.43999999999994 611.9129782445611 366.4
0 556.9392348087022 299.20000000000005 580.225056264066 343.04
0 575.9039759939985 255.36 607.3518379594898 300.47999999999996
0 540.3750937734434 265.91999999999996 572.0630157539385 311.36
0 499.5648912228057 279.04 532.2130532633158 324.15999999999997
0 408.1020255063766 273.6 440.99024756189044 315.84
0 390.5776444111028 238.4 425.62640660165044 281.6
0 387.456864216054 184.32 424.6661665416354 239.36
0 420.10502625656414 132.79999999999998 453.2333083270818 178.88000000000002
0 414.8237059264816 168.64000000000001 451.55288822205546 218.88000000000002
0 437.8694673668417 176.96 465.2363090772693 221.76
0 475.5588897224306 166.72 508.6871717929483 213.12
0 450.112528132033 230.72 483.2408102025506 278.08
0 464.75618904726184 262.08 496.9242310577644 308.8
0 495.24381095273816 233.92 528.132033008252 278.08
0 534.8537134283571 232.32 567.9819954988748 272.0
0 539.1747936984247 188.48 578.0645161290322 232.95999999999998
0 567.9819954988748 195.51999999999998 598.2295573893473 248.32
0 575.1837959489873 161.28 602.5506376594149 202.88
0 529.5723930982746 165.12 562.9407351837959 195.2
0 540.6151537884471 128.64000000000001 568.4621155288822 167.36
0 466.91672918229557 349.12 495.48387096774195 397.44
