0 87.14178544636158 302.71999999999997 130.59264816204052 357.76000000000005
0 107.30682670667667 248.32 155.79894973743436 308.8
0 150.27756939234808 275.84 193.728432108027 333.76
0 128.91222805701426 320.31999999999994 170.44261065266315 376.64
0 169.24231057764442 339.20000000000005 211.01275318829707 382.71999999999997
0 94.10352588147036 383.04 135.39384846211553 431.03999999999996
0 126.99174793698425 423.68 169.00225056264065 467.52000000000004
0 136.1140285071268 379.20000000000005 181.24531132783198 428.8
0 172.36309077269317 413.44 213.17329332333085 461.12
0 189.40735183795948 304.0 234.05851462865715 355.20000000000005
0 207.4118529632408 359.36 250.38259564891223 406.08
0 212.45311327831956 401.59999999999997 252.30307576894222 446.71999999999997
0 161.80045011252813 463.68 199.2498124531133 513.28
0 196.36909227306828 451.52 235.2588147036759 500.15999999999997
0 226.37659414853715 471.68 263.8259564891223 514.24
0 240.3000750187547 415.36 278.22955738934735 461.44
0 265.986496624156 438.40000000000003 297.6744186046512 483.2
0 297.4343585896474 427.52000000000004 335.36384096024005 470.72
0 288.3120780195049 383.68 323.1207801950487 427.84
0 250.86271567891973 368.32 289.9924981245311 414.4
0 232.61815453863466 318.08 277.26931732933235 363.84000000000003
0 270.5476369092273 325.12 306.3165791447862 367.35999999999996
0 146.67666916729183 198.72 185.5663915978995 256.0
0 182.9257314328582 180.15999999999997 233.57839459864965 242.56
0 186.28657164291073 246.08 231.41785446361592 301.44
0 232.13803450862716 244.8 273.90847711927984 299.84000000000003
0 266.946736684171 273.92 305.59639909977494 327.35999999999996
0 230.93773443360843 173.12 274.1485371342836 235.51999999999998
0 264.7861965491373 201.92000000000002 305.59639909977494 259.84000000000003
0 290.95273818454615 234.56 332.96324081020254 293.76
0 302.2355588897224 183.35999999999999 342.8057014253563 245.12
0 336.0840210052513 196.8 374.013503375844 250.56
0 363.4508627156789 154.88 407.3818454613654 218.88000000000002
0 379.774943735934 202.24 421.3053263315829 250.24
0 405.4613653413353 157.12 445.0712678169543 213.12
0 425.8664666166542 206.4 465.71642910727684 256.64
0 458.99474868717175 170.56 503.64591147786945 226.88
0 501.4853713428357 165.12 540.8552138034509 217.60000000000002
0 519.9699924981245 203.84 566.3015753938485 259.84000000000003
0 476.7591897974494 220.15999999999997 514.9287321830458 273.28
0 360.3300825206301 244.16 398.97974493623406 294.40000000000003
0 314.9587396849212 261.76 355.52888222055515 315.84
0 303.9159789947487 333.12 346.8867216804201 383.04
0 341.12528132033003 303.68 377.85446361590397 356.48
0 364.41110277569396 333.12 399.6999249812453 381.76
0 382.655663915979 298.88 420.3450862715679 346.56
0 418.9047261815454 300.79999999999995 455.873968492123 348.16
0 424.18604651162786 257.92 461.39534883720927 307.52
0 456.834208552138 256.32 491.8829707426857 307.84
0 469.0772693173293 307.2 507.2468117029257 355.84000000000003
0 509.6474118529633 323.52 548.0570142535634 375.67999999999995
0 528.6121530382595 332.47999999999996 557.8994748687172 384.0
0 481.80045011252815 362.88 519.2498124531132 409.91999999999996
0 503.8859714928732 367.68 531.0127531882971 410.88
0 464.75618904726184 392.0 496.4441110277569 438.40000000000003
0 437.14928732183046 346.24 475.0787696924231 400.0
0 438.10952738184545 387.2 469.0772693173293 424.32000000000005
0 401.6204051012753 357.12 438.8297074268567 408.0
0 399.4598649662416 401.92 436.669167291823 445.43999999999994
0 365.13128282070517 394.56000000000006 403.5408852213053 437.12
0 334.64366091522885 362.56 368.01200300075016 412.8
0 330.562640660165 406.71999999999997 366.5716429107277 443.2
0 508.927231807952 254.72000000000003 552.1380345086271 301.44
0 542.0555138784696 288.0 579.0247561890473 329.28
0 552.8582145536384 243.84 589.5873968492123 292.48
