0 133.23330832708177 34.88 174.7636909227307 87.36000000000001
0 175.72393098274569 44.160000000000004 213.8934733683421 104.32000000000001
0 204.77119279819956 84.80000000000001 237.89947486871716 140.16
0 166.3615903975994 97.92 204.29107276819207 159.04
0 143.31582895723932 118.08 179.0847711927982 169.28
0 92.18304576144035 63.68000000000001 130.35258814703676 123.2
0 76.3390847711928 127.36000000000001 112.34808702175543 182.71999999999997
0 84.98124531132783 177.60000000000002 126.99174793698425 227.51999999999998
0 127.231807951988 181.76 162.28057014253562 230.07999999999998
0 62.17554388597149 209.60000000000002 101.7854463615904 257.6
0 102.50562640660165 225.6 138.9947486871718 277.12
0 129.87246811702926 229.44 167.80195048762192 274.88
0 165.64141035258814 205.44 200.2100525131283 256.0
0 182.9257314328582 161.92000000000002 217.2543135783946 213.76000000000002
0 212.9332333083271 144.96 252.0630157539385 200.64
0 240.06001500375095 94.39999999999999 274.86871717929483 153.28
0 262.6256564141035 146.24 296.23405851462866 200.32
0 288.3120780195049 132.16 332.00300075018754 185.27999999999997
0 317.11927981995495 87.68 360.3300825206301 147.52
0 332.2430607651913 145.92000000000002 372.3330832708177 201.6
0 288.79219804951236 186.56 329.60240060015 238.72
0 260.4651162790698 207.68 298.6346586646662 259.20000000000005
0 295.0337584396099 234.88 331.2828207051763 281.92
0 326.9617404351088 245.12 361.0502625656414 291.2
0 332.00300075018754 199.04 366.5716429107277 249.92000000000002
0 222.29557389347337 202.88 259.26481620405104 246.4
0 218.45461365341336 251.84 254.463615903976 302.71999999999997
0 185.32633158289573 251.84 218.2145536384096 299.20000000000005
0 145.95648912228057 274.56 181.96549137284322 325.76
0 106.82670667666918 277.76 144.27606901725431 317.76
0 66.73668417104275 260.15999999999997 106.34658664666168 307.2
0 88.5821455363841 306.56 118.10952738184547 352.0
0 53.77344336084021 322.88 92.4231057764441 364.15999999999997
0 76.09902475618905 349.76 110.18754688672168 392.0
0 112.34808702175543 344.96000000000004 147.1567891972993 381.76
0 136.1140285071268 310.71999999999997 171.40285071267814 351.36
0 160.84021005251313 344.0 193.48837209302326 391.36
0 175.72393098274569 380.15999999999997 208.13203300825208 421.76
0 131.07276819204802 379.52 164.92123030757688 425.91999999999996
0 170.6826706676669 316.48 201.17029257314329 360.64
0 191.807951987997 309.44 232.13803450862716 360.64
0 229.9774943735934 326.71999999999997 265.7464366091523 376.64
0 191.807951987997 358.08 227.81695423855965 402.88
0 205.0112528132033 394.56000000000006 242.2205551387847 442.88
0 253.50337584396098 266.56 289.2723180795199 316.48
0 287.59189797449363 285.44 325.28132033008256 338.56
0 315.9189797449362 290.24 354.0885221305326 338.24
0 301.9954988747187 328.64 333.44336084021 372.16
0 257.10427606901726 300.79999999999995 291.1927981995499 336.32
0 266.22655663915975 344.32000000000005 300.0750187546887 384.32000000000005
0 241.02025506376594 380.48 277.26931732933235 429.44000000000005
0 243.90097524381093 413.76 275.3488372093023 453.76
0 270.5476369092273 432.0 301.51537884471117 474.56000000000006
0 274.3885971492873 376.64 300.31507876969243 420.48
0 291.6729182295574 381.76 327.4418604651163 424.32000000000005
0 288.79219804951236 413.44 323.1207801950487 456.96
0 299.11477869467365 464.64 328.16204051012755 502.40000000000003
0 320.48012003000747 434.88 354.0885221305326 479.36
0 326.9617404351088 392.96 361.0502625656414 435.84000000000003
0 336.3240810202551 352.32 368.4921230307577 395.20000000000005
0 331.04276069017254 493.44 361.0502625656414 535.36
0 345.6864216054014 550.08 378.57464366091517 590.72
0 364.17104276069017 499.52 387.456864216054 536.64
0 382.1755438859715 491.2 414.1035258814703 536.3199999999999
0 400.6601650412603 487.68 427.3068267066767 536.3199999999999
0 433.0682670667667 502.40000000000003 462.59564891222806 544.64
0 459.4748687171793 479.36 493.56339084771196 518.08
0 434.2685671417854 446.08 465.2363090772693 485.76
0 406.18154538634656 441.59999999999997 429.46736684171043 483.84000000000003
0 385.536384096024 440.64 414.8237059264816 484.48
0 350.2475618904726 453.12 378.33458364591144 494.08000000000004
0 357.6894223555889 421.44 389.61740435108777 460.48
0 366.5716429107277 378.24 399.9399849962491 416.64
0 399.21980495123785 391.68 429.70742685671416 428.8
0 349.2873218304576 328.64 383.615903975994 368.0
0 365.3713428357089 285.76 403.30082520630157 327.35999999999996
0 385.29632408102026 317.44 419.6249062265566 366.4
0 391.0577644411103 349.76 422.02550637659414 383.04
0 428.50712678169543 296.96000000000004 460.19504876219054 348.16
0 424.42610652663166 330.24 459.23480870217554 361.28
0 435.46886721680426 370.88 467.87696924231057 415.36
0 453.47336834208556 407.04 487.80195048762187 442.88
0 476.7591897974494 438.08 508.44711177794454 482.88
0 518.5296324081021 436.8 556.4591147786947 483.84000000000003
0 483.2408102025506 375.36 517.569392348087 418.88
0 454.6736684171043 341.44 485.8814703675919 381.76
0 408.82220555138787 245.12 445.311327831958 294.40000000000003
0 439.30982745686424 246.4 463.0757689422356 288.64
0 376.1740435108777 223.67999999999998 415.06376594148537 269.12
0 361.2903225806452 178.56 395.61890472618154 224.95999999999998
0 387.93698424606146 139.84 425.8664666166542 190.72
0 399.9399849962491 187.51999999999998 440.03000750187545 237.12
0 431.62790697674416 147.84 466.1965491372843 202.56
0 457.5543885971493 200.64 498.60465116279073 256.0
0 481.80045011252815 226.23999999999998 522.6106526631658 277.76
0 478.9197299324831 272.0 513.0082520630158 316.15999999999997
0 473.39834958739686 302.71999999999997 507.00675168792196 336.0
0 487.80195048762187 174.72000000000003 526.2115528882221 221.76
0 526.9317329332333 201.28 566.7816954238559 253.76000000000002
0 559.5798949737434 200.0 595.1087771942986 253.76000000000002
0 567.741935483871 237.12 603.7509377344336 282.56
0 517.569392348087 253.12 555.258814703676 293.44
0 549.2573143285822 268.15999999999997 583.5858964741185 313.28
0 578.7846961740435 283.2 614.5536384096024 336.64
0 519.489872468117 304.0 553.5783945986497 342.40000000000003
0 512.5281320330082 347.84 542.7756939234808 390.72
0 533.6534133533384 365.76 569.4223555888972 414.72
0 578.5446361590398 341.76 612.1530382595649 394.24
