0 174.28357089272316 64.64 228.53713428357088 131.51999999999998
0 111.38784696174044 61.120000000000005 167.56189047261816 128.32
0 87.62190547636908 124.48 140.19504876219054 185.6
0 63.375843960990245 178.88000000000002 118.10952738184547 245.44
0 77.05926481620405 239.68 126.75168792198049 303.03999999999996
0 58.57464366091523 312.96 114.5086271567892 376.96
0 105.86646661665415 338.56 159.87996999249813 401.92
0 118.58964741185297 198.4 167.56189047261816 266.88
0 122.67066766691673 271.36 173.32333083270817 339.84000000000003
0 160.60015003750937 175.36 215.33383345836458 240.0
0 172.12303075768943 234.24 223.97599399849963 294.08000000000004
0 207.17179294823706 128.0 257.58439609902473 195.84
0 261.18529632408104 126.08000000000001 309.6774193548387 193.28
0 235.4988747186797 188.48 284.9512378094523 250.24
0 229.25731432858214 239.68 276.3090772693173 304.32
0 194.2085521380345 285.76 245.34133533383346 349.76
0 155.31882970742686 322.23999999999995 208.8522130532633 385.91999999999996
0 158.19954988747187 385.6 209.8124531132783 443.84000000000003
0 163.4808702175544 441.28 211.7329332333083 506.88
0 205.25131282820706 475.52 250.86271567891973 540.8
0 213.17329332333085 405.12 255.423855963991 469.76
0 242.94073518379594 501.44 291.91297824456115 567.36
0 283.9909977494374 526.72 327.4418604651163 579.84
0 319.27981995498874 559.36 365.13128282070517 616.96
0 288.0720180045011 176.96 338.48462115528883 245.12
0 271.2678169542385 232.95999999999998 323.3608402100525 300.47999999999996
0 337.28432108027005 176.32000000000002 383.615903975994 239.68
0 332.7231807951988 239.04 380.2550637659415 304.96
0 299.5948987246812 292.8 351.92798199549884 351.68
0 245.34133533383346 322.56 297.6744186046512 378.56
0 413.1432858214554 199.36 455.39384846211556 256.32
0 373.053263315829 218.24 417.9444861215304 278.72
0 249.662415603901 385.91999999999996 298.3945986496624 450.24
0 254.9437359339835 445.76 303.1957989497374 507.52000000000004
0 360.0900225056264 555.84 404.74118529632403 616.96
0 388.65716429107283 521.28 432.8282070517629 583.6800000000001
0 342.8057014253563 513.6 385.77644411102773 572.8
0 300.0750187546887 466.56 346.16654163540886 525.4399999999999
0 296.7141785446362 405.43999999999994 336.8042010502626 464.96000000000004
0 331.52288072018 430.72 369.93248312078015 489.6
0 367.7719429857464 462.71999999999997 412.66316579144785 522.24
0 427.7869467366842 479.04 467.3968492123031 544.96
0 415.3038259564891 255.68 455.39384846211556 320.0
0 367.05176294073516 277.12 414.1035258814703 335.36
0 336.8042010502626 328.32 385.0562640660165 387.52000000000004
0 295.0337584396099 353.28000000000003 346.64666166541633 415.67999999999995
0 332.483120780195 386.24 376.41410352588144 440.31999999999994
0 367.7719429857464 408.96000000000004 413.1432858214554 469.76
0 450.83270817704425 496.64 493.8034508627157 555.52
0 499.80495123780946 466.56 539.8949737434359 523.2
0 445.55138784696175 450.24 491.16279069767444 509.12
0 414.1035258814703 416.64 455.39384846211556 472.96
0 378.0945236309077 350.72 423.94598649662413 413.76
0 417.22430607651916 363.84000000000003 465.4763690922731 424.0
0 445.55138784696175 389.44000000000005 485.8814703675919 450.88
0 483.4808702175544 415.03999999999996 531.7329332333084 472.0
0 512.0480120030007 361.92 559.3398349587396 426.24
0 404.26106526631656 315.52 449.63240810202547 368.32
0 446.99174793698427 297.92 494.0435108777194 359.36
0 464.2760690172543 334.72 511.08777194298574 393.6
0 476.5191297824456 266.88 520.2100525131283 324.15999999999997
0 501.00525131282825 309.12 549.9774943735933 367.04
