0 24.006001500375092 127.36000000000001 65.77644411102776 186.56
0 63.615903975994 112.0 107.06676669167292 168.96
0 73.21830457614404 166.72 113.30832708177044 223.04
0 37.44936234058515 189.76 77.2993248312078 242.24
0 113.78844711177794 148.16 156.03900975243812 208.96
0 142.59564891222806 196.8 184.3660915228807 253.12
0 89.5423855963991 216.96 130.59264816204052 277.12
0 55.93398349587397 230.72 96.98424606151536 286.4
0 90.50262565641411 275.52 126.51162790697674 326.4
0 60.495123780945235 282.56 92.90322580645162 328.64
0 121.23030757689422 244.8 161.80045011252813 296.96000000000004
0 159.39984996249063 253.12 202.37059264816202 305.59999999999997
0 124.8312078019505 295.68 163.00075018754688 344.96000000000004
0 160.84021005251313 300.79999999999995 199.96999249812455 358.72
0 193.00825206301573 319.36 235.2588147036759 365.76
0 212.9332333083271 355.84000000000003 250.38259564891223 399.04
0 175.72393098274569 358.08 213.8934733683421 407.35999999999996
0 137.55438859714928 341.76 176.92423105776444 392.0
0 89.5423855963991 346.56 130.11252813203302 398.08
0 30.00750187546887 344.96000000000004 71.53788447111778 395.84000000000003
0 72.73818454613654 371.84 106.82670667666918 421.44
0 95.30382595648913 416.0 131.07276819204802 466.88
0 115.70892723180796 384.32000000000005 151.47786946736684 425.91999999999996
0 148.59714928732183 385.91999999999996 183.8859714928732 436.8
0 130.11252813203302 428.16 168.28207051762942 479.04
0 171.1627906976744 422.71999999999997 205.25131282820706 475.52
0 195.40885221305328 399.68000000000006 234.2985746436609 452.16
0 199.96999249812455 447.68 240.54013503375845 493.12
0 235.2588147036759 390.4 270.5476369092273 440.0
0 113.06826706676668 457.59999999999997 147.63690922730683 495.67999999999995
0 149.07726931732932 472.32 177.6444111027757 511.03999999999996
0 180.76519129782446 471.68 213.17329332333085 504.0
0 196.84921230307577 511.03999999999996 230.69767441860463 552.0
0 218.2145536384096 492.16 253.02325581395348 536.0
0 163.4808702175544 505.6 199.48987246811703 552.0
0 108.02700675168792 504.0 148.59714928732183 542.4
0 133.95348837209303 528.32 165.16129032258064 574.4
0 165.64141035258814 543.04 197.32933233308327 584.32
0 194.92873218304578 554.5600000000001 230.93773443360843 594.24
0 230.69767441860463 551.36 261.6654163540885 591.04
0 236.93923480870217 521.28 272.2280570142536 563.84
0 251.582895723931 480.96 284.7111777944486 528.0
0 268.86721680420106 518.72 294.3135783945986 555.52
0 279.18979744936235 484.48 303.9159789947487 524.8
0 296.23405851462866 513.9200000000001 327.20180045011256 552.3199999999999
0 291.4328582145537 472.32 325.28132033008256 515.2
0 313.99849962490623 479.36 341.8454613653413 520.64
0 339.44486121530383 490.55999999999995 367.5318829707427 529.28
0 371.3728432108027 489.6 401.6204051012753 529.6
0 345.4463615903976 459.20000000000005 375.69392348087024 497.59999999999997
0 301.9954988747187 432.32 336.56414103525884 476.8
0 266.22655663915975 411.84 302.47561890472616 456.96
0 257.8244561140285 366.71999999999997 295.7539384846212 415.03999999999996
0 238.61965491372843 327.04 275.58889722430604 370.55999999999995
0 215.57389347336834 282.56 258.30457614403605 329.91999999999996
0 202.61065266316578 238.4 241.50037509377344 288.96000000000004
0 187.4868717179295 189.12 227.57689422355588 244.16
0 225.41635408852213 194.24 263.58589647411856 251.20000000000002
0 244.861215303826 240.96 282.7906976744186 292.48
0 256.62415603900973 286.4 296.4741185296324 336.32
0 276.5491372843211 321.28 309.91747936984245 364.15999999999997
0 303.1957989497374 344.0 341.12528132033003 394.88
0 322.1605401350337 388.8 356.7291822955739 433.92
0 351.44786196549137 370.88 380.97524381095275 417.28000000000003
0 351.6879219804951 327.04 384.576144036009 366.08
0 320.72018004501126 305.91999999999996 350.96774193548384 346.24
0 301.0352588147037 274.24 334.1635408852213 320.31999999999994
0 283.7509377344336 234.88 320.48012003000747 281.6
0 320.0 228.48 352.4081020255064 276.48
0 262.8657164291073 192.32 297.4343585896474 239.36
0 179.5648912228057 112.32 219.1747936984246 164.8
0 204.0510127531883 145.28 245.10127531882972 198.72
0 249.1822955738935 143.68 286.8717179294824 197.12
0 286.1515378844711 148.8 321.68042010502626 204.8
0 313.7584396099025 179.52 355.0487621905477 231.04
0 352.16804201050263 160.64 385.77644411102773 211.84
0 363.4508627156789 208.0 396.3390847711928 256.0
0 374.49362340585145 127.68 407.86196549137287 175.36
0 390.33758439609903 173.76000000000002 427.7869467366842 225.92
0 396.3390847711928 224.0 433.3083270817704 273.28
0 349.04726181545385 250.56 384.33608402100526 300.79999999999995
0 367.2918229557389 290.56 398.4996249062266 333.76
0 416.26406601650416 192.0 449.63240810202547 239.04
0 471.23780945236314 151.04 516.6091522880721 202.56
0 479.3998499624906 199.36 517.569392348087 248.96
0 509.4073518379595 226.23999999999998 540.3750937734434 272.32
0 481.3203300825206 243.84 516.6091522880721 294.08000000000004
0 431.3878469617404 253.12 468.1170292573143 303.03999999999996
0 407.86196549137287 275.52 442.6706676669167 321.92
0 430.1875468867217 301.44 464.2760690172543 343.04
0 466.1965491372843 285.76 502.68567141785445 332.47999999999996
0 494.5236309077269 288.64 525.7314328582146 333.44
0 533.1732933233308 265.91999999999996 571.582895723931 313.6
0 567.9819954988748 309.76 601.5903975993999 358.08
0 527.4118529632408 324.15999999999997 560.3000750187547 370.24
0 531.4928732183046 367.35999999999996 561.7404351087772 413.76
0 473.6384096024006 327.35999999999996 504.3660915228807 369.6
0 485.1612903225806 351.03999999999996 516.8492123030758 385.6
0 401.6204051012753 319.36 433.78844711177794 359.04
0 417.7044261065266 344.96000000000004 450.3525881470367 384.64
0 388.17704426106525 358.40000000000003 416.9842460615154 401.28
0 379.29482370592643 404.79999999999995 411.70292573143286 445.12
0 413.62340585146285 389.76 446.51162790697674 433.6
0 435.708927231808 401.59999999999997 462.83570892723185 442.56
0 443.63090772693175 361.59999999999997 475.0787696924231 396.8
0 475.0787696924231 394.88 507.4868717179295 440.0
0 503.165791447862 400.64 533.6534133533384 445.43999999999994
0 460.19504876219054 431.36 490.9227306826707 470.4
0 412.1830457614403 430.08000000000004 443.8709677419355 471.36
0 428.9872468117029 447.04 457.07426856714176 484.48
0 377.1342835708927 443.52 405.4613653413353 484.48
0 397.29932483120774 464.0 427.7869467366842 502.40000000000003
