0 47.29182295573893 240.0 88.34208552138035 287.68
0 36.00900225056264 301.76 72.49812453113277 338.88
0 52.09302325581396 351.03999999999996 82.10052513128282 394.24
0 52.57314328582146 400.64 84.98124531132783 437.44
0 75.85896474118529 360.0 108.02700675168792 406.71999999999997
0 88.82220555138785 392.32 125.7914478619655 432.0
0 115.70892723180796 348.48 145.95648912228057 391.03999999999996
0 130.83270817704425 383.68 166.12153038259564 427.2
0 141.15528882220556 349.44000000000005 174.7636909227307 386.88
0 124.59114778694675 315.84 155.31882970742686 356.48
0 85.70142535633907 317.76 119.30982745686421 360.31999999999994
0 71.77794448612153 278.72 104.18604651162792 318.08
0 102.50562640660165 285.12 135.39384846211553 324.15999999999997
0 87.38184546136534 249.28 123.87096774193549 286.72
0 83.06076519129782 209.92000000000002 114.74868717179294 253.44
0 108.02700675168792 181.11999999999998 142.8357089272318 220.15999999999997
0 124.11102775693922 219.20000000000002 156.75918979744938 258.88
0 128.91222805701426 258.56 162.76069017254315 300.79999999999995
0 163.24081020255065 264.96 193.48837209302326 304.0
0 153.1582895723931 215.36 183.16579144786198 257.6
0 184.60615153788444 234.56 213.65341335333835 274.88
0 195.16879219804952 272.32 224.45611402850713 315.52
0 152.91822955738934 310.08 181.00525131282822 351.36
0 175.96399099774942 339.20000000000005 209.09227306826708 380.79999999999995
0 190.12753188297074 305.59999999999997 223.25581395348837 345.91999999999996
0 174.04351087771943 390.72 203.5708927231808 432.96
0 202.37059264816202 393.6 233.33833458364592 433.6
0 232.61815453863466 399.36 262.38559639909977 438.40000000000003
0 260.22505626406604 398.72 288.3120780195049 439.04
0 209.33233308327084 346.88 241.02025506376594 390.08000000000004
0 241.2603150787697 363.2 272.4681170292573 403.2
0 258.06451612903226 326.4 289.2723180795199 366.4
0 221.81545386346588 307.84 253.02325581395348 348.48
0 247.0217554388597 289.6 280.8702175543886 329.6
0 233.57839459864965 258.24 266.22655663915975 299.20000000000005
0 210.53263315828957 213.44 236.93923480870217 254.72000000000003
0 193.2483120780195 189.12 222.29557389347337 229.12
0 214.13353338334585 174.4 246.54163540885222 215.36
0 235.2588147036759 211.20000000000002 267.1867966991748 253.44
0 257.10427606901726 239.04 288.3120780195049 273.6
0 281.35033758439613 263.03999999999996 311.5978994748687 304.96
0 284.47111777944485 306.24 314.47861965491376 344.32000000000005
0 285.1912978244561 358.08 312.07801950487624 395.84000000000003
0 288.3120780195049 393.28000000000003 318.07951987997 433.92
0 306.55663915978994 330.88 336.3240810202551 370.24
0 249.90247561890473 161.28 275.58889722430604 205.12
0 270.30757689422353 166.72 302.9557389347337 206.72
0 279.4298574643661 132.48 311.5978994748687 173.44
0 304.1560390097525 163.2 334.4036009002251 200.32
0 307.51687921980493 196.16 337.28432108027005 232.95999999999998
0 289.5123780945236 224.95999999999998 317.11927981995495 263.03999999999996
0 312.07801950487624 249.60000000000002 344.4861215303826 291.2
0 312.31807951988 292.16 341.3653413353338 331.84
0 340.1650412603151 304.32 368.25206301575395 345.91999999999996
0 355.52888222055515 335.67999999999995 387.456864216054 372.47999999999996
0 337.7644411102776 361.28 365.6114028507127 400.64
0 311.357839459865 373.44 340.1650412603151 407.04
0 329.3623405851463 400.0 357.2093023255814 440.64
0 354.3285821455364 406.08 379.5348837209303 446.71999999999997
0 376.1740435108777 420.79999999999995 401.6204051012753 459.20000000000005
0 396.81920480120027 435.20000000000005 424.9062265566391 473.28000000000003
0 402.5806451612903 408.64 431.3878469617404 445.76
0 428.9872468117029 408.32 453.95348837209303 442.88
0 430.1875468867217 434.56000000000006 454.91372843210803 468.16
0 462.83570892723185 458.88 494.28357089272316 493.76
0 459.714928732183 481.28 490.4426106526632 505.28
0 483.4808702175544 441.28 507.7269317329333 481.28
0 501.72543135783945 449.6 529.0922730682671 485.76
0 362.97074268567144 362.88 391.53788447111776 395.20000000000005
0 382.655663915979 347.2 408.58214553638413 376.64
0 392.4981245311328 317.76 421.3053263315829 357.44
0 405.22130532633156 335.67999999999995 424.9062265566391 362.88
0 365.3713428357089 295.04 395.61890472618154 336.32
0 338.2445611402851 264.32 368.25206301575395 303.03999999999996
0 334.4036009002251 220.48 365.3713428357089 261.44
0 354.3285821455364 232.32 373.53338334583646 266.56
0 364.17104276069017 252.48000000000002 386.25656414103526 285.12
0 301.27531882970743 107.2 334.64366091522885 147.84
0 327.4418604651163 142.72 358.1695423855964 178.88000000000002
0 350.7276819204801 117.44 380.4951237809453 160.32
0 364.6511627906977 154.24 392.9782445611403 196.16
0 337.7644411102776 177.28000000000003 371.61290322580646 218.24
0 375.45386346586645 204.8 403.7809452363091 246.4
0 394.8987246811703 236.16 424.18604651162786 277.44
0 424.9062265566391 232.0 456.35408852213055 268.15999999999997
0 434.2685671417854 273.28 463.0757689422356 312.0
0 433.0682670667667 304.96 461.39534883720927 338.56
0 456.35408852213055 295.36 478.6796699174794 326.71999999999997
0 439.30982745686424 336.0 469.5573893473368 372.47999999999996
0 443.63090772693175 382.40000000000003 470.75768942235555 425.6
0 473.39834958739686 359.36 499.5648912228057 398.72
0 474.8387096774194 319.04 503.64591147786945 354.88
0 494.5236309077269 363.2 519.7299324831208 402.56
0 387.6969242310577 169.28 417.4643660915229 209.28
0 364.41110277569396 83.2 392.258064516129 121.28
0 389.61740435108777 96.0 417.7044261065266 131.84
0 404.26106526631656 59.84 428.9872468117029 100.16
0 424.6661665416354 78.08 449.63240810202547 121.92
0 443.63090772693175 100.16 469.0772693173293 143.68
0 425.3863465866467 125.44 450.112528132033 161.28
0 396.57914478619654 131.84 424.9062265566391 172.16000000000003
0 413.3833458364591 157.12 438.10952738184545 194.56
0 415.7839459864966 194.24 442.1905476369092 230.72
0 438.8297074268567 173.12 465.71642910727684 208.96
0 458.27456864216055 136.64 489.24231057764445 174.4
0 470.5176294073518 108.80000000000001 500.0450112528132 146.24
0 453.95348837209303 209.92000000000002 482.76069017254315 246.08
0 504.126031507877 132.16 535.3338334583647 171.84
0 540.6151537884471 138.56 570.1425356339084 181.44
0 490.4426106526632 160.32 519.7299324831208 204.8
0 516.3690922730682 168.96 538.4546136534134 211.20000000000002
0 476.9992498124531 195.84 508.44711177794454 236.16
0 462.59564891222806 249.28 495.48387096774195 290.24
0 507.00675168792196 221.44 535.8139534883721 263.03999999999996
0 526.9317329332333 215.36 554.7786946736685 248.64000000000001
0 482.2805701425357 233.6 511.08777194298574 271.03999999999996
0 502.205551387847 256.96000000000004 531.4928732183046 291.2
0 528.8522130532633 249.92000000000002 556.6991747936984 285.76
0 568.7021755438859 245.44 597.509377344336 285.76
0 537.0142535633909 277.76 562.4606151537885 310.71999999999997
0 514.688672168042 282.56 541.3353338334583 318.08
0 477.9594898724681 270.71999999999997 507.4868717179295 310.08
0 498.60465116279073 300.47999999999996 524.7711927981995 338.88
0 527.4118529632408 448.96000000000004 552.8582145536384 478.08
0 548.5371342835709 436.48 573.7434358589647 466.88
0 566.5416354088522 419.20000000000005 592.2280570142536 448.96000000000004
0 499.08477119279826 420.79999999999995 526.2115528882221 451.84
0 495.7239309827457 392.96 526.9317329332333 426.56
0 528.3720930232558 405.12 552.1380345086271 442.88
0 541.0952738184546 409.6 559.099774943736 446.4
0 553.0982745686422 385.6 577.344336084021 418.88
0 572.543135783946 384.32000000000005 596.7891972993248 419.20000000000005
0 538.4546136534134 356.48 566.5416354088522 389.44000000000005
0 516.6091522880721 361.59999999999997 536.0540135033759 393.6
0 510.60765191297827 330.88 540.1350337584396 366.71999999999997
0 531.4928732183046 314.24 558.1395348837209 354.56000000000006
0 563.1807951987997 325.43999999999994 590.5476369092273 362.56
0 575.6639159789947 338.56 597.7494373593398 367.35999999999996
0 585.9864966241561 304.96 617.1942985746437 344.0
