0 72.97824456114029 154.24 110.66766691672917 203.2
0 63.85596399099775 190.07999999999998 101.54538634658664 234.56
0 40.09002250562641 232.0 78.2595648912228 280.32
0 52.09302325581396 271.68 86.66166541635408 309.44
0 74.4186046511628 232.64 113.30832708177044 281.92
0 95.78394598649663 193.6 131.79294823705928 240.96
0 94.34358589647411 276.8 122.91072768192049 311.36
0 69.85746436609152 310.71999999999997 105.62640660165042 354.56000000000006
0 77.05926481620405 348.16 114.0285071267817 391.36
0 102.50562640660165 379.20000000000005 138.9947486871718 415.36
0 140.4351087771943 379.20000000000005 172.36309077269317 420.48
0 115.94898724681171 356.48 148.8372093023256 395.52
0 114.9887471867967 308.48 147.39684921230307 345.28
0 113.30832708177044 264.64 147.39684921230307 314.56
0 144.7561890472618 287.04 175.96399099774942 329.28
0 148.11702925731433 346.24 179.5648912228057 384.0
0 172.12303075768943 359.68000000000006 203.330832708177 398.40000000000003
0 205.4913728432108 364.15999999999997 237.17929482370593 401.92
0 204.29107276819207 322.88 237.17929482370593 362.88
0 171.64291072768194 300.47999999999996 205.9714928732183 336.96
0 132.75318829707427 212.48000000000002 166.3615903975994 255.68
0 157.71942985746438 244.16 191.807951987997 292.48
0 189.887471867967 271.03999999999996 219.89497374343586 312.64
0 219.89497374343586 287.04 253.9834958739685 324.79999999999995
0 234.05851462865715 326.08 263.3458364591148 368.32
0 245.58139534883722 362.23999999999995 275.82895723930983 404.48
0 109.70742685671418 117.12 147.39684921230307 162.24
0 132.993248312078 71.36 167.08177044261066 127.36000000000001
0 148.11702925731433 122.88 182.9257314328582 169.28
0 129.87246811702926 164.48000000000002 163.4808702175544 210.24
0 153.1582895723931 169.60000000000002 192.04801200300074 217.28000000000003
0 179.0847711927982 70.08 210.53263315828957 119.03999999999999
0 182.20555138784698 123.52000000000001 222.29557389347337 173.12
0 208.8522130532633 55.36 245.10127531882972 111.35999999999999
0 229.49737434358588 111.03999999999999 265.986496624156 158.4
0 208.37209302325584 163.84 243.6609152288072 207.36
0 192.768192048012 201.6 224.93623405851463 246.72
0 214.37359339834958 230.39999999999998 247.26181545386345 271.36
0 226.85671417854465 197.12 256.384096024006 242.88
0 242.7006751687922 249.60000000000002 272.94823705926484 294.08000000000004
0 248.9422355588897 291.84000000000003 282.3105776444111 335.36
0 262.38559639909977 334.72 296.23405851462866 382.40000000000003
0 283.7509377344336 362.23999999999995 315.6789197299325 402.56
0 272.94823705926484 387.52000000000004 301.27531882970743 428.16
0 294.3135783945986 413.12 324.80120030007504 451.84
0 322.1605401350337 409.91999999999996 356.2490622655664 446.4
0 311.357839459865 374.08000000000004 339.9249812453113 409.6
0 342.8057014253563 378.88 374.013503375844 426.88
0 363.2108027006752 398.40000000000003 390.81770442610656 430.72
0 347.6069017254314 443.52 378.0945236309077 477.44
0 375.45386346586645 446.08 404.5011252813203 482.88
0 240.3000750187547 160.0 273.90847711927984 201.92000000000002
0 261.90547636909224 123.52000000000001 294.79369842460613 171.20000000000002
0 285.9114778694674 78.08 321.92048012003 126.08000000000001
0 323.3608402100525 92.16 360.57014253563386 145.6
0 308.47711927981993 144.0 338.48462115528883 191.04
0 269.34733683420853 179.84000000000003 301.7554388597149 225.27999999999997
0 256.14403600900226 217.28000000000003 289.0322580645161 264.0
0 286.1515378844711 231.04 318.79969992498127 274.24
0 278.22955738934735 261.76 313.0382595648912 296.96000000000004
0 280.15003750937734 304.96 313.7584396099025 344.96000000000004
0 305.3563390847712 334.72 338.72468117029257 370.88
0 344.4861215303826 133.12 377.37434358589644 177.92000000000002
0 332.96324081020254 176.32000000000002 365.6114028507127 219.52
0 324.80120030007504 220.48 358.64966241560387 267.2
0 311.357839459865 253.76000000000002 343.04576144036014 289.92
0 311.5978994748687 292.16 342.56564141035255 328.32
0 340.4051012753188 302.71999999999997 365.3713428357089 342.40000000000003
0 338.2445611402851 267.84 369.4523630907727 307.52
0 390.81770442610656 124.80000000000001 419.14478619654915 169.28
0 367.2918229557389 163.84 401.3803450862716 206.4
0 356.48912228057014 196.8 387.21680420105025 239.04
0 363.6909227306827 240.32 395.138784696174 281.6
0 332.96324081020254 346.24 361.0502625656414 387.84
0 399.6999249812453 433.6 425.8664666166542 467.52000000000004
0 394.65866466616654 404.48 423.94598649662413 438.72
0 433.54838709677415 438.72 464.75618904726184 472.96
0 360.0900225056264 345.28 387.21680420105025 383.68
0 376.1740435108777 370.88 404.74118529632403 401.59999999999997
0 401.8604651162791 365.12 428.02700675168796 396.8
0 388.17704426106525 343.68 417.9444861215304 383.04
0 369.2123030757689 288.96000000000004 397.7794448612153 329.28
0 392.258064516129 302.08 418.9047261815454 341.12
0 391.29782445611403 262.71999999999997 422.02550637659414 299.52000000000004
0 385.536384096024 211.52 415.3038259564891 253.76000000000002
0 402.5806451612903 179.52 436.4291072768192 223.67999999999998
0 427.54688672168044 157.12 464.2760690172543 197.76
0 431.62790697674416 203.52 456.35408852213055 243.2
0 416.5041260315079 235.84 447.47186796699174 275.52
0 445.0712678169543 237.76 476.0390097524381 277.12
0 418.6646661665417 296.64 449.63240810202547 334.4
0 414.1035258814703 335.36 440.99024756189044 372.47999999999996
0 456.1140285071268 418.24 482.76069017254315 454.08000000000004
0 423.7059264816204 386.56 452.033008252063 420.79999999999995
0 437.38934733683425 353.28000000000003 462.1155288822206 389.44000000000005
0 479.3998499624906 401.92 508.20705176294075 437.76000000000005
0 456.1140285071268 371.84 481.80045011252815 407.68
0 457.31432858214555 343.04 483.9609902475619 378.56
0 438.8297074268567 318.4 467.63690922730683 352.96
0 451.3128282070517 285.12 480.1200300075019 325.76
0 473.6384096024006 310.4 504.3660915228807 349.76
0 485.1612903225806 358.40000000000003 512.0480120030007 390.72
0 498.60465116279073 374.08000000000004 524.5311327831957 409.28
0 543.2558139534883 379.52 566.7816954238559 416.64
0 502.205551387847 340.48 525.4913728432108 376.64
0 493.32333083270817 312.0 516.1290322580645 349.76
0 487.56189047261813 281.28 516.8492123030758 317.44
0 476.27906976744185 254.72000000000003 504.126031507877 297.92
0 487.3218304576144 217.28000000000003 515.648912228057 262.71999999999997
0 529.8124531132784 208.64000000000001 558.6196549137285 248.0
0 500.76519129782446 229.44 525.7314328582146 267.84
0 551.6579144786197 224.0 568.9422355588897 249.60000000000002
0 515.1687921980495 259.84000000000003 543.9759939984996 301.76
0 545.1762940735184 246.08 573.7434358589647 283.52
0 561.9804951237809 254.72000000000003 575.9039759939985 273.6
0 535.5738934733683 278.08 560.5401350337584 316.8
0 519.0097524381096 311.03999999999996 549.2573143285822 348.48
0 543.9759939984996 301.44 575.1837959489873 340.48
0 555.4988747186796 273.6 584.7861965491372 310.4
0 573.9834958739685 279.68 594.3885971492873 309.76
0 575.9039759939985 313.6 600.3900975243811 342.40000000000003
0 547.5768942235559 339.84000000000003 571.582895723931 378.56
0 301.0352588147037 184.95999999999998 334.1635408852213 227.51999999999998
