0 22.08552138034509 299.20000000000005 67.45686421605402 348.48
0 18.484621155288824 356.8 59.53488372093023 404.79999999999995
0 55.21380345086271 339.52 92.90322580645162 390.08000000000004
0 81.62040510127532 323.84000000000003 126.51162790697674 378.56
0 128.91222805701426 319.36 175.96399099774942 371.2
0 141.3953488372093 384.0 180.0450112528132 434.56000000000006
0 192.768192048012 309.44 231.65791447861966 357.76000000000005
0 187.006751687922 360.31999999999994 226.85671417854465 407.68
0 178.6046511627907 392.0 217.73443360840213 440.96
0 203.5708927231808 442.23999999999995 243.42085521380343 488.64
0 239.3398349587397 288.64 279.6699174793698 337.28000000000003
0 259.98499624906225 316.8 299.3548387096774 369.6
0 235.2588147036759 376.64 272.7081770442611 425.6
0 243.90097524381093 419.84000000000003 281.35033758439613 473.6
0 285.6714178544636 293.12 328.642160540135 341.12
0 299.5948987246812 343.04 340.4051012753188 390.08000000000004
0 268.86721680420106 383.68 305.59639909977494 433.28000000000003
0 275.10877719429857 440.0 315.6789197299325 494.72
0 305.3563390847712 407.04 343.2858214553639 451.84
0 331.52288072018 280.96 370.41260315078773 329.6
0 338.9647411852963 332.16 378.81470367591896 381.12
0 343.2858214553639 380.79999999999995 382.41560390097527 431.03999999999996
0 336.8042010502626 437.76000000000005 381.4553638409603 485.76
0 371.132783195799 367.35999999999996 407.86196549137287 417.28000000000003
0 372.8132033008252 292.16 409.78244561140286 348.8
0 22.08552138034509 244.16 67.21680420105027 298.88
0 52.33308327081771 219.52 94.34358589647411 274.24
0 103.94598649662414 212.16000000000003 144.51612903225805 266.56
0 94.82370592648161 261.44 137.55438859714928 324.15999999999997
0 140.67516879219806 261.44 181.00525131282822 315.84
0 146.43660915228807 213.12 188.44711177794449 272.0
0 177.6444111027757 254.4 219.1747936984246 309.12
0 192.52813203300826 199.04 232.61815453863466 256.0
0 218.45461365341336 247.36 255.66391597899474 298.24
0 236.4591147786947 197.12 281.8304576144036 250.88
0 262.14553638409603 243.52 303.9159789947487 298.88
0 294.3135783945986 214.08 336.0840210052513 271.68
0 338.0045011252813 220.48 375.933983495874 269.76
0 368.4921230307577 236.48 408.1020255063766 293.76
0 353.3683420855214 160.96 396.81920480120027 216.96
0 338.9647411852963 100.8 383.13578394598653 162.88
0 290.7126781695424 94.72 333.20330082520627 150.07999999999998
0 311.1177794448612 161.28 350.2475618904726 218.88000000000002
0 257.8244561140285 138.88 301.9954988747187 192.0
0 210.05251312828207 148.8 253.50337584396098 209.60000000000002
0 165.16129032258064 141.44 208.8522130532633 200.0
0 120.27006751687922 161.6 164.68117029257314 214.4
0 77.2993248312078 155.84 121.95048762190547 211.84
0 94.82370592648161 92.47999999999999 142.3555888972243 156.8
0 151.71792948237058 91.83999999999999 195.40885221305328 152.32
0 173.08327081770443 52.160000000000004 214.85371342835708 110.72
0 208.13203300825208 36.480000000000004 255.9039759939985 97.28
0 203.5708927231808 102.4 245.10127531882972 151.68
0 414.3435858964741 71.04 458.27456864216055 132.79999999999998
0 467.1567891972993 110.07999999999998 511.08777194298574 171.20000000000002
0 387.456864216054 115.52 434.5086271567892 174.4
0 395.61890472618154 181.44 438.10952738184545 240.64
0 438.3495873968492 171.84 483.9609902475619 232.32
0 487.80195048762187 172.48000000000002 530.5326331582896 223.67999999999998
0 488.2820705176294 225.27999999999997 518.5296324081021 276.8
0 457.5543885971493 224.32 499.80495123780946 275.2
0 413.8634658664666 222.71999999999997 454.43360840210056 276.8
0 417.9444861215304 277.12 457.07426856714176 327.68
0 456.834208552138 287.04 500.0450112528132 333.76
0 510.60765191297827 268.15999999999997 553.338334583646 310.08
0 549.0172543135784 291.84000000000003 593.668417104276 341.76
0 487.0817704426106 305.91999999999996 529.5723930982746 355.52
0 399.4598649662416 315.52 442.91072768192043 363.2
0 447.231807951988 338.88 488.2820705176294 388.16
0 511.3278319579895 339.52 548.7771942985746 392.0
0 547.5768942235559 359.36 584.3060765191298 408.32
0 579.5048762190547 406.71999999999997 617.9144786196549 455.67999999999995
0 537.0142535633909 408.64 578.5446361590398 451.52
0 491.64291072768196 399.68000000000006 527.6519129782446 446.71999999999997
0 448.91222805701426 378.56 487.3218304576144 419.52
0 410.9827456864216 374.4 452.99324831207804 422.08
0 378.81470367591896 410.55999999999995 414.8237059264816 457.59999999999997
0 413.3833458364591 413.44 449.152288072018 454.72
