0 48.012003000750184 336.0 81.14028507126781 372.47999999999996
0 79.69992498124532 293.76 111.38784696174044 332.8
0 105.62640660165042 264.64 137.79444861215302 301.12
0 131.07276819204802 226.23999999999998 162.76069017254315 260.47999999999996
0 153.39834958739684 184.95999999999998 187.24681170292573 226.56
0 160.60015003750937 151.68 200.2100525131283 202.24
0 209.8124531132783 151.68 241.2603150787697 194.56
0 194.92873218304578 188.16 224.21605401350337 230.72
0 190.60765191297827 227.51999999999998 223.25581395348837 264.96
0 154.5986496624156 226.56 185.80645161290323 267.52
0 138.03450862715678 259.84000000000003 171.64291072768194 297.28000000000003
0 120.03000750187547 297.6 151.71792948237058 336.0
0 95.54388597149287 332.47999999999996 129.87246811702926 366.71999999999997
0 87.86196549137284 354.24 117.14928732183046 395.20000000000005
0 112.58814703675918 361.28 143.07576894223556 400.96
0 79.2198049512378 384.32000000000005 107.06676669167292 421.12
0 102.2655663915979 388.48 132.27306826706678 429.44000000000005
0 77.05926481620405 426.88 106.58664666166543 467.84
0 102.50562640660165 454.08000000000004 131.31282820705175 495.36
0 127.231807951988 475.52 158.4396099024756 519.36
0 144.27606901725431 448.0 175.96399099774942 487.68
0 124.8312078019505 413.44 158.91972993248314 453.76
0 129.15228807201802 393.92 159.39984996249063 434.88
0 160.60015003750937 408.64 190.12753188297074 446.71999999999997
0 175.24381095273816 455.36 202.61065266316578 489.6
0 181.48537134283572 483.84000000000003 210.53263315828957 518.4000000000001
0 137.0742685671418 332.8 166.12153038259564 370.55999999999995
0 150.51762940735185 293.76 178.84471117779444 337.92
0 165.88147036759187 331.2 197.80945236309077 368.32
0 157.4793698424606 370.88 190.60765191297827 410.55999999999995
0 172.8432108027007 267.52 203.09077269317328 306.88
0 176.2040510127532 304.0 210.29257314328584 343.04
0 204.0510127531883 268.48 234.2985746436609 308.15999999999997
0 222.29557389347337 226.56 248.70217554388597 268.48
0 225.65641410352586 193.92 257.58439609902473 235.51999999999998
0 251.582895723931 171.52 282.0705176294074 215.36
0 241.50037509377344 101.44 277.0292573143286 149.76000000000002
0 277.26931732933235 125.44 308.95723930982746 170.24
0 312.5581395348837 115.19999999999999 343.7659414853714 160.0
0 296.7141785446362 160.96 325.5213803450863 200.64
0 277.5093773443361 191.35999999999999 307.75693923480867 230.72
0 253.9834958739685 217.92000000000002 285.1912978244561 250.56
0 331.04276069017254 151.35999999999999 358.88972243060766 193.92
0 357.9294823705926 144.0 387.456864216054 182.39999999999998
0 342.8057014253563 182.07999999999998 371.85296324081025 220.48
0 312.5581395348837 193.6 341.60540135033756 233.6
0 368.97224306076515 183.04 391.53788447111776 229.76
0 196.84921230307577 342.08 225.17629407351836 378.88
0 190.12753188297074 378.88 220.1350337584396 417.28000000000003
0 188.20705176294072 419.20000000000005 216.53413353338334 460.48
0 212.9332333083271 426.88 241.2603150787697 466.24
0 211.49287321830457 465.28 243.1807951987997 504.0
0 205.73143285821456 496.0 239.57989497374342 536.3199999999999
0 240.06001500375095 487.68 269.34733683420853 523.52
0 266.7066766691673 474.24 293.35333833458367 508.8
0 242.94073518379594 434.88 266.946736684171 469.12
0 265.50637659414855 433.28000000000003 291.4328582145537 470.08000000000004
0 246.30157539384845 405.12 275.82895723930983 442.88
0 276.5491372843211 396.48 305.8364591147787 441.59999999999997
0 224.21605401350337 366.4 252.0630157539385 404.48
0 250.1425356339085 363.52 276.3090772693173 401.28
0 229.9774943735934 336.96 255.9039759939985 372.16
0 216.53413353338334 304.64 246.54163540885222 340.79999999999995
0 250.1425356339085 327.04 280.15003750937734 367.35999999999996
0 280.3900975243811 356.8 308.2370592648162 396.48
0 278.22955738934735 324.48 304.63615903975995 361.59999999999997
0 232.37809452363092 268.8 263.10577644411103 309.12
0 261.18529632408104 288.96000000000004 289.0322580645161 328.64
0 257.58439609902473 245.76 285.6714178544636 284.8
0 280.8702175543886 222.39999999999998 309.1972993248312 264.32
0 283.9909977494374 272.0 312.5581395348837 308.48
0 297.4343585896474 297.28000000000003 324.32108027006745 338.56
0 308.2370592648162 264.96 337.28432108027005 304.32
0 307.51687921980493 364.79999999999995 335.1237809452363 402.56
0 300.79519879969996 396.8 330.08252063015755 432.64000000000004
0 291.4328582145537 437.44 323.1207801950487 470.4
0 291.1927981995499 469.76 320.72018004501126 509.76
0 325.04126031507883 462.08 351.92798199549884 502.71999999999997
0 349.5273818454614 476.8 377.1342835708927 520.9599999999999
0 347.3668417104276 434.56000000000006 377.37434358589644 473.6
0 335.1237809452363 402.56 363.6909227306827 440.0
0 331.04276069017254 368.0 358.88972243060766 408.64
0 320.72018004501126 331.52 352.64816204051016 372.16
0 329.3623405851463 298.24 357.9294823705926 339.20000000000005
0 348.3270817704426 331.2 377.85446361590397 370.24
0 320.24006001500373 228.48 347.12678169542386 268.15999999999997
0 334.4036009002251 255.36 364.17104276069017 297.28000000000003
0 343.5258814703676 217.60000000000002 370.65266316579147 258.56
0 370.65266316579147 224.95999999999998 397.059264816204 263.68
0 398.4996249062266 235.51999999999998 427.7869467366842 275.52
0 375.933983495874 267.52 404.26106526631656 307.84
0 396.099024756189 272.0 425.8664666166542 308.15999999999997
0 424.9062265566391 277.12 454.1935483870968 320.0
0 364.41110277569396 302.71999999999997 393.69842460615155 339.52
0 417.7044261065266 316.15999999999997 445.0712678169543 356.48
0 445.55138784696175 311.68 479.6399099774943 352.64000000000004
0 402.5806451612903 356.8 431.3878469617404 394.88
0 363.93098274568644 389.76 393.69842460615155 427.84
0 389.37734433608404 388.48 416.26406601650416 426.56
0 433.3083270817704 350.72 459.9549887471868 387.2
0 462.83570892723185 352.96 492.12303075768943 393.6
0 478.6796699174794 375.67999999999995 506.7666916729182 414.4
0 421.06526631657914 389.12 449.63240810202547 426.88
0 382.1755438859715 423.68 410.5026256564141 459.52
0 371.132783195799 467.84 399.6999249812453 501.12
0 376.89422355588897 491.84 403.5408852213053 520.64
0 400.4201050262566 458.88 428.02700675168796 493.12
0 407.1417854463616 497.92 434.98874718679673 533.76
0 434.98874718679673 496.0 461.39534883720927 532.8
0 452.033008252063 514.88 477.7194298574643 550.4
0 423.4658664666166 458.24 452.99324831207804 494.4
0 409.54238559639913 414.4 437.629407351838 452.47999999999996
0 435.46886721680426 416.96 461.39534883720927 452.47999999999996
0 448.43210802700673 468.48 473.87846961740433 501.76
0 470.9977494373594 472.96 496.4441110277569 505.28
0 462.83570892723185 443.52 490.20255063765944 480.64
0 483.9609902475619 452.16 511.08777194298574 489.6
0 456.834208552138 404.48 483.9609902475619 442.56
0 483.0007501875469 407.68 512.2880720180045 441.59999999999997
