0 0.403125 0.549219 0.08125 0.120312
0 0.235156 0.749219 0.0796875 0.0796875
0 0.702344 0.450781 0.0859375 0.0890625
0 0.399219 0.420312 0.0671875 0.11875
0 0.310937 0.804688 0.08125 0.10625
0 0.904688 0.389844 0.075 0.104687
0 0.136719 0.408594 0.0734375 0.101562
0 0.159375 0.298438 0.08125 0.1
0 0.321094 0.396094 0.0765625 0.126563
0 0.0757812 0.585938 0.0796875 0.10625
0 0.598437 0.625781 0.065625 0.114063
0 0.227344 0.329688 0.0953125 0.1
0 0.145313 0.514063 0.084375 0.090625
0 0.639063 0.145313 0.0875 0.09375
0 0.897656 0.59375 0.0828125 0.1125
0 0.75 0.626562 0.06875 0.109375
0 0.3125 0.6 0.0875 0.096875
0 0.635156 0.828906 0.0796875 0.101562
0 0.511719 0.227344 0.0890625 0.107813
0 0.714844 0.332031 0.0890625 0.104687
0 0.225 0.210156 0.090625 0.101562
0 0.679688 0.671875 0.084375 0.09375
0 0.720312 0.196094 0.090625 0.107813
0 0.4875 0.908594 0.075 0.104687
0 0.299219 0.267969 0.0796875 0.129688
0 0.386719 0.224219 0.0921875 0.101562
0 0.604688 0.730469 0.08125 0.117188
0 0.300781 0.140625 0.0890625 0.1
0 0.3875 0.66875 0.071875 0.103125
0 0.91875 0.488281 0.071875 0.0890625
0 0.467187 0.764844 0.078125 0.0984375
0 0.290625 0.505469 0.0875 0.104687
0 0.389844 0.769531 0.0828125 0.0921875
0 0.557031 0.45625 0.0921875 0.11875
0 0.439063 0.298438 0.0875 0.1125
0 0.0617188 0.474219 0.0796875 0.101562
0 0.246094 0.66875 0.0890625 0.115625
0 0.465625 0.633594 0.078125 0.0984375
0 0.314844 0.713281 0.0859375 0.101562
0 0.539844 0.678906 0.0796875 0.101562
0 0.567969 0.903125 0.0734375 0.1125
0 0.542188 0.798437 0.08125 0.10625
0 0.597656 0.246875 0.0921875 0.115625
0 0.43125 0.857813 0.0875 0.11875
0 0.553906 0.341406 0.0859375 0.104687
0 0.705469 0.76875 0.0796875 0.115625
0 0.539844 0.566406 0.0859375 0.0984375
0 0.15625 0.745313 0.084375 0.11875
0 0.461719 0.516406 0.0796875 0.104687
0 0.205469 0.44375 0.0859375 0.115625
0 0.776563 0.390625 0.084375 0.1
0 0.763281 0.521875 0.0828125 0.10625
0 0.217969 0.561719 0.0890625 0.101562
0 0.689062 0.560156 0.08125 0.104687
0 0.767969 0.705469 0.0828125 0.114063
0 0.849219 0.319531 0.0796875 0.120312
0 0.635156 0.396094 0.0828125 0.120312
0 0.0953125 0.669531 0.084375 0.110937
0 0.482812 0.407813 0.08125 0.121875
0 0.798437 0.221094 0.08125 0.120312
0 0.167969 0.619531 0.0796875 0.117188
0 0.834375 0.569531 0.08125 0.110937
0 0.621094 0.519531 0.0765625 0.120312
0 0.845312 0.469531 0.084375 0.120312
0 0.84375 0.667969 0.08125 0.107813
