0 0.174219 0.6125 0.0265625 0.0375
0 0.854688 0.189844 0.040625 0.0640625
0 0.802344 0.5375 0.0484375 0.05625
0 0.769531 0.589063 0.0359375 0.053125
0 0.764063 0.685156 0.028125 0.0421875
0 0.563281 0.124219 0.0421875 0.0578125
0 0.672656 0.776563 0.0359375 0.053125
0 0.401563 0.635938 0.04375 0.053125
0 0.835938 0.446875 0.040625 0.05
0 0.685156 0.475 0.0421875 0.053125
0 0.209375 0.616406 0.053125 0.0609375
0 0.64375 0.642969 0.04375 0.0546875
0 0.757031 0.494531 0.0359375 0.0546875
0 0.338281 0.2 0.0484375 0.059375
0 0.236719 0.35 0.0453125 0.0625
0 0.778125 0.360156 0.040625 0.0578125
0 0.626562 0.578125 0.0375 0.046875
0 0.399219 0.510938 0.0421875 0.05625
0 0.446875 0.398438 0.046875 0.0625
0 0.702344 0.624219 0.0453125 0.0484375
0 0.260938 0.625781 0.05 0.0609375
0 0.402344 0.7125 0.0453125 0.05
0 0.710156 0.176563 0.0390625 0.065625
0 0.177344 0.200781 0.0515625 0.0640625
0 0.374219 0.151562 0.0484375 0.075
0 0.784375 0.245312 0.040625 0.0625
0 0.167187 0.424219 0.053125 0.0546875
0 0.364062 0.810938 0.046875 0.053125
0 0.810156 0.734375 0.0359375 0.05
0 0.160156 0.496094 0.0484375 0.0609375
0 0.380469 0.234375 0.0484375 0.065625
0 0.258594 0.301562 0.0515625 0.075
0 0.167187 0.842969 0.05625 0.0546875
0 0.571094 0.376563 0.0421875 0.05625
0 0.665625 0.539844 0.046875 0.0609375
0 0.575 0.183594 0.05 0.0671875
0 0.742969 0.46875 0.0421875 0.0625
0 0.194531 0.569531 0.0515625 0.0640625
0 0.104687 0.328906 0.046875 0.0609375
0 0.214062 0.170312 0.05 0.06875
0 0.425 0.182031 0.0375 0.0609375
0 0.224219 0.814844 0.0515625 0.0578125
0 0.871094 0.25 0.0453125 0.0625
0 0.678906 0.577344 0.0421875 0.0546875
0 0.702344 0.522656 0.0453125 0.0578125
0 0.21875 0.249219 0.05 0.0640625
0 0.0890625 0.454688 0.05625 0.0625
0 0.446875 0.794531 0.04375 0.0578125
0 0.535937 0.473437 0.0375 0.059375
0 0.483594 0.278906 0.0453125 0.0640625
0 0.575781 0.673437 0.0421875 0.053125
0 0.784375 0.65 0.040625 0.059375
0 0.328125 0.584375 0.046875 0.05625
0 0.221875 0.70625 0.046875 0.0625
0 0.680469 0.195312 0.0484375 0.059375
0 0.251563 0.119531 0.053125 0.0671875
0 0.80625 0.370313 0.04375 0.059375
0 0.2125 0.417969 0.053125 0.0671875
0 0.167969 0.375 0.0578125 0.06875
0 0.503906 0.79375 0.0421875 0.059375
0 0.0796875 0.513281 0.05625 0.0578125
0 0.124219 0.379687 0.0484375 0.065625
0 0.498437 0.489844 0.04375 0.0609375
0 0.305469 0.253125 0.0515625 0.06875
0 0.490625 0.334375 0.046875 0.059375
0 0.778125 0.428125 0.0375 0.053125
0 0.671875 0.357031 0.04375 0.0640625
0 0.691406 0.2625 0.0453125 0.065625
0 0.35625 0.36875 0.05625 0.065625
0 0.796094 0.798437 0.0390625 0.053125
0 0.471875 0.186719 0.05 0.0671875
0 0.572656 0.314063 0.0515625 0.065625
0 0.2375 0.669531 0.05 0.0640625
0 0.828125 0.675781 0.0375 0.0421875
0 0.361719 0.753125 0.0453125 0.05625
0 0.846094 0.641406 0.0421875 0.0546875
0 0.782031 0.742969 0.0390625 0.0546875
0 0.577344 0.259375 0.0484375 0.059375
0 0.117969 0.717188 0.0484375 0.05625
0 0.817969 0.482031 0.0421875 0.0578125
0 0.747656 0.632812 0.0421875 0.059375
0 0.642969 0.100781 0.0484375 0.0671875
0 0.814844 0.607813 0.0453125 0.059375
0 0.757812 0.79375 0.0375 0.05625
0 0.408594 0.776563 0.0390625 0.053125
0 0.879687 0.389844 0.04375 0.0609375
0 0.2125 0.492969 0.053125 0.0703125
0 0.494531 0.6 0.0421875 0.059375
0 0.757031 0.217969 0.0484375 0.0671875
0 0.414844 0.286719 0.0484375 0.0671875
0 0.715625 0.80625 0.04375 0.053125
0 0.440625 0.727344 0.04375 0.0515625
0 0.571875 0.43125 0.04375 0.05625
0 0.538281 0.41875 0.0515625 0.065625
0 0.653906 0.679688 0.0421875 0.05
0 0.742188 0.732031 0.034375 0.0453125
0 0.807031 0.302344 0.0453125 0.0609375
0 0.16875 0.299219 0.046875 0.0640625
0 0.617188 0.336719 0.05 0.0640625
0 0.532812 0.364062 0.04375 0.059375
0 0.183594 0.677344 0.0421875 0.0609375
0 0.604688 0.134375 0.04375 0.059375
0 0.358594 0.621875 0.0453125 0.059375
0 0.3 0.491406 0.05 0.0671875
0 0.346875 0.55 0.05 0.065625
0 0.854688 0.578906 0.04375 0.0515625
0 0.4875 0.733594 0.04375 0.0546875
0 0.575781 0.519531 0.0484375 0.0578125
0 0.628906 0.191406 0.0484375 0.0671875
0 0.140625 0.782812 0.053125 0.065625
0 0.41875 0.452344 0.04375 0.0609375
0 0.525 0.694531 0.04375 0.0578125
0 0.475 0.546875 0.053125 0.059375
0 0.316406 0.73125 0.0421875 0.05
0 0.378906 0.41875 0.0484375 0.059375
0 0.739062 0.692187 0.040625 0.053125
0 0.357031 0.490625 0.0515625 0.0625
0 0.620313 0.533594 0.04375 0.0609375
0 0.273438 0.425 0.053125 0.06875
0 0.602344 0.63125 0.0421875 0.05
0 0.421094 0.55 0.0421875 0.0625
0 0.297656 0.554688 0.0484375 0.0625
0 0.251563 0.541406 0.05 0.0640625
0 0.441406 0.232031 0.0515625 0.0640625
0 0.28125 0.3625 0.05 0.065625
0 0.266406 0.192188 0.0546875 0.06875
0 0.607813 0.275 0.040625 0.0625
0 0.546875 0.782812 0.04375 0.05
0 0.670313 0.428125 0.04375 0.05625
0 0.621094 0.405469 0.0421875 0.0609375
0 0.382812 0.667969 0.040625 0.0546875
0 0.528125 0.300781 0.04375 0.0609375
0 0.445312 0.328906 0.05 0.0671875
0 0.380469 0.577344 0.0515625 0.0609375
0 0.615625 0.670313 0.040625 0.046875
0 0.325 0.780469 0.040625 0.0484375
0 0.519531 0.2375 0.0484375 0.0625
0 0.705469 0.310937 0.0453125 0.0625
0 0.317187 0.322656 0.053125 0.0703125
0 0.542188 0.592188 0.046875 0.05625
0 0.282813 0.701563 0.05 0.065625
0 0.517187 0.171875 0.053125 0.065625
0 0.284375 0.753906 0.040625 0.0515625
0 0.705469 0.682813 0.0453125 0.05625
0 0.328906 0.442969 0.0515625 0.0640625
0 0.594531 0.471094 0.0421875 0.0609375
0 0.451562 0.595312 0.05 0.059375
0 0.642187 0.791406 0.040625 0.0515625
0 0.403906 0.366406 0.0484375 0.0640625
0 0.654688 0.728906 0.040625 0.0546875
0 0.75625 0.280469 0.04375 0.0578125
0 0.720312 0.360156 0.040625 0.0640625
0 0.633594 0.467969 0.0421875 0.0484375
0 0.5375 0.730469 0.040625 0.0546875
0 0.716406 0.741406 0.0421875 0.0546875
0 0.44375 0.505469 0.046875 0.0578125
0 0.342187 0.692187 0.046875 0.05625
0 0.519531 0.532031 0.0421875 0.0578125
0 0.308594 0.146875 0.0515625 0.06875
0 0.754687 0.398438 0.04375 0.05625
0 0.55625 0.628906 0.040625 0.0515625
0 0.591406 0.580469 0.0421875 0.0578125
0 0.45625 0.460938 0.046875 0.065625
0 0.470313 0.683594 0.040625 0.0578125
0 0.367969 0.297656 0.0453125 0.0671875
0 0.655469 0.308594 0.0453125 0.0640625
0 0.430469 0.671094 0.0453125 0.0546875
0 0.471875 0.641406 0.04375 0.0515625
0 0.51875 0.646094 0.05 0.0609375
0 0.717188 0.567187 0.040625 0.053125
0 0.579687 0.725 0.04375 0.053125
0 0.492188 0.396094 0.05 0.0671875
0 0.617969 0.710156 0.0421875 0.0515625
0 0.592188 0.770312 0.04375 0.053125
