0 0.614844 0.326562 0.0359375 0.053125
0 0.684375 0.770312 0.03125 0.03125
0 0.492969 0.225781 0.0578125 0.0578125
0 0.586719 0.492969 0.0296875 0.0515625
0 0.724219 0.103125 0.0296875 0.046875
0 0.422656 0.0953125 0.0359375 0.053125
0 0.6625 0.780469 0.04375 0.0609375
0 0.579687 0.539844 0.05 0.0703125
0 0.575781 0.711719 0.0421875 0.0609375
0 0.682031 0.604688 0.0421875 0.046875
0 0.586719 0.4375 0.0328125 0.053125
0 0.392188 0.490625 0.0625 0.071875
0 0.71875 0.492188 0.04375 0.065625
0 0.66875 0.640625 0.04375 0.053125
0 0.561719 0.266406 0.0453125 0.0640625
0 0.654688 0.278125 0.028125 0.05
0 0.311719 0.183594 0.0484375 0.0578125
0 0.278125 0.224219 0.04375 0.0546875
0 0.257031 0.171094 0.0484375 0.0578125
0 0.423438 0.389062 0.05 0.0625
0 0.799219 0.532812 0.0421875 0.06875
0 0.561719 0.124219 0.0421875 0.0546875
0 0.214062 0.271875 0.059375 0.059375
0 0.772656 0.396875 0.0359375 0.05
0 0.561719 0.598437 0.0515625 0.0625
0 0.286719 0.336719 0.0578125 0.0703125
0 0.435937 0.236719 0.04375 0.0546875
0 0.629687 0.828906 0.05 0.0671875
0 0.864844 0.335156 0.0421875 0.0578125
0 0.583594 0.292969 0.0390625 0.0609375
0 0.701563 0.0765625 0.0375 0.05625
0 0.313281 0.0859375 0.0546875 0.065625
0 0.715625 0.135156 0.040625 0.0515625
0 0.627344 0.400781 0.0453125 0.0640625
0 0.758594 0.327344 0.0328125 0.0515625
0 0.5625 0.469531 0.046875 0.0671875
0 0.447656 0.125781 0.0515625 0.0671875
0 0.539844 0.670313 0.0546875 0.078125
0 0.260156 0.129688 0.0453125 0.04375
0 0.728125 0.21875 0.034375 0.05
0 0.548437 0.395312 0.05 0.065625
0 0.514063 0.603906 0.05 0.0734375
0 0.735937 0.578906 0.0375 0.0609375
0 0.565625 0.775781 0.053125 0.0609375
0 0.670313 0.58125 0.040625 0.05625
0 0.779688 0.575781 0.034375 0.0421875
0 0.671094 0.853906 0.0421875 0.0671875
0 0.411719 0.332031 0.0515625 0.0546875
0 0.653125 0.332812 0.0375 0.053125
0 0.591406 0.354688 0.0484375 0.0625
0 0.794531 0.677344 0.0453125 0.0671875
0 0.504687 0.471094 0.053125 0.0640625
0 0.360938 0.320312 0.05 0.06875
0 0.532031 0.196875 0.0515625 0.065625
0 0.511719 0.0898438 0.0484375 0.0640625
0 0.717969 0.258594 0.0390625 0.0453125
0 0.51875 0.348437 0.053125 0.075
0 0.765625 0.471875 0.04375 0.05625
0 0.496094 0.405469 0.0546875 0.0765625
0 0.520312 0.516406 0.04375 0.0515625
0 0.171875 0.161719 0.046875 0.0671875
0 0.596094 0.190625 0.0390625 0.059375
0 0.45 0.517187 0.053125 0.06875
0 0.849219 0.43125 0.0390625 0.0625
0 0.361719 0.389844 0.0578125 0.0734375
0 0.438281 0.452344 0.0515625 0.0671875
0 0.655469 0.192969 0.0453125 0.0578125
0 0.628125 0.459375 0.0375 0.05625
0 0.642969 0.15 0.0296875 0.040625
0 0.470313 0.0695312 0.040625 0.0546875
0 0.305469 0.142188 0.0515625 0.065625
0 0.626562 0.278906 0.040625 0.0546875
0 0.3375 0.230469 0.05 0.0671875
0 0.230469 0.214844 0.0515625 0.0671875
0 0.755469 0.232812 0.0328125 0.040625
0 0.678906 0.242188 0.0390625 0.05625
0 0.308594 0.279687 0.0484375 0.0625
0 0.734375 0.167187 0.034375 0.053125
0 0.466406 0.292188 0.0484375 0.065625
0 0.70625 0.714844 0.04375 0.0578125
0 0.764844 0.179688 0.0359375 0.053125
0 0.777344 0.260156 0.0328125 0.0546875
0 0.628125 0.51875 0.04375 0.059375
0 0.623438 0.60625 0.04375 0.05625
0 0.728906 0.357031 0.0359375 0.0515625
0 0.721094 0.757031 0.0453125 0.0609375
0 0.703125 0.432813 0.0375 0.05625
0 0.694531 0.378906 0.0421875 0.0609375
0 0.751562 0.292969 0.040625 0.0515625
0 0.752344 0.692969 0.0453125 0.0609375
0 0.632031 0.665625 0.0453125 0.0625
0 0.689844 0.29375 0.0359375 0.05625
0 0.728125 0.403906 0.0375 0.0515625
0 0.641406 0.102344 0.0390625 0.0578125
0 0.58125 0.624219 0.040625 0.0453125
0 0.616406 0.149219 0.0390625 0.0578125
0 0.703906 0.198437 0.0359375 0.053125
