0 0.807031 0.546094 0.0296875 0.0359375
0 0.6875 0.219531 0.040625 0.0484375
0 0.844531 0.50625 0.0390625 0.04375
0 0.698438 0.299219 0.04375 0.0609375
0 0.475781 0.225781 0.0453125 0.0671875
0 0.757812 0.448438 0.04375 0.05625
0 0.523438 0.225 0.05 0.065625
0 0.485156 0.839844 0.0359375 0.0453125
0 0.7125 0.447656 0.040625 0.0578125
0 0.699219 0.576563 0.0390625 0.05625
0 0.88125 0.352344 0.040625 0.0578125
0 0.721875 0.651563 0.040625 0.046875
0 0.709375 0.701563 0.040625 0.05625
0 0.136719 0.45 0.0484375 0.059375
0 0.540625 0.613281 0.046875 0.0484375
0 0.65 0.398438 0.04375 0.05625
0 0.660937 0.660156 0.03125 0.0546875
0 0.3125 0.4125 0.053125 0.0625
0 0.652344 0.339844 0.0421875 0.0546875
0 0.348437 0.160156 0.046875 0.0703125
0 0.182812 0.270312 0.05 0.05625
0 0.483594 0.764844 0.0390625 0.0484375
0 0.271094 0.275 0.0453125 0.06875
0 0.754687 0.497656 0.040625 0.0546875
0 0.285156 0.214062 0.0453125 0.0625
0 0.4 0.745313 0.05 0.065625
0 0.185156 0.347656 0.0484375 0.0640625
0 0.211719 0.724219 0.0453125 0.0609375
0 0.15 0.652344 0.05 0.0578125
0 0.120312 0.514844 0.05 0.0609375
0 0.739062 0.553125 0.040625 0.053125
0 0.496094 0.289844 0.0421875 0.0609375
0 0.560156 0.772656 0.0453125 0.0578125
0 0.533594 0.383594 0.0484375 0.0640625
0 0.398438 0.536719 0.04375 0.0609375
0 0.63125 0.459375 0.046875 0.059375
0 0.459375 0.874219 0.0375 0.0515625
0 0.171875 0.196094 0.05 0.0703125
0 0.260156 0.158594 0.0484375 0.0671875
0 0.64375 0.765625 0.0375 0.05625
0 0.549219 0.420312 0.0421875 0.053125
0 0.0882813 0.305469 0.0515625 0.0671875
0 0.5625 0.253125 0.05 0.065625
0 0.276563 0.346094 0.05 0.0609375
0 0.644531 0.189063 0.0421875 0.059375
0 0.460156 0.303125 0.0453125 0.06875
0 0.686719 0.417188 0.0421875 0.05625
0 0.496875 0.346875 0.046875 0.065625
0 0.202344 0.142188 0.0546875 0.071875
0 0.610937 0.3375 0.0375 0.059375
0 0.763281 0.28125 0.0390625 0.05625
0 0.449219 0.830469 0.0390625 0.0515625
0 0.629687 0.650781 0.04375 0.0546875
0 0.620313 0.266406 0.04375 0.0640625
0 0.791406 0.290625 0.0390625 0.053125
0 0.671094 0.275781 0.0453125 0.0609375
0 0.225781 0.326562 0.0546875 0.071875
0 0.271094 0.732813 0.0453125 0.059375
0 0.248437 0.8 0.040625 0.05625
0 0.121094 0.570312 0.0484375 0.0625
0 0.221875 0.207031 0.05 0.0671875
0 0.128125 0.367969 0.05625 0.0640625
0 0.767969 0.555469 0.0328125 0.0515625
0 0.446094 0.723437 0.0453125 0.053125
0 0.879687 0.467969 0.0375 0.0546875
0 0.576563 0.723437 0.040625 0.05
0 0.802344 0.353125 0.0390625 0.053125
0 0.540625 0.311719 0.053125 0.0640625
0 0.879687 0.410937 0.0375 0.05625
0 0.214844 0.628125 0.0453125 0.059375
0 0.233594 0.670313 0.0421875 0.05625
0 0.371094 0.283594 0.0515625 0.0671875
0 0.628125 0.595312 0.040625 0.053125
0 0.382031 0.223438 0.0515625 0.06875
0 0.129688 0.303125 0.05 0.06875
0 0.379687 0.870313 0.04375 0.05625
0 0.567969 0.354688 0.0421875 0.059375
0 0.364062 0.505469 0.046875 0.0515625
0 0.500781 0.169531 0.0484375 0.0640625
0 0.336719 0.464844 0.0484375 0.0640625
0 0.661719 0.716406 0.0390625 0.0515625
0 0.305469 0.110937 0.0453125 0.071875
0 0.720312 0.24375 0.04375 0.059375
0 0.508594 0.507812 0.0453125 0.0625
0 0.844531 0.429688 0.0390625 0.053125
0 0.489844 0.721875 0.0453125 0.05625
0 0.795313 0.444531 0.0375 0.0546875
0 0.33125 0.227344 0.05 0.0640625
0 0.805469 0.395312 0.0390625 0.05
0 0.430469 0.496094 0.0453125 0.0578125
0 0.165625 0.566406 0.04375 0.0578125
0 0.521875 0.452344 0.04375 0.0609375
0 0.169531 0.410937 0.0515625 0.065625
0 0.691406 0.627344 0.0421875 0.0546875
0 0.259375 0.628906 0.04375 0.0546875
0 0.754687 0.614062 0.03125 0.05
0 0.603906 0.394531 0.0484375 0.0578125
0 0.398438 0.166406 0.05 0.0703125
0 0.394531 0.466406 0.0453125 0.0578125
0 0.342969 0.739062 0.0390625 0.059375
0 0.20625 0.451562 0.05 0.065625
0 0.377344 0.680469 0.0453125 0.0578125
0 0.657031 0.566406 0.0421875 0.0546875
0 0.346094 0.56875 0.0453125 0.0625
0 0.550781 0.182812 0.0515625 0.065625
0 0.220313 0.390625 0.05 0.0625
0 0.580469 0.591406 0.0421875 0.0515625
0 0.795313 0.508594 0.0375 0.0546875
0 0.345313 0.842188 0.04375 0.059375
0 0.229687 0.503125 0.04375 0.053125
0 0.351562 0.785937 0.05 0.05625
0 0.447656 0.770312 0.0390625 0.053125
0 0.673437 0.519531 0.040625 0.0578125
0 0.317969 0.294531 0.0546875 0.0671875
0 0.348437 0.61875 0.040625 0.05625
0 0.196094 0.671875 0.0453125 0.059375
0 0.460156 0.678125 0.0421875 0.053125
0 0.373437 0.34375 0.046875 0.0625
0 0.391406 0.804688 0.0453125 0.059375
0 0.60625 0.553125 0.0375 0.053125
0 0.395312 0.39375 0.04375 0.059375
0 0.182812 0.496094 0.053125 0.0640625
0 0.832812 0.349219 0.034375 0.0546875
0 0.444531 0.188281 0.0546875 0.0609375
0 0.305469 0.642187 0.0421875 0.05625
0 0.830469 0.29375 0.0390625 0.05625
0 0.653906 0.617188 0.0390625 0.05
0 0.730469 0.607031 0.0359375 0.0515625
0 0.692969 0.357031 0.0421875 0.0578125
0 0.579687 0.639063 0.0375 0.05
0 0.765625 0.391406 0.040625 0.0546875
0 0.669531 0.46875 0.0421875 0.053125
0 0.317187 0.533594 0.05 0.0609375
0 0.296875 0.780469 0.046875 0.0609375
0 0.729688 0.344531 0.040625 0.0546875
0 0.490625 0.567969 0.040625 0.0515625
0 0.433594 0.434375 0.0421875 0.065625
0 0.521875 0.674219 0.04375 0.0609375
0 0.55625 0.48125 0.04375 0.05625
0 0.81875 0.471094 0.040625 0.0578125
0 0.442969 0.374219 0.0484375 0.0546875
0 0.416406 0.311719 0.0515625 0.0640625
0 0.591406 0.496094 0.0453125 0.0546875
0 0.48125 0.4 0.046875 0.0625
0 0.528906 0.565625 0.0421875 0.05
0 0.769531 0.33125 0.0421875 0.05625
0 0.432031 0.24375 0.0453125 0.059375
0 0.557031 0.522656 0.0421875 0.0484375
0 0.330469 0.35625 0.0515625 0.065625
0 0.48125 0.461719 0.05 0.0609375
0 0.5625 0.680469 0.04375 0.0515625
0 0.867969 0.294531 0.0421875 0.0578125
0 0.421094 0.630469 0.0421875 0.0578125
0 0.457031 0.608594 0.0421875 0.0578125
0 0.589844 0.44375 0.0453125 0.053125
0 0.392969 0.594531 0.0453125 0.0546875
0 0.283594 0.478125 0.0484375 0.0625
0 0.491406 0.635156 0.0453125 0.0578125
0 0.357812 0.413281 0.04375 0.0609375
0 0.582812 0.300781 0.040625 0.0578125
0 0.332812 0.683594 0.046875 0.0578125
0 0.267969 0.404687 0.0484375 0.059375
0 0.219531 0.561719 0.0515625 0.0609375
0 0.619531 0.7125 0.0390625 0.053125
0 0.29375 0.68125 0.04375 0.05625
0 0.715625 0.504687 0.040625 0.05625
0 0.728125 0.394531 0.040625 0.0515625
0 0.470313 0.521875 0.046875 0.0625
0 0.420312 0.685938 0.040625 0.05625
0 0.519531 0.773438 0.0390625 0.05625
0 0.60625 0.758594 0.040625 0.0546875
0 0.294531 0.585938 0.0515625 0.0625
0 0.63125 0.509375 0.040625 0.053125
0 0.529688 0.721094 0.0375 0.0515625
0 0.433594 0.571094 0.0453125 0.0640625
0 0.270312 0.534375 0.046875 0.065625
