0 0.347656 0.0890625 0.0546875 0.078125
0 0.203906 0.226562 0.0328125 0.05625
0 0.6625 0.686719 0.04375 0.0546875
0 0.623438 0.363281 0.0375 0.0578125
0 0.577344 0.475 0.0515625 0.059375
0 0.347656 0.308594 0.0359375 0.0609375
0 0.160156 0.264062 0.0390625 0.0625
0 0.634375 0.425 0.05 0.065625
0 0.575781 0.354688 0.0484375 0.0625
0 0.639844 0.642969 0.0390625 0.0484375
0 0.486719 0.301562 0.0515625 0.06875
0 0.238281 0.180469 0.0484375 0.0578125
0 0.335156 0.371875 0.0453125 0.059375
0 0.509375 0.541406 0.05 0.0671875
0 0.472656 0.182812 0.0484375 0.065625
0 0.367969 0.472656 0.0546875 0.0640625
0 0.321094 0.582031 0.0484375 0.0578125
0 0.426562 0.144531 0.046875 0.0609375
0 0.686719 0.301562 0.0453125 0.065625
0 0.834375 0.660937 0.05 0.059375
0 0.672656 0.416406 0.0390625 0.0609375
0 0.598437 0.314063 0.04375 0.0625
0 0.253906 0.289844 0.0453125 0.0640625
0 0.425 0.20625 0.046875 0.0625
0 0.460938 0.525781 0.046875 0.0609375
0 0.760156 0.510156 0.0328125 0.0578125
0 0.433594 0.2625 0.0421875 0.0625
0 0.148438 0.395312 0.046875 0.065625
0 0.176563 0.453125 0.04375 0.053125
0 0.605469 0.157813 0.0421875 0.05625
0 0.683594 0.241406 0.0421875 0.0609375
0 0.540625 0.55625 0.0375 0.053125
0 0.797656 0.386719 0.0421875 0.0640625
0 0.730469 0.691406 0.0453125 0.0609375
0 0.776563 0.580469 0.04375 0.0578125
0 0.830469 0.519531 0.0359375 0.0546875
0 0.66875 0.115625 0.046875 0.065625
0 0.785156 0.669531 0.0484375 0.0546875
0 0.815625 0.604688 0.040625 0.053125
0 0.790625 0.442187 0.04375 0.053125
0 0.375 0.64375 0.046875 0.05625
0 0.471875 0.102344 0.04375 0.0578125
0 0.275781 0.459375 0.0515625 0.0625
0 0.438281 0.323438 0.0515625 0.065625
0 0.761719 0.253906 0.0421875 0.0578125
0 0.59375 0.191406 0.040625 0.0609375
0 0.189063 0.280469 0.040625 0.0609375
0 0.271875 0.644531 0.053125 0.0640625
0 0.641406 0.572656 0.0390625 0.0515625
0 0.521875 0.267188 0.046875 0.0625
0 0.794531 0.50625 0.0359375 0.059375
0 0.307813 0.263281 0.05 0.0671875
0 0.348437 0.184375 0.053125 0.0625
0 0.333594 0.0828125 0.0484375 0.0625
0 0.715625 0.424219 0.040625 0.0578125
0 0.395312 0.292188 0.05 0.06875
0 0.521875 0.186719 0.05 0.0640625
0 0.182812 0.346094 0.046875 0.0671875
0 0.564062 0.146875 0.046875 0.059375
0 0.26875 0.344531 0.04375 0.0609375
0 0.416406 0.0929687 0.0484375 0.0609375
0 0.652344 0.530469 0.0390625 0.0578125
0 0.283594 0.159375 0.0390625 0.0625
0 0.229687 0.465625 0.046875 0.05625
0 0.578125 0.423438 0.05 0.059375
0 0.322656 0.448438 0.0484375 0.065625
0 0.303906 0.392969 0.0453125 0.0546875
0 0.258594 0.0820312 0.0484375 0.0671875
0 0.367188 0.538281 0.046875 0.0578125
0 0.472656 0.244531 0.0515625 0.0671875
0 0.73125 0.325781 0.0375 0.0578125
0 0.332031 0.503125 0.0453125 0.05625
0 0.68125 0.529688 0.040625 0.05625
0 0.555469 0.30625 0.0484375 0.0625
0 0.514844 0.409375 0.0515625 0.065625
0 0.521875 0.127344 0.046875 0.0671875
0 0.6625 0.342969 0.046875 0.0609375
0 0.326562 0.632031 0.05 0.0578125
0 0.714844 0.138281 0.0515625 0.0609375
0 0.280469 0.228125 0.0453125 0.0625
0 0.230469 0.225781 0.0484375 0.0671875
0 0.407031 0.369531 0.0484375 0.0640625
0 0.408594 0.522656 0.0484375 0.0609375
0 0.782031 0.315625 0.0421875 0.059375
0 0.805469 0.269531 0.0453125 0.0609375
0 0.370313 0.132031 0.046875 0.0609375
0 0.741406 0.567187 0.0484375 0.059375
0 0.669531 0.478125 0.0453125 0.0625
0 0.267188 0.519531 0.05 0.0609375
0 0.5625 0.245312 0.04375 0.053125
0 0.165625 0.507812 0.053125 0.0625
0 0.459375 0.602344 0.05 0.0671875
0 0.417188 0.417969 0.040625 0.0546875
0 0.713281 0.63125 0.0453125 0.059375
0 0.170312 0.567969 0.05 0.0640625
0 0.19375 0.397656 0.05 0.0609375
0 0.371094 0.416406 0.0515625 0.0671875
0 0.790625 0.21875 0.040625 0.059375
0 0.670313 0.186719 0.046875 0.0640625
0 0.754687 0.190625 0.04375 0.059375
0 0.604688 0.64375 0.040625 0.053125
0 0.716406 0.210938 0.0421875 0.0625
0 0.571094 0.528906 0.0453125 0.0609375
0 0.459375 0.4125 0.05 0.065625
0 0.482031 0.466406 0.0453125 0.0578125
0 0.546094 0.635156 0.0484375 0.0640625
0 0.754687 0.639844 0.040625 0.0484375
0 0.70625 0.35625 0.04375 0.05625
0 0.503906 0.635156 0.0515625 0.0609375
0 0.488281 0.355469 0.0515625 0.0609375
0 0.41875 0.578125 0.040625 0.05625
0 0.607031 0.25 0.0453125 0.0625
0 0.682031 0.575781 0.0421875 0.0546875
0 0.133594 0.336719 0.0515625 0.0671875
0 0.70625 0.483594 0.04375 0.0609375
0 0.857031 0.471875 0.0390625 0.0625
0 0.521094 0.45625 0.0453125 0.0625
0 0.607031 0.571094 0.0515625 0.0609375
0 0.757031 0.38125 0.0421875 0.05625
0 0.630469 0.199219 0.0421875 0.0640625
0 0.232031 0.547656 0.0453125 0.0640625
0 0.432031 0.471094 0.0484375 0.0640625
