0 0.215625 0.724219 0.025 0.0453125
0 0.221875 0.728906 0.025 0.0484375
0 0.428906 0.617188 0.0203125 0.034375
0 0.428125 0.617188 0.034375 0.040625
0 0.275 0.395312 0.03125 0.034375
0 0.399219 0.585938 0.0328125 0.040625
0 0.289844 0.391406 0.0296875 0.0328125
0 0.788281 0.564062 0.0328125 0.046875
0 0.499219 0.335938 0.0296875 0.028125
0 0.661719 0.488281 0.0296875 0.0390625
0 0.461719 0.294531 0.0328125 0.0453125
0 0.75 0.699219 0.034375 0.0421875
0 0.545313 0.697656 0.03125 0.0390625
0 0.632812 0.807813 0.021875 0.04375
0 0.636719 0.714844 0.0296875 0.0453125
0 0.711719 0.525 0.0328125 0.04375
0 0.625781 0.322656 0.0328125 0.0453125
0 0.575 0.514063 0.03125 0.040625
0 0.361719 0.678125 0.0328125 0.04375
0 0.336719 0.478906 0.0296875 0.0421875
0 0.555469 0.483594 0.0296875 0.0359375
0 0.547656 0.585156 0.0296875 0.0484375
0 0.584375 0.471094 0.03125 0.0390625
0 0.461719 0.724219 0.0328125 0.0453125
0 0.422656 0.561719 0.0359375 0.0421875
0 0.39375 0.471094 0.03125 0.0421875
0 0.560938 0.439844 0.034375 0.0453125
0 0.0523437 0.497656 0.0328125 0.0484375
0 0.364062 0.452344 0.03125 0.0390625
0 0.292969 0.516406 0.0296875 0.0328125
0 0.7125 0.801562 0.034375 0.04375
0 0.135156 0.559375 0.0359375 0.04375
0 0.364062 0.764844 0.03125 0.0453125
0 0.682031 0.370313 0.0328125 0.046875
0 0.378125 0.396875 0.028125 0.040625
0 0.194531 0.491406 0.0296875 0.0359375
0 0.235156 0.414844 0.0328125 0.0390625
0 0.170312 0.484375 0.028125 0.0375
0 0.194531 0.808594 0.0265625 0.0484375
0 0.789062 0.797656 0.034375 0.0453125
0 0.414844 0.341406 0.0296875 0.0421875
0 0.303906 0.460156 0.0296875 0.0390625
0 0.2625 0.535156 0.03125 0.0390625
0 0.620313 0.383594 0.03125 0.0359375
0 0.647656 0.395312 0.0328125 0.0375
0 0.226562 0.502344 0.03125 0.0421875
0 0.225 0.633594 0.03125 0.0453125
0 0.446875 0.326562 0.034375 0.0375
0 0.316406 0.482812 0.0296875 0.0375
0 0.502344 0.534375 0.0328125 0.040625
0 0.434375 0.371094 0.034375 0.0421875
0 0.54375 0.296094 0.03125 0.0453125
0 0.353125 0.303125 0.028125 0.040625
0 0.684375 0.824219 0.028125 0.0453125
0 0.498437 0.779688 0.025 0.040625
0 0.816406 0.569531 0.0328125 0.0421875
0 0.699219 0.639844 0.0296875 0.0421875
0 0.727344 0.325 0.0328125 0.04375
0 0.507031 0.636719 0.0328125 0.0390625
0 0.834375 0.64375 0.0375 0.046875
0 0.635156 0.525781 0.0328125 0.0390625
0 0.263281 0.796875 0.0296875 0.04375
0 0.326562 0.61875 0.025 0.040625
0 0.285937 0.664844 0.03125 0.0421875
0 0.608594 0.296875 0.0328125 0.040625
0 0.485156 0.564062 0.0359375 0.04375
0 0.650781 0.601562 0.0296875 0.04375
0 0.23125 0.733594 0.028125 0.0453125
0 0.772656 0.664062 0.0359375 0.040625
0 0.127344 0.721094 0.0296875 0.0484375
0 0.109375 0.534375 0.034375 0.04375
0 0.342969 0.654688 0.0296875 0.040625
0 0.285156 0.825 0.0328125 0.040625
0 0.417188 0.313281 0.028125 0.0390625
0 0.472656 0.385938 0.0328125 0.0375
0 0.364844 0.721875 0.0296875 0.046875
0 0.667188 0.646094 0.03125 0.0359375
0 0.375781 0.280469 0.0296875 0.0421875
0 0.59375 0.371094 0.03125 0.0359375
0 0.151562 0.688281 0.03125 0.0421875
0 0.408594 0.389844 0.0265625 0.0453125
0 0.402344 0.441406 0.0328125 0.0421875
0 0.335156 0.76875 0.0265625 0.04375
0 0.760156 0.625 0.0328125 0.040625
0 0.525 0.459375 0.034375 0.046875
0 0.305469 0.54375 0.0328125 0.04375
0 0.460156 0.534375 0.0328125 0.040625
0 0.702344 0.867188 0.0359375 0.046875
0 0.195312 0.634375 0.03125 0.0375
0 0.484375 0.413281 0.03125 0.0421875
0 0.221094 0.5375 0.0265625 0.040625
0 0.735937 0.655469 0.03125 0.0484375
0 0.354688 0.40625 0.03125 0.0375
0 0.807031 0.466406 0.0296875 0.0421875
0 0.40625 0.283594 0.03125 0.0390625
0 0.429688 0.655469 0.03125 0.0421875
0 0.177344 0.601562 0.0296875 0.04375
0 0.282031 0.35 0.0296875 0.0375
0 0.434375 0.738281 0.03125 0.0484375
0 0.672656 0.428906 0.0296875 0.0390625
0 0.724219 0.553906 0.0296875 0.0421875
0 0.585156 0.420312 0.0328125 0.034375
0 0.151562 0.764063 0.03125 0.04375
0 0.251563 0.828906 0.03125 0.0390625
0 0.441406 0.600781 0.0359375 0.0484375
0 0.609375 0.448438 0.03125 0.040625
0 0.751562 0.736719 0.03125 0.0453125
0 0.782031 0.755469 0.0328125 0.0484375
0 0.303906 0.696094 0.0296875 0.0453125
0 0.142188 0.604688 0.028125 0.046875
0 0.56875 0.383594 0.03125 0.0421875
0 0.389844 0.548437 0.0328125 0.04375
0 0.315625 0.817187 0.034375 0.04375
0 0.715625 0.609375 0.034375 0.040625
0 0.565625 0.332812 0.03125 0.04375
0 0.692187 0.496094 0.03125 0.0421875
0 0.330469 0.446094 0.0296875 0.0421875
0 0.190625 0.771094 0.03125 0.0390625
0 0.74375 0.515625 0.03125 0.04375
0 0.578125 0.292969 0.028125 0.0453125
0 0.534375 0.359375 0.03125 0.04375
0 0.532031 0.666406 0.0390625 0.0453125
0 0.215625 0.596875 0.03125 0.046875
0 0.446875 0.689844 0.03125 0.0421875
0 0.496875 0.699219 0.034375 0.0453125
0 0.333594 0.514063 0.0296875 0.04375
0 0.778906 0.365625 0.0296875 0.046875
0 0.396094 0.671094 0.0328125 0.0390625
0 0.276563 0.708594 0.03125 0.0484375
0 0.371094 0.575781 0.0296875 0.0421875
0 0.434375 0.814062 0.03125 0.04375
0 0.632812 0.480469 0.028125 0.0421875
0 0.478125 0.674219 0.034375 0.0421875
0 0.259375 0.603125 0.03125 0.040625
0 0.278125 0.428125 0.03125 0.040625
0 0.508594 0.374219 0.0328125 0.0390625
0 0.719531 0.482812 0.0328125 0.046875
0 0.334375 0.694531 0.034375 0.0421875
0 0.672656 0.527344 0.0296875 0.0421875
0 0.455469 0.491406 0.0296875 0.0421875
0 0.694531 0.454688 0.0296875 0.040625
0 0.460156 0.642969 0.0328125 0.0453125
0 0.492188 0.742188 0.034375 0.040625
0 0.516406 0.417969 0.0296875 0.0453125
0 0.220313 0.453906 0.028125 0.0421875
0 0.752344 0.820312 0.0328125 0.04375
0 0.803125 0.608594 0.034375 0.0453125
0 0.586719 0.757812 0.0328125 0.04375
0 0.746094 0.363281 0.0296875 0.0421875
0 0.645312 0.357812 0.03125 0.040625
0 0.224219 0.807031 0.0296875 0.0390625
0 0.216406 0.767187 0.0296875 0.040625
0 0.428906 0.449219 0.0328125 0.0484375
0 0.514844 0.597656 0.0328125 0.0453125
0 0.758594 0.780469 0.0328125 0.0453125
0 0.13125 0.661719 0.03125 0.0421875
0 0.697656 0.578906 0.0328125 0.0453125
0 0.347656 0.617188 0.0328125 0.04375
0 0.1875 0.68125 0.028125 0.046875
0 0.802344 0.529688 0.0296875 0.04375
0 0.607031 0.503906 0.0328125 0.0390625
0 0.561719 0.795313 0.0328125 0.04375
0 0.496875 0.830469 0.034375 0.0453125
0 0.715625 0.426562 0.03125 0.04375
0 0.154687 0.514844 0.03125 0.0421875
0 0.717969 0.38125 0.0296875 0.04375
0 0.3875 0.63125 0.034375 0.04375
0 0.342187 0.729688 0.03125 0.040625
0 0.64375 0.442187 0.03125 0.040625
0 0.603125 0.542188 0.03125 0.040625
0 0.639844 0.640625 0.0328125 0.04375
0 0.371875 0.842969 0.03125 0.0421875
0 0.19375 0.450781 0.028125 0.0421875
0 0.234375 0.569531 0.03125 0.0421875
0 0.660156 0.846094 0.0328125 0.0421875
0 0.339063 0.845312 0.03125 0.046875
0 0.683594 0.720312 0.0328125 0.04375
0 0.708594 0.680469 0.0296875 0.0421875
0 0.260156 0.455469 0.0296875 0.0421875
0 0.390625 0.795313 0.034375 0.04375
0 0.25625 0.680469 0.03125 0.0453125
0 0.327344 0.371875 0.0296875 0.04375
0 0.759375 0.54375 0.03125 0.040625
0 0.632031 0.564844 0.0328125 0.0453125
0 0.367969 0.492969 0.0328125 0.0453125
0 0.253125 0.501562 0.03125 0.04375
0 0.528125 0.557813 0.03125 0.04375
0 0.269531 0.635156 0.0296875 0.0390625
0 0.408594 0.50625 0.0296875 0.04375
0 0.616406 0.683594 0.0328125 0.0453125
0 0.191406 0.567969 0.0296875 0.0453125
0 0.728906 0.759375 0.0359375 0.04375
0 0.259375 0.755469 0.03125 0.0484375
0 0.303125 0.629687 0.034375 0.040625
0 0.536719 0.621875 0.0328125 0.040625
0 0.435156 0.855469 0.0328125 0.0390625
0 0.649219 0.679688 0.0328125 0.046875
0 0.657812 0.746094 0.03125 0.0484375
0 0.239844 0.767969 0.0296875 0.0390625
0 0.404687 0.842188 0.03125 0.04375
0 0.78125 0.488281 0.03125 0.0484375
0 0.530469 0.835938 0.0359375 0.04375
0 0.560156 0.642969 0.0328125 0.0421875
0 0.483594 0.50625 0.0328125 0.04375
0 0.598437 0.80625 0.034375 0.05
0 0.521875 0.78125 0.034375 0.046875
0 0.179688 0.73125 0.03125 0.040625
0 0.465625 0.846875 0.03125 0.040625
0 0.353906 0.804688 0.0328125 0.04375
0 0.465625 0.807813 0.03125 0.04375
0 0.717188 0.717969 0.03125 0.0421875
0 0.452344 0.76875 0.0328125 0.046875
0 0.292188 0.782812 0.03125 0.046875
0 0.478906 0.604688 0.0328125 0.040625
0 0.778906 0.446875 0.0328125 0.040625
0 0.39375 0.753125 0.03125 0.04375
0 0.31875 0.41875 0.03125 0.040625
0 0.439063 0.51875 0.03125 0.04375
0 0.80625 0.424219 0.03125 0.0421875
0 0.166406 0.636719 0.0296875 0.0421875
0 0.567969 0.546094 0.0328125 0.0421875
0 0.230469 0.690625 0.0296875 0.04375
0 0.532812 0.721875 0.034375 0.04375
0 0.565625 0.729688 0.034375 0.046875
0 0.621094 0.76875 0.0328125 0.04375
0 0.185156 0.532812 0.0328125 0.040625
0 0.600781 0.646094 0.0328125 0.0453125
0 0.68125 0.680469 0.03125 0.0390625
0 0.597656 0.716406 0.0328125 0.0421875
0 0.578906 0.679688 0.0328125 0.04375
0 0.582812 0.609375 0.03125 0.04375
0 0.29375 0.582812 0.03125 0.05
0 0.779688 0.709375 0.034375 0.046875
0 0.742969 0.591406 0.0328125 0.0453125
0 0.665625 0.792969 0.034375 0.0484375
0 0.766406 0.408594 0.0359375 0.0390625
0 0.417969 0.777344 0.0328125 0.0453125
0 0.692969 0.767187 0.0296875 0.046875
0 0.682031 0.6125 0.0328125 0.04375
0 0.344531 0.575 0.0328125 0.04375
0 0.667188 0.567969 0.03125 0.0421875
0 0.30625 0.735156 0.03125 0.0421875
0 0.742969 0.447656 0.0328125 0.0421875
0 0.528125 0.514063 0.03125 0.04375
0 0.365625 0.535937 0.03125 0.04375
0 0.465625 0.447656 0.03125 0.0421875
0 0.617969 0.596875 0.0296875 0.040625
0 0.590625 0.571094 0.03125 0.0453125
0 0.392188 0.713281 0.034375 0.0453125
0 0.728906 0.847656 0.0328125 0.0484375
