0 0.167969 0.630469 0.0390625 0.0515625
0 0.763281 0.725 0.0359375 0.046875
0 0.824219 0.575781 0.0328125 0.0453125
0 0.686719 0.722656 0.0359375 0.0484375
0 0.189063 0.841406 0.05 0.0640625
0 0.147656 0.750781 0.0390625 0.0515625
0 0.724219 0.5 0.0328125 0.05
0 0.339844 0.311719 0.0421875 0.0546875
0 0.423438 0.504687 0.0375 0.046875
0 0.310156 0.625 0.0390625 0.046875
0 0.323438 0.661719 0.0375 0.0453125
0 0.697656 0.364062 0.0390625 0.05
0 0.874219 0.604688 0.0359375 0.046875
0 0.648438 0.6875 0.040625 0.05625
0 0.15625 0.564062 0.0375 0.046875
0 0.164844 0.402344 0.0390625 0.0484375
0 0.45 0.572656 0.040625 0.0515625
0 0.185156 0.576563 0.0359375 0.05
0 0.735156 0.546875 0.0390625 0.05
0 0.232031 0.841406 0.0390625 0.0515625
0 0.336719 0.384375 0.0421875 0.053125
0 0.561719 0.404687 0.0390625 0.05
0 0.199219 0.621094 0.0359375 0.0546875
0 0.103125 0.521094 0.04375 0.0546875
0 0.183594 0.726562 0.0390625 0.05625
0 0.221875 0.346875 0.040625 0.059375
0 0.410156 0.785937 0.0359375 0.053125
0 0.23125 0.528906 0.040625 0.0578125
0 0.610156 0.742969 0.0296875 0.0515625
0 0.585156 0.246875 0.0390625 0.05
0 0.692187 0.3125 0.040625 0.05625
0 0.263281 0.803906 0.0390625 0.0515625
0 0.496875 0.214062 0.046875 0.059375
0 0.451562 0.750781 0.034375 0.0484375
0 0.614844 0.399219 0.0421875 0.0515625
0 0.528125 0.813281 0.040625 0.0546875
0 0.584375 0.738281 0.0375 0.0546875
0 0.535156 0.242188 0.0390625 0.053125
0 0.682031 0.254687 0.0421875 0.05625
0 0.828125 0.663281 0.0375 0.0484375
0 0.592188 0.542969 0.034375 0.0546875
0 0.0679687 0.447656 0.0453125 0.0578125
0 0.29375 0.367188 0.0375 0.053125
0 0.390625 0.321094 0.046875 0.0546875
0 0.596875 0.355469 0.0375 0.0484375
0 0.184375 0.669531 0.040625 0.0515625
0 0.420312 0.665625 0.0375 0.05625
0 0.384375 0.482031 0.040625 0.0578125
0 0.367188 0.760156 0.0375 0.0453125
0 0.526563 0.665625 0.0375 0.05
0 0.321094 0.785937 0.0390625 0.05
0 0.210156 0.778906 0.0390625 0.0515625
0 0.203906 0.532031 0.0359375 0.0515625
0 0.444531 0.30625 0.0390625 0.05625
0 0.307813 0.446094 0.04375 0.0609375
0 0.314844 0.573438 0.0390625 0.053125
0 0.403125 0.444531 0.0375 0.0484375
0 0.690625 0.582031 0.03125 0.0453125
0 0.599219 0.482812 0.0359375 0.053125
0 0.515625 0.357031 0.040625 0.0515625
0 0.114844 0.571094 0.0390625 0.0515625
0 0.633594 0.336719 0.0359375 0.0546875
0 0.65 0.370313 0.040625 0.05
0 0.251563 0.439063 0.0375 0.053125
0 0.586719 0.678906 0.0390625 0.0484375
0 0.807813 0.466406 0.034375 0.0515625
0 0.369531 0.415625 0.0390625 0.053125
0 0.315625 0.710938 0.0375 0.05
0 0.310937 0.517969 0.040625 0.0609375
0 0.220313 0.732813 0.0375 0.05625
0 0.754687 0.396094 0.040625 0.0546875
0 0.238281 0.642187 0.0421875 0.05
0 0.472656 0.283594 0.0390625 0.0546875
0 0.7875 0.683594 0.034375 0.0515625
0 0.433594 0.366406 0.0359375 0.0484375
0 0.396094 0.269531 0.0421875 0.0609375
0 0.255469 0.492188 0.0390625 0.053125
0 0.45625 0.632031 0.034375 0.0515625
0 0.877344 0.657812 0.0359375 0.05
0 0.534375 0.598437 0.0375 0.053125
0 0.180469 0.434375 0.0390625 0.053125
0 0.792188 0.584375 0.034375 0.05
0 0.514844 0.403906 0.0390625 0.0515625
0 0.219531 0.403906 0.0390625 0.0546875
0 0.496094 0.542188 0.0359375 0.05
0 0.557813 0.291406 0.040625 0.0578125
0 0.336719 0.741406 0.0359375 0.0453125
0 0.594531 0.603906 0.0390625 0.0515625
0 0.255469 0.391406 0.0390625 0.0515625
0 0.803125 0.628125 0.034375 0.04375
0 0.553125 0.471094 0.040625 0.0515625
0 0.696875 0.480469 0.034375 0.0515625
0 0.617969 0.803906 0.0390625 0.0546875
0 0.817969 0.53125 0.0390625 0.053125
0 0.442969 0.432031 0.0390625 0.0578125
0 0.689844 0.646094 0.0328125 0.0484375
0 0.423438 0.546094 0.034375 0.0484375
0 0.219531 0.584375 0.0421875 0.059375
0 0.836719 0.504687 0.0359375 0.05
0 0.132031 0.667969 0.0359375 0.0515625
0 0.78125 0.541406 0.0375 0.0515625
0 0.478125 0.329688 0.0375 0.05
0 0.570312 0.782812 0.034375 0.053125
0 0.767969 0.628906 0.0359375 0.0453125
0 0.154687 0.453125 0.040625 0.05
0 0.342187 0.553125 0.0375 0.05625
0 0.728906 0.455469 0.0328125 0.0484375
0 0.290625 0.744531 0.040625 0.0484375
0 0.21875 0.68125 0.034375 0.05
0 0.835938 0.621094 0.034375 0.0484375
0 0.39375 0.692187 0.034375 0.05
0 0.120312 0.704687 0.0375 0.053125
0 0.715625 0.671094 0.034375 0.0515625
0 0.630469 0.496094 0.0359375 0.0484375
0 0.395312 0.632031 0.0375 0.0515625
0 0.780469 0.441406 0.0390625 0.0515625
0 0.365625 0.584375 0.0375 0.05
0 0.723437 0.59375 0.0375 0.046875
0 0.660156 0.628906 0.0359375 0.0453125
0 0.265625 0.592188 0.0375 0.053125
0 0.563281 0.354688 0.0390625 0.05
0 0.505469 0.75625 0.0390625 0.053125
0 0.154687 0.805469 0.0375 0.0515625
0 0.26875 0.703125 0.0375 0.05
0 0.580469 0.44375 0.0390625 0.053125
0 0.729688 0.710938 0.034375 0.046875
0 0.692969 0.524219 0.0328125 0.0484375
0 0.553906 0.700781 0.0359375 0.0515625
0 0.608594 0.296094 0.0390625 0.0546875
0 0.492188 0.495313 0.034375 0.046875
0 0.560938 0.51875 0.0375 0.046875
0 0.703906 0.429688 0.0359375 0.05
0 0.09375 0.6375 0.0375 0.05625
0 0.338281 0.479688 0.0359375 0.05
0 0.492188 0.65625 0.0375 0.053125
0 0.40625 0.741406 0.0375 0.0484375
0 0.348437 0.695312 0.040625 0.053125
0 0.866406 0.553125 0.0359375 0.05
0 0.666406 0.432031 0.0390625 0.0546875
0 0.282813 0.561719 0.04375 0.0578125
0 0.517187 0.70625 0.040625 0.046875
0 0.628906 0.444531 0.0390625 0.0546875
0 0.439844 0.707031 0.0359375 0.0421875
0 0.442187 0.798437 0.034375 0.04375
0 0.49375 0.591406 0.0375 0.0484375
0 0.757812 0.586719 0.034375 0.0515625
0 0.402344 0.582031 0.0390625 0.0484375
0 0.382031 0.542188 0.0390625 0.05
0 0.479688 0.792969 0.0375 0.0484375
0 0.516406 0.305469 0.0359375 0.0515625
0 0.617188 0.642969 0.040625 0.0515625
0 0.404687 0.396875 0.04375 0.0625
0 0.630469 0.557031 0.0421875 0.0546875
0 0.36875 0.357812 0.040625 0.059375
0 0.76875 0.492969 0.040625 0.0515625
0 0.455469 0.471094 0.0390625 0.0515625
0 0.565625 0.632031 0.0375 0.0515625
0 0.469531 0.689062 0.0359375 0.05
0 0.542188 0.745313 0.040625 0.053125
0 0.21875 0.475781 0.040625 0.0578125
0 0.757812 0.671875 0.040625 0.05
0 0.666406 0.480469 0.0359375 0.0484375
0 0.271875 0.322656 0.040625 0.0609375
0 0.483594 0.43125 0.0390625 0.05
0 0.527344 0.505469 0.0359375 0.0515625
0 0.35625 0.642187 0.040625 0.05
0 0.663281 0.530469 0.0390625 0.0515625
0 0.465625 0.53125 0.034375 0.05
0 0.63125 0.260156 0.040625 0.0609375
0 0.569531 0.56875 0.0421875 0.053125
0 0.429688 0.614062 0.0375 0.05
0 0.529688 0.548437 0.034375 0.05
0 0.278125 0.65 0.0375 0.05
0 0.43125 0.250781 0.0375 0.0515625
0 0.467969 0.384375 0.0359375 0.053125
0 0.654688 0.584375 0.0375 0.053125
0 0.16875 0.521094 0.0375 0.0578125
0 0.517187 0.448438 0.040625 0.05
