0 0.667188 0.765625 0.04375 0.059375
0 0.442187 0.83125 0.0375 0.040625
0 0.869531 0.604688 0.0328125 0.034375
0 0.425 0.55 0.04375 0.059375
0 0.834375 0.689844 0.04375 0.0484375
0 0.820312 0.639063 0.05 0.05625
0 0.870313 0.236719 0.046875 0.0609375
0 0.636719 0.55625 0.0484375 0.053125
0 0.35 0.860156 0.046875 0.0578125
0 0.239844 0.935156 0.0515625 0.0609375
0 0.346875 0.746094 0.046875 0.0578125
0 0.575781 0.652344 0.0484375 0.0609375
0 0.278125 0.29375 0.05 0.071875
0 0.339063 0.690625 0.05 0.0625
0 0.303125 0.496875 0.05 0.0625
0 0.2875 0.708594 0.053125 0.0671875
0 0.623438 0.725781 0.040625 0.0578125
0 0.189063 0.575781 0.05 0.0609375
0 0.236719 0.663281 0.0421875 0.0484375
0 0.795313 0.420312 0.05 0.06875
0 0.671875 0.792969 0.04375 0.0546875
0 0.392969 0.824219 0.0453125 0.0671875
0 0.159375 0.303125 0.05 0.071875
0 0.128125 0.486719 0.053125 0.0734375
0 0.917969 0.433594 0.0421875 0.0640625
0 0.603125 0.691406 0.04375 0.0515625
0 0.428125 0.903906 0.04375 0.0546875
0 0.735937 0.3375 0.046875 0.059375
0 0.85 0.422656 0.053125 0.0640625
0 0.451562 0.371094 0.053125 0.0640625
0 0.275781 0.227344 0.0484375 0.0734375
0 0.65 0.327344 0.05 0.0765625
0 0.102344 0.355469 0.0515625 0.0765625
0 0.470313 0.313281 0.05625 0.0671875
0 0.43125 0.165625 0.046875 0.071875
0 0.315625 0.190625 0.05 0.075
0 0.367969 0.603906 0.0484375 0.0640625
0 0.117969 0.421094 0.0546875 0.0640625
0 0.325781 0.892187 0.0359375 0.0375
0 0.384375 0.171875 0.05 0.075
0 0.274219 0.645312 0.0484375 0.065625
0 0.222656 0.616406 0.0515625 0.0609375
0 0.522656 0.334375 0.0484375 0.0625
0 0.4 0.653125 0.046875 0.05625
0 0.164062 0.75 0.05 0.065625
0 0.260156 0.521094 0.0484375 0.0640625
0 0.380469 0.524219 0.0515625 0.0671875
0 0.233594 0.848437 0.0453125 0.046875
0 0.325781 0.332031 0.0578125 0.0546875
0 0.192188 0.497656 0.05 0.0671875
0 0.222656 0.254687 0.0484375 0.075
0 0.502344 0.394531 0.0484375 0.0640625
0 0.792188 0.521875 0.05 0.05625
0 0.695312 0.296094 0.046875 0.0609375
0 0.858594 0.577344 0.0484375 0.0640625
0 0.559375 0.889063 0.04375 0.053125
0 0.214062 0.328906 0.05 0.0734375
0 0.645312 0.183594 0.046875 0.0671875
0 0.0914062 0.664062 0.0546875 0.06875
0 0.48125 0.634375 0.053125 0.065625
0 0.407031 0.300781 0.0421875 0.0609375
0 0.933594 0.485156 0.0484375 0.0640625
0 0.160938 0.375781 0.053125 0.0640625
0 0.946094 0.332812 0.0421875 0.065625
0 0.720312 0.694531 0.04375 0.0453125
0 0.497656 0.128125 0.0484375 0.075
0 0.355469 0.801562 0.0484375 0.059375
0 0.480469 0.501562 0.0484375 0.0625
0 0.480469 0.20625 0.0546875 0.075
0 0.597656 0.239063 0.0453125 0.06875
0 0.827344 0.21875 0.0484375 0.065625
0 0.569531 0.741406 0.0484375 0.0609375
0 0.810156 0.576563 0.0421875 0.059375
0 0.523438 0.657031 0.046875 0.0640625
0 0.592969 0.169531 0.0484375 0.0703125
0 0.517969 0.592188 0.0484375 0.065625
0 0.875 0.509375 0.05 0.065625
0 0.141406 0.679688 0.0515625 0.065625
0 0.441406 0.254687 0.0484375 0.06875
0 0.346094 0.454688 0.0453125 0.065625
0 0.610937 0.4375 0.053125 0.06875
0 0.64375 0.474219 0.046875 0.0609375
0 0.192188 0.428906 0.05 0.0609375
0 0.0828125 0.517969 0.04375 0.0640625
0 0.640625 0.39375 0.05 0.065625
0 0.982031 0.441406 0.0359375 0.0609375
0 0.901563 0.392969 0.046875 0.0578125
0 0.464844 0.742188 0.0484375 0.05625
0 0.309375 0.825 0.05 0.059375
0 0.442187 0.79375 0.046875 0.05625
0 0.623438 0.641406 0.05 0.0671875
0 0.157813 0.617969 0.053125 0.0671875
0 0.732813 0.745313 0.046875 0.053125
0 0.517187 0.25 0.053125 0.065625
0 0.245312 0.403906 0.05 0.0671875
0 0.90625 0.563281 0.053125 0.0640625
0 0.598437 0.315625 0.04375 0.065625
0 0.102344 0.592969 0.0421875 0.0640625
0 0.848437 0.29375 0.05 0.065625
0 0.103906 0.709375 0.0484375 0.059375
0 0.314844 0.611719 0.0515625 0.0640625
0 0.374219 0.928906 0.0484375 0.0546875
0 0.36875 0.242188 0.05625 0.071875
0 0.345313 0.394531 0.053125 0.0609375
0 0.6625 0.25625 0.05625 0.065625
0 0.239844 0.457812 0.0421875 0.059375
0 0.551562 0.203125 0.046875 0.06875
0 0.421875 0.611719 0.053125 0.0703125
0 0.791406 0.307813 0.0484375 0.059375
0 0.690625 0.360156 0.053125 0.0640625
0 0.596875 0.772656 0.05 0.0609375
0 0.417969 0.763281 0.0515625 0.0609375
0 0.430469 0.495313 0.0515625 0.0625
0 0.524219 0.520312 0.0515625 0.065625
0 0.673437 0.640625 0.04375 0.053125
0 0.667188 0.716406 0.046875 0.0578125
0 0.591406 0.820312 0.0453125 0.053125
0 0.750781 0.267969 0.0515625 0.0671875
0 0.391406 0.357031 0.0546875 0.0609375
0 0.392969 0.449219 0.0484375 0.0703125
0 0.769531 0.383594 0.0484375 0.0640625
0 0.760938 0.483594 0.053125 0.0640625
0 0.521875 0.821875 0.0375 0.05625
0 0.314844 0.555469 0.0515625 0.0640625
0 0.83125 0.50625 0.04375 0.05625
0 0.559375 0.475781 0.046875 0.0640625
0 0.685156 0.520312 0.0484375 0.065625
0 0.133594 0.55 0.0484375 0.065625
0 0.764844 0.573438 0.0484375 0.0625
0 0.683594 0.1625 0.0515625 0.06875
0 0.446875 0.439063 0.053125 0.06875
0 0.264062 0.585156 0.053125 0.0609375
0 0.554688 0.398438 0.05 0.06875
0 0.517969 0.726562 0.0453125 0.05625
0 0.484375 0.88125 0.04375 0.059375
0 0.541406 0.778125 0.0421875 0.05625
0 0.720312 0.596875 0.05 0.059375
0 0.719531 0.655469 0.0484375 0.0640625
0 0.596094 0.497656 0.0515625 0.0640625
0 0.279687 0.776563 0.046875 0.059375
0 0.496875 0.769531 0.046875 0.0546875
0 0.602344 0.59375 0.0484375 0.0625
0 0.878125 0.45625 0.05 0.059375
0 0.724219 0.805469 0.0484375 0.0609375
0 0.559375 0.55 0.046875 0.065625
0 0.291406 0.430469 0.0515625 0.0671875
0 0.832812 0.360156 0.053125 0.0640625
0 0.814844 0.467187 0.0484375 0.0625
0 0.442969 0.703125 0.0515625 0.0625
0 0.31875 0.264062 0.046875 0.0625
0 0.385156 0.728906 0.0484375 0.0640625
0 0.280469 0.875 0.0484375 0.0625
0 0.708594 0.472656 0.0484375 0.0640625
0 0.483594 0.819531 0.0421875 0.0546875
0 0.705469 0.224219 0.0515625 0.0703125
0 0.769531 0.694531 0.0484375 0.0640625
0 0.753906 0.199219 0.0546875 0.0703125
0 0.150781 0.797656 0.0546875 0.0640625
0 0.28125 0.354688 0.04375 0.059375
0 0.475781 0.567969 0.0515625 0.0640625
0 0.68125 0.580469 0.046875 0.0578125
0 0.683594 0.43125 0.0515625 0.065625
0 0.21875 0.742188 0.053125 0.06875
0 0.892187 0.325781 0.053125 0.0640625
0 0.507812 0.461719 0.053125 0.0703125
0 0.194531 0.822656 0.0453125 0.0578125
0 0.555469 0.702344 0.0484375 0.0578125
0 0.490625 0.696875 0.05 0.0625
0 0.557031 0.285156 0.0515625 0.0671875
0 0.733594 0.410156 0.0484375 0.0640625
0 0.75625 0.634375 0.04375 0.0625
0 0.64375 0.855469 0.04375 0.0578125
0 0.732031 0.53125 0.0515625 0.0625
0 0.39375 0.879687 0.04375 0.05625
0 0.605469 0.883594 0.0484375 0.0546875
0 0.24375 0.810156 0.053125 0.0578125
