0 0.625781 0.700781 0.0390625 0.0453125
0 0.298438 0.6875 0.0375 0.04375
0 0.500781 0.352344 0.0390625 0.0484375
0 0.2125 0.526563 0.040625 0.05
0 0.397656 0.774219 0.0296875 0.0390625
0 0.285156 0.476562 0.0421875 0.059375
0 0.635156 0.364062 0.0421875 0.059375
0 0.738281 0.603125 0.0390625 0.05
0 0.160938 0.427344 0.034375 0.0484375
0 0.314063 0.578125 0.034375 0.053125
0 0.451562 0.2875 0.040625 0.053125
0 0.296094 0.750781 0.0265625 0.0421875
0 0.5375 0.336719 0.040625 0.0515625
0 0.464063 0.611719 0.0375 0.0484375
0 0.201562 0.423438 0.04375 0.053125
0 0.425781 0.160938 0.0359375 0.053125
0 0.785937 0.336719 0.040625 0.0515625
0 0.739844 0.536719 0.0421875 0.0484375
0 0.171875 0.5375 0.040625 0.04375
0 0.205469 0.591406 0.0421875 0.0484375
0 0.590625 0.2875 0.04375 0.059375
0 0.589063 0.171094 0.04375 0.0609375
0 0.472656 0.225 0.0421875 0.059375
0 0.497656 0.465625 0.0390625 0.05625
0 0.673437 0.186719 0.04375 0.0609375
0 0.311719 0.508594 0.0390625 0.0484375
0 0.607813 0.328125 0.040625 0.05625
0 0.58125 0.70625 0.0375 0.05
0 0.692969 0.452344 0.0390625 0.0453125
0 0.650781 0.471094 0.0421875 0.0546875
0 0.247656 0.617188 0.0359375 0.05
0 0.509375 0.185156 0.0375 0.0609375
0 0.359375 0.376563 0.040625 0.059375
0 0.259375 0.71875 0.040625 0.05625
0 0.175781 0.308594 0.0453125 0.0578125
0 0.203125 0.635156 0.040625 0.0515625
0 0.395312 0.578906 0.0375 0.0484375
0 0.35 0.577344 0.040625 0.0453125
0 0.490625 0.650781 0.040625 0.0515625
0 0.352344 0.427344 0.0421875 0.0546875
0 0.463281 0.370313 0.0421875 0.05625
0 0.820312 0.475781 0.04375 0.0546875
0 0.275 0.290625 0.04375 0.059375
0 0.315625 0.732813 0.0375 0.053125
0 0.179688 0.373437 0.046875 0.059375
0 0.78125 0.392188 0.040625 0.05625
0 0.846094 0.421094 0.0421875 0.0546875
0 0.397656 0.357031 0.0390625 0.0578125
0 0.517187 0.678125 0.0375 0.05
0 0.685938 0.353906 0.0375 0.0515625
0 0.478125 0.767187 0.040625 0.053125
0 0.420312 0.689844 0.0375 0.0515625
0 0.778906 0.510156 0.0453125 0.0515625
0 0.809375 0.428125 0.040625 0.05625
0 0.385156 0.623438 0.0390625 0.053125
0 0.432813 0.226562 0.040625 0.059375
0 0.333594 0.265625 0.0421875 0.059375
0 0.335156 0.840625 0.0328125 0.04375
0 0.561719 0.619531 0.0390625 0.0515625
0 0.866406 0.478906 0.0453125 0.0546875
0 0.457031 0.707812 0.0359375 0.05
0 0.803125 0.545313 0.04375 0.053125
0 0.549219 0.157031 0.0484375 0.0640625
0 0.314844 0.647656 0.0390625 0.0484375
0 0.600781 0.669531 0.0390625 0.0484375
0 0.621875 0.41875 0.040625 0.059375
0 0.351562 0.669531 0.040625 0.0484375
0 0.425781 0.622656 0.0390625 0.0484375
0 0.489844 0.521875 0.0421875 0.053125
0 0.290625 0.184375 0.04375 0.05625
0 0.523438 0.629687 0.0375 0.046875
0 0.221094 0.335938 0.0421875 0.05625
0 0.627344 0.259375 0.0421875 0.05625
0 0.630469 0.190625 0.0453125 0.059375
0 0.657031 0.666406 0.0390625 0.0484375
0 0.770312 0.583594 0.04375 0.0546875
0 0.546094 0.479688 0.0390625 0.05
0 0.471094 0.157031 0.0453125 0.0640625
0 0.234375 0.677344 0.034375 0.0484375
0 0.391406 0.667969 0.0359375 0.0515625
0 0.560156 0.669531 0.0390625 0.0515625
0 0.433594 0.523438 0.0453125 0.05
0 0.669531 0.254687 0.0421875 0.059375
0 0.479688 0.817187 0.0375 0.05
0 0.684375 0.630469 0.0375 0.0546875
0 0.544531 0.280469 0.0421875 0.0609375
0 0.53125 0.441406 0.0375 0.0546875
0 0.167187 0.570312 0.0375 0.05
0 0.409375 0.469531 0.0375 0.0546875
0 0.342187 0.769531 0.0375 0.0546875
0 0.729688 0.482031 0.040625 0.0515625
0 0.246875 0.553125 0.0375 0.05
0 0.842969 0.521094 0.0453125 0.0578125
0 0.696875 0.511719 0.034375 0.0546875
0 0.577344 0.515625 0.0421875 0.053125
0 0.764063 0.458594 0.04375 0.0546875
0 0.20625 0.228125 0.04375 0.059375
0 0.440625 0.759375 0.0375 0.053125
0 0.511719 0.780469 0.0359375 0.0484375
0 0.554688 0.221094 0.04375 0.0609375
0 0.405469 0.269531 0.0421875 0.0578125
0 0.56875 0.439844 0.0375 0.0546875
0 0.60625 0.619531 0.04375 0.0546875
0 0.369531 0.482031 0.0421875 0.0578125
0 0.146094 0.483594 0.0390625 0.0578125
0 0.396094 0.422656 0.0359375 0.0546875
0 0.411719 0.730469 0.0390625 0.0515625
0 0.664844 0.40625 0.0453125 0.05625
0 0.740625 0.421094 0.040625 0.0546875
0 0.382812 0.179688 0.040625 0.059375
0 0.705469 0.407813 0.0421875 0.05625
0 0.320312 0.317969 0.04375 0.0609375
0 0.442187 0.807031 0.0375 0.0484375
0 0.342187 0.717188 0.0375 0.046875
0 0.252344 0.245312 0.0421875 0.05625
0 0.620313 0.516406 0.040625 0.0515625
0 0.190625 0.470313 0.040625 0.053125
0 0.240625 0.3875 0.046875 0.05625
0 0.319531 0.796875 0.0390625 0.05625
0 0.364844 0.303906 0.0453125 0.0609375
0 0.742969 0.292969 0.0421875 0.0546875
0 0.657812 0.315625 0.04375 0.059375
0 0.705469 0.566406 0.0390625 0.0546875
0 0.230469 0.470313 0.0390625 0.053125
0 0.433594 0.339063 0.0453125 0.059375
0 0.554688 0.740625 0.040625 0.053125
0 0.594531 0.23125 0.0453125 0.05625
0 0.472656 0.430469 0.0390625 0.0578125
0 0.328906 0.204688 0.0453125 0.059375
0 0.377344 0.707812 0.0390625 0.05
0 0.819531 0.378906 0.0421875 0.0546875
0 0.505469 0.403906 0.0390625 0.0546875
0 0.216406 0.288281 0.0453125 0.0546875
0 0.271875 0.669531 0.0375 0.0515625
0 0.516406 0.249219 0.0453125 0.0609375
0 0.592969 0.560156 0.0421875 0.0515625
0 0.279687 0.357031 0.040625 0.0546875
0 0.282813 0.554688 0.034375 0.05
0 0.304688 0.2375 0.040625 0.05625
0 0.580469 0.382031 0.0421875 0.0578125
0 0.542188 0.391406 0.040625 0.0546875
0 0.526563 0.530469 0.040625 0.0515625
0 0.261719 0.503906 0.0390625 0.0484375
0 0.439844 0.445312 0.0421875 0.053125
0 0.554688 0.567187 0.040625 0.053125
0 0.253906 0.191406 0.0421875 0.0546875
0 0.33125 0.477344 0.040625 0.0546875
0 0.669531 0.592969 0.0390625 0.0515625
0 0.40625 0.817187 0.0375 0.05
0 0.467187 0.56875 0.0375 0.05
0 0.45625 0.482031 0.04375 0.0546875
0 0.504687 0.735156 0.040625 0.0515625
0 0.604688 0.469531 0.040625 0.0546875
0 0.392188 0.533594 0.04375 0.0578125
0 0.36875 0.230469 0.04375 0.0578125
0 0.732031 0.364062 0.0421875 0.059375
0 0.25625 0.441406 0.040625 0.0515625
0 0.341406 0.628906 0.0390625 0.0515625
0 0.50625 0.592969 0.040625 0.0515625
0 0.484375 0.692969 0.0375 0.0453125
0 0.64375 0.625 0.040625 0.05625
0 0.430469 0.399219 0.0421875 0.0515625
0 0.345313 0.525 0.040625 0.05
0 0.655469 0.529688 0.0390625 0.05
0 0.367969 0.803125 0.0390625 0.05
0 0.36875 0.753906 0.0375 0.0484375
0 0.43125 0.577344 0.0375 0.0484375
0 0.453125 0.655469 0.034375 0.0515625
0 0.319531 0.382031 0.0453125 0.0578125
0 0.292188 0.603906 0.0375 0.0484375
0 0.494531 0.296094 0.0421875 0.0578125
0 0.63125 0.567187 0.040625 0.05
0 0.703906 0.299219 0.0421875 0.0578125
0 0.705469 0.235938 0.0421875 0.059375
