0 0.602344 0.349219 0.0578125 0.104687
0 0.761719 0.65 0.0421875 0.071875
0 0.798437 0.528906 0.0375 0.0796875
0 0.596875 0.7125 0.046875 0.078125
0 0.621875 0.796875 0.046875 0.071875
0 0.767969 0.509375 0.0453125 0.065625
0 0.719531 0.765625 0.0421875 0.059375
0 0.721875 0.346875 0.04375 0.06875
0 0.680469 0.4 0.0453125 0.075
0 0.478906 0.514063 0.0578125 0.0875
0 0.760156 0.574219 0.0421875 0.0609375
0 0.534375 0.500781 0.053125 0.0765625
0 0.673437 0.784375 0.04375 0.0625
0 0.710156 0.5 0.0453125 0.075
0 0.567969 0.647656 0.0484375 0.0734375
0 0.551562 0.29375 0.059375 0.0875
0 0.6 0.257812 0.05625 0.0875
0 0.149219 0.703906 0.0703125 0.0921875
0 0.446094 0.785937 0.0640625 0.09375
0 0.7625 0.444531 0.04375 0.0640625
0 0.671094 0.478125 0.0515625 0.0875
0 0.499219 0.434375 0.0609375 0.08125
0 0.317187 0.726562 0.065625 0.084375
0 0.663281 0.326562 0.0421875 0.071875
0 0.540625 0.707031 0.05625 0.0828125
0 0.703125 0.703906 0.04375 0.0734375
0 0.703906 0.577344 0.0484375 0.0703125
0 0.626562 0.651563 0.053125 0.084375
0 0.375 0.700781 0.059375 0.0953125
0 0.565625 0.434375 0.053125 0.075
0 0.515625 0.790625 0.059375 0.08125
0 0.639844 0.402344 0.0515625 0.0703125
0 0.645312 0.730469 0.053125 0.0734375
0 0.521094 0.360938 0.0546875 0.0875
0 0.566406 0.779688 0.0546875 0.06875
0 0.748438 0.71875 0.046875 0.065625
0 0.363281 0.446875 0.0703125 0.090625
0 0.414062 0.495313 0.0625 0.084375
0 0.369531 0.796094 0.0609375 0.0953125
0 0.553125 0.19375 0.0625 0.078125
0 0.247656 0.738281 0.0796875 0.0890625
0 0.460938 0.327344 0.065625 0.0984375
0 0.519531 0.626562 0.0546875 0.078125
0 0.657812 0.542969 0.053125 0.0703125
0 0.603906 0.579687 0.0515625 0.084375
0 0.290625 0.488281 0.06875 0.0890625
0 0.310937 0.625 0.06875 0.103125
0 0.389062 0.342969 0.06875 0.0859375
0 0.474219 0.725 0.0609375 0.084375
0 0.239063 0.640625 0.071875 0.096875
0 0.414062 0.250781 0.06875 0.0890625
0 0.554688 0.576563 0.053125 0.071875
0 0.615625 0.498437 0.05 0.0875
0 0.228125 0.530469 0.084375 0.101562
0 0.416406 0.592969 0.0703125 0.0953125
0 0.445312 0.667969 0.06875 0.0890625
0 0.482031 0.59375 0.0609375 0.078125
0 0.496875 0.249219 0.065625 0.0890625
0 0.682031 0.634375 0.0515625 0.065625
0 0.342969 0.270312 0.0765625 0.1
0 0.44375 0.16875 0.06875 0.103125
0 0.24375 0.44375 0.08125 0.103125
0 0.358594 0.545313 0.0765625 0.09375
0 0.43125 0.403906 0.071875 0.0890625
0 0.296094 0.384375 0.0828125 0.10625
