0 0.739844 0.277344 0.0328125 0.0484375
0 0.569531 0.570312 0.0328125 0.046875
0 0.660156 0.619531 0.0328125 0.0453125
0 0.604688 0.7875 0.034375 0.040625
0 0.760938 0.273438 0.028125 0.034375
0 0.698438 0.225781 0.034375 0.0546875
0 0.664062 0.267969 0.025 0.0515625
0 0.567187 0.228125 0.04375 0.053125
0 0.684375 0.684375 0.040625 0.053125
0 0.625781 0.738281 0.0234375 0.0484375
0 0.642187 0.680469 0.03125 0.0484375
0 0.728906 0.325 0.0390625 0.05
0 0.742969 0.465625 0.0328125 0.05
0 0.500781 0.138281 0.0453125 0.0578125
0 0.710156 0.714063 0.0453125 0.05625
0 0.455469 0.914844 0.0421875 0.0421875
0 0.510156 0.613281 0.0359375 0.0453125
0 0.573438 0.726562 0.0375 0.046875
0 0.689062 0.288281 0.03125 0.0484375
0 0.566406 0.828906 0.0390625 0.0453125
0 0.592969 0.53125 0.0390625 0.053125
0 0.724219 0.599219 0.0359375 0.0453125
0 0.66875 0.728125 0.0375 0.04375
0 0.471094 0.63125 0.0390625 0.05
0 0.528906 0.707031 0.0453125 0.0578125
0 0.647656 0.326562 0.0390625 0.059375
0 0.654688 0.703906 0.0375 0.0453125
0 0.784375 0.369531 0.034375 0.0484375
0 0.629687 0.584375 0.0375 0.046875
0 0.540625 0.141406 0.040625 0.0609375
0 0.475 0.714844 0.04375 0.0578125
0 0.509375 0.452344 0.046875 0.0578125
0 0.389062 0.725781 0.05 0.0609375
0 0.770312 0.510156 0.028125 0.0515625
0 0.258594 0.823438 0.0546875 0.06875
0 0.388281 0.4875 0.0484375 0.059375
0 0.139844 0.609375 0.0484375 0.065625
0 0.56875 0.345313 0.046875 0.059375
0 0.757812 0.321875 0.028125 0.053125
0 0.489062 0.3375 0.046875 0.065625
0 0.128906 0.426562 0.0484375 0.071875
0 0.392969 0.395312 0.0484375 0.0625
0 0.363281 0.54375 0.0515625 0.065625
0 0.804688 0.441406 0.034375 0.0515625
0 0.451562 0.144531 0.04375 0.0640625
0 0.682031 0.424219 0.0390625 0.0578125
0 0.522656 0.500781 0.0421875 0.0578125
0 0.679688 0.65625 0.040625 0.05
0 0.599219 0.383594 0.0453125 0.0578125
0 0.372656 0.7875 0.0390625 0.059375
0 0.238281 0.482812 0.0546875 0.065625
0 0.752344 0.369531 0.0390625 0.0484375
0 0.1375 0.51875 0.05625 0.065625
0 0.128906 0.363281 0.0546875 0.0859375
0 0.589063 0.676562 0.034375 0.04375
0 0.189844 0.44375 0.0546875 0.065625
0 0.417188 0.439063 0.04375 0.0625
0 0.664062 0.2125 0.046875 0.059375
0 0.7875 0.46875 0.034375 0.05
0 0.542188 0.617188 0.0375 0.053125
0 0.758594 0.414062 0.0359375 0.053125
0 0.454688 0.257812 0.05 0.065625
0 0.346094 0.205469 0.0515625 0.0609375
0 0.782031 0.540625 0.0359375 0.053125
0 0.63125 0.428125 0.0375 0.05625
0 0.701563 0.525781 0.0375 0.0546875
0 0.399219 0.15625 0.0453125 0.071875
0 0.302344 0.807813 0.0390625 0.04375
0 0.636719 0.271094 0.0453125 0.0578125
0 0.307031 0.403125 0.0546875 0.065625
0 0.66875 0.553906 0.0375 0.0546875
0 0.310156 0.320312 0.0515625 0.071875
0 0.35625 0.272656 0.053125 0.0609375
0 0.20625 0.377344 0.05625 0.0796875
0 0.570312 0.653125 0.04375 0.05625
0 0.392969 0.826563 0.0421875 0.053125
0 0.490625 0.4 0.05 0.065625
0 0.472656 0.53125 0.0421875 0.065625
0 0.434375 0.678125 0.046875 0.059375
0 0.26875 0.26875 0.05625 0.075
0 0.292188 0.689844 0.05 0.0609375
0 0.658594 0.132812 0.0421875 0.0625
0 0.544531 0.560156 0.0421875 0.0609375
0 0.589844 0.436719 0.0421875 0.0578125
0 0.497656 0.663281 0.0390625 0.0546875
0 0.477344 0.867969 0.0421875 0.0546875
0 0.339063 0.641406 0.04375 0.0546875
0 0.496094 0.26875 0.0421875 0.059375
0 0.45625 0.442187 0.04375 0.059375
0 0.346094 0.447656 0.0515625 0.0671875
0 0.604688 0.842188 0.04375 0.05625
0 0.717188 0.564844 0.040625 0.0515625
0 0.496875 0.803125 0.040625 0.053125
0 0.634375 0.808594 0.0375 0.0515625
0 0.377344 0.673437 0.0515625 0.059375
0 0.530469 0.195312 0.0484375 0.0625
0 0.692187 0.605469 0.0375 0.0484375
0 0.467187 0.591406 0.040625 0.0546875
0 0.429688 0.735156 0.05 0.0609375
0 0.545313 0.860156 0.0375 0.0515625
0 0.73125 0.235156 0.04375 0.0578125
0 0.302344 0.871094 0.0484375 0.0578125
0 0.695312 0.141406 0.04375 0.0640625
0 0.435156 0.501562 0.0453125 0.065625
0 0.602344 0.624219 0.0390625 0.0546875
0 0.259375 0.353906 0.053125 0.0734375
0 0.609375 0.319531 0.04375 0.0609375
0 0.267188 0.192969 0.053125 0.0734375
0 0.752344 0.632031 0.0359375 0.0515625
0 0.63125 0.510156 0.040625 0.0515625
0 0.169531 0.655469 0.0515625 0.0671875
0 0.564062 0.767969 0.0375 0.0484375
0 0.627344 0.182812 0.0421875 0.05625
0 0.75 0.557813 0.0375 0.05
0 0.21875 0.69375 0.04375 0.05625
0 0.208594 0.277344 0.0578125 0.0734375
0 0.254687 0.667969 0.053125 0.0703125
0 0.328125 0.585156 0.05 0.0609375
0 0.728125 0.433594 0.0375 0.0484375
0 0.265625 0.434375 0.046875 0.059375
0 0.703906 0.636719 0.0359375 0.0515625
0 0.405469 0.255469 0.0515625 0.0671875
0 0.716406 0.36875 0.0359375 0.05625
0 0.238281 0.571094 0.0515625 0.0578125
0 0.357031 0.344531 0.0515625 0.0703125
0 0.677344 0.503125 0.0390625 0.053125
0 0.344531 0.139844 0.0484375 0.0671875
0 0.459375 0.757812 0.040625 0.05625
0 0.653906 0.467187 0.0421875 0.053125
0 0.215625 0.63125 0.05625 0.05625
0 0.607813 0.228906 0.04375 0.0546875
0 0.602344 0.757812 0.0390625 0.05
0 0.719531 0.664844 0.0390625 0.0484375
0 0.682813 0.35625 0.040625 0.059375
0 0.657031 0.774219 0.0359375 0.0515625
0 0.617188 0.482031 0.040625 0.0546875
0 0.391406 0.0851562 0.0515625 0.0640625
0 0.544531 0.43125 0.0421875 0.059375
0 0.563281 0.480469 0.0484375 0.0578125
0 0.282813 0.551562 0.05 0.06875
0 0.507031 0.753906 0.0421875 0.0546875
0 0.414062 0.644531 0.046875 0.0640625
0 0.253125 0.735156 0.053125 0.0578125
0 0.472656 0.209375 0.0515625 0.0625
0 0.296875 0.635938 0.053125 0.065625
0 0.646875 0.379687 0.046875 0.059375
0 0.717969 0.480469 0.0390625 0.0546875
0 0.407813 0.8875 0.046875 0.059375
0 0.29375 0.763281 0.05 0.0578125
0 0.346094 0.832031 0.0484375 0.0578125
0 0.445312 0.817969 0.046875 0.0546875
0 0.610937 0.70625 0.0375 0.053125
0 0.407813 0.327344 0.053125 0.0671875
0 0.607031 0.55625 0.0421875 0.053125
0 0.554688 0.805469 0.0375 0.0484375
0 0.628906 0.642969 0.0359375 0.0515625
0 0.766406 0.583594 0.0328125 0.0484375
0 0.419531 0.783594 0.0453125 0.0578125
0 0.317969 0.514063 0.0484375 0.065625
0 0.442969 0.386719 0.0515625 0.0703125
0 0.346094 0.719531 0.0484375 0.0546875
0 0.382031 0.610937 0.0515625 0.065625
0 0.507031 0.560156 0.0390625 0.0609375
0 0.53125 0.296875 0.040625 0.0625
0 0.332031 0.7875 0.0515625 0.065625
0 0.582031 0.284375 0.0484375 0.065625
