0 0.744531 0.365625 0.0640625 0.096875
0 0.603125 0.639844 0.065625 0.0890625
0 0.705469 0.889063 0.0703125 0.084375
0 0.439844 0.789062 0.0703125 0.08125
0 0.596094 0.789062 0.0609375 0.0875
0 0.770312 0.871875 0.05625 0.084375
0 0.285156 0.774219 0.0671875 0.0859375
0 0.834375 0.732813 0.05625 0.10625
0 0.321875 0.852344 0.059375 0.0984375
0 0.559375 0.866406 0.065625 0.0859375
0 0.8125 0.819531 0.059375 0.0953125
0 0.729688 0.635156 0.06875 0.0953125
0 0.821094 0.555469 0.0609375 0.101562
0 0.663281 0.819531 0.0671875 0.0796875
0 0.560156 0.714063 0.0640625 0.084375
0 0.667969 0.596094 0.0671875 0.0921875
0 0.6375 0.896875 0.065625 0.09375
0 0.369531 0.540625 0.0671875 0.084375
0 0.815625 0.642187 0.06875 0.078125
0 0.2 0.780469 0.078125 0.0859375
0 0.807813 0.473437 0.0625 0.1
0 0.573438 0.378125 0.06875 0.1
0 0.207813 0.489062 0.06875 0.09375
0 0.494531 0.866406 0.0703125 0.0890625
0 0.510156 0.31875 0.0671875 0.096875
0 0.628906 0.43125 0.0703125 0.096875
0 0.688281 0.428906 0.0640625 0.0890625
0 0.254687 0.528906 0.06875 0.0984375
0 0.735156 0.792969 0.0703125 0.101562
0 0.120312 0.738281 0.059375 0.0890625
0 0.517969 0.215625 0.0734375 0.078125
0 0.461719 0.472656 0.0703125 0.0921875
0 0.366406 0.289062 0.0640625 0.09375
0 0.332812 0.75 0.06875 0.0875
0 0.535937 0.626562 0.06875 0.075
0 0.407813 0.366406 0.071875 0.104687
0 0.340625 0.3875 0.071875 0.084375
0 0.440625 0.551562 0.075 0.10625
0 0.369531 0.640625 0.0734375 0.090625
0 0.314063 0.590625 0.06875 0.0875
0 0.1875 0.571875 0.071875 0.09375
0 0.871875 0.580469 0.065625 0.0984375
0 0.411719 0.852344 0.0734375 0.0953125
0 0.604688 0.541406 0.071875 0.101562
0 0.498437 0.682813 0.071875 0.0875
0 0.197656 0.679688 0.0703125 0.103125
0 0.317187 0.49375 0.075 0.090625
0 0.673437 0.519531 0.071875 0.101562
0 0.569531 0.278906 0.0765625 0.0984375
0 0.735156 0.546094 0.0703125 0.0984375
0 0.65625 0.346875 0.0625 0.096875
0 0.252344 0.432031 0.0796875 0.0984375
0 0.403906 0.720312 0.0734375 0.09375
0 0.450781 0.646094 0.0703125 0.0859375
0 0.483594 0.39375 0.0703125 0.096875
0 0.26875 0.671094 0.078125 0.0953125
0 0.705469 0.70625 0.0734375 0.084375
0 0.29375 0.319531 0.075 0.101562
0 0.523438 0.771875 0.075 0.10625
0 0.385938 0.445312 0.071875 0.090625
0 0.442187 0.282031 0.08125 0.0890625
0 0.507031 0.544531 0.0671875 0.104687
0 0.547656 0.470313 0.0734375 0.090625
0 0.632031 0.721094 0.0765625 0.0953125
0 0.39375 0.20625 0.078125 0.103125
