0 0.699219 0.776563 0.0671875 0.140625
0 0.736719 0.834375 0.0640625 0.084375
0 0.721094 0.338281 0.0671875 0.0890625
0 0.766406 0.476562 0.0609375 0.09375
0 0.65 0.40625 0.06875 0.10625
0 0.817187 0.564062 0.05625 0.090625
0 0.692187 0.663281 0.078125 0.107813
0 0.560938 0.807031 0.071875 0.120312
0 0.428906 0.667969 0.0703125 0.104687
0 0.317187 0.546875 0.09375 0.10625
0 0.525781 0.5125 0.0734375 0.103125
0 0.596094 0.325 0.0671875 0.109375
0 0.635938 0.6 0.0625 0.1
0 0.421875 0.553125 0.0875 0.13125
0 0.792188 0.746875 0.0625 0.096875
0 0.60625 0.478125 0.06875 0.1125
0 0.597656 0.207813 0.0828125 0.10625
0 0.608594 0.8375 0.0734375 0.096875
0 0.583594 0.578906 0.0765625 0.101562
0 0.5875 0.679688 0.078125 0.090625
0 0.820312 0.467187 0.059375 0.1125
0 0.755469 0.38125 0.0640625 0.109375
0 0.711719 0.516406 0.0640625 0.104687
0 0.658594 0.25625 0.0703125 0.11875
0 0.522656 0.182812 0.0796875 0.1125
0 0.497656 0.789844 0.0984375 0.120312
0 0.303906 0.791406 0.104687 0.117188
0 0.53125 0.305469 0.075 0.120312
0 0.459375 0.244531 0.084375 0.107813
0 0.252344 0.579687 0.107813 0.125
0 0.546875 0.414844 0.090625 0.101562
0 0.171875 0.471875 0.103125 0.15
0 0.285937 0.451562 0.10625 0.121875
0 0.389062 0.332031 0.096875 0.107813
0 0.359375 0.689844 0.1 0.117188
0 0.482812 0.336719 0.078125 0.104687
0 0.196875 0.785156 0.115625 0.135937
0 0.400781 0.7875 0.0921875 0.115625
0 0.510938 0.645312 0.08125 0.103125
0 0.455469 0.444531 0.0734375 0.117188
0 0.210938 0.367188 0.1 0.11875
0 0.782812 0.642969 0.071875 0.110937
0 0.164844 0.659375 0.117188 0.140625
0 0.292969 0.309375 0.0953125 0.125
0 0.371875 0.446094 0.08125 0.120312
