0 0.572656 0.839844 0.0359375 0.0515625
0 0.405469 0.541406 0.0265625 0.0390625
0 0.421094 0.888281 0.0421875 0.0484375
0 0.428125 0.871875 0.04375 0.040625
0 0.875781 0.242188 0.0546875 0.04375
0 0.382031 0.838281 0.0453125 0.0578125
0 0.642969 0.210938 0.0265625 0.040625
0 0.257031 0.614844 0.0484375 0.0734375
0 0.203125 0.850781 0.040625 0.0546875
0 0.129688 0.814844 0.034375 0.0515625
0 0.217187 0.528906 0.025 0.0453125
0 0.354688 0.629687 0.04375 0.05625
0 0.227344 0.886719 0.0359375 0.0515625
0 0.166406 0.767187 0.0390625 0.05
0 0.702344 0.442969 0.0515625 0.0703125
0 0.55 0.0492188 0.0375 0.0484375
0 0.305469 0.83125 0.0359375 0.053125
0 0.152344 0.7 0.0484375 0.0625
0 0.485938 0.461719 0.046875 0.0609375
0 0.126563 0.75625 0.03125 0.034375
0 0.267969 0.415625 0.0484375 0.0625
0 0.446875 0.330469 0.03125 0.0484375
0 0.173438 0.553906 0.046875 0.0546875
0 0.557031 0.457031 0.0390625 0.0484375
0 0.839063 0.515625 0.065625 0.065625
0 0.638281 0.339063 0.0421875 0.059375
0 0.34375 0.867188 0.04375 0.053125
0 0.566406 0.225 0.0390625 0.05625
0 0.428906 0.729688 0.0390625 0.053125
0 0.358594 0.746875 0.0453125 0.06875
0 0.710938 0.514063 0.040625 0.046875
0 0.403125 0.248437 0.046875 0.05625
0 0.609375 0.507812 0.046875 0.05625
0 0.391406 0.685156 0.0421875 0.0609375
0 0.578125 0.669531 0.053125 0.0609375
0 0.567969 0.084375 0.0390625 0.046875
0 0.572656 0.122656 0.0390625 0.0453125
0 0.45 0.826563 0.04375 0.071875
0 0.752344 0.6625 0.0453125 0.053125
0 0.0867188 0.698438 0.0390625 0.053125
0 0.713281 0.239063 0.0453125 0.040625
0 0.752344 0.264062 0.0421875 0.046875
0 0.657812 0.451562 0.04375 0.075
0 0.228906 0.801562 0.0484375 0.065625
0 0.096875 0.584375 0.0375 0.053125
0 0.463281 0.526563 0.0421875 0.053125
0 0.142969 0.594531 0.0484375 0.0578125
0 0.613281 0.610937 0.0578125 0.075
0 0.397656 0.802344 0.0484375 0.0734375
0 0.557031 0.789844 0.0546875 0.0703125
0 0.510156 0.921094 0.0484375 0.0734375
0 0.158594 0.489062 0.0359375 0.059375
0 0.378125 0.592969 0.05 0.0640625
0 0.332031 0.807031 0.0484375 0.0640625
0 0.602344 0.375781 0.0453125 0.0421875
0 0.203906 0.464063 0.0390625 0.059375
0 0.433594 0.565625 0.0359375 0.05625
0 0.377344 0.536719 0.0453125 0.0578125
0 0.194531 0.646094 0.0390625 0.0484375
0 0.417188 0.953906 0.053125 0.0828125
0 0.325 0.677344 0.0375 0.0578125
0 0.477344 0.217187 0.0328125 0.05
0 0.434375 0.617969 0.05 0.0609375
0 0.885156 0.444531 0.0515625 0.0703125
0 0.674219 0.170312 0.0390625 0.059375
0 0.61875 0.715625 0.046875 0.053125
0 0.460156 0.572656 0.0390625 0.0546875
0 0.796875 0.214062 0.040625 0.05625
0 0.141406 0.547656 0.0359375 0.0546875
0 0.469531 0.0828125 0.0359375 0.04375
0 0.240625 0.532812 0.03125 0.05625
0 0.559375 0.717969 0.053125 0.0640625
0 0.833594 0.392969 0.0515625 0.0734375
0 0.623438 0.878906 0.05 0.0734375
0 0.507031 0.541406 0.0484375 0.0609375
0 0.494531 0.303906 0.0359375 0.0453125
0 0.698438 0.563281 0.046875 0.0640625
0 0.459375 0.752344 0.046875 0.0640625
0 0.516406 0.6 0.0421875 0.059375
0 0.495313 0.691406 0.05625 0.0703125
0 0.244531 0.479688 0.0453125 0.059375
0 0.671875 0.39375 0.04375 0.05625
0 0.0875 0.642969 0.040625 0.0546875
0 0.459375 0.439844 0.04375 0.0609375
0 0.719531 0.371875 0.0484375 0.05625
0 0.514063 0.754687 0.05 0.065625
0 0.272656 0.817969 0.0421875 0.0640625
0 0.521094 0.354688 0.0484375 0.065625
0 0.65 0.539844 0.053125 0.0609375
0 0.497656 0.182812 0.0328125 0.046875
0 0.783594 0.546875 0.0421875 0.059375
0 0.615625 0.807031 0.046875 0.0671875
0 0.707031 0.721094 0.0515625 0.0640625
0 0.207813 0.68125 0.04375 0.059375
0 0.905469 0.534375 0.0515625 0.09375
0 0.653906 0.3 0.0453125 0.05625
0 0.625 0.171094 0.0375 0.0484375
0 0.701563 0.655469 0.053125 0.0671875
0 0.7625 0.358594 0.053125 0.0640625
0 0.754687 0.728906 0.053125 0.0734375
0 0.559375 0.192969 0.040625 0.0484375
0 0.611719 0.270312 0.0421875 0.05
0 0.446875 0.375 0.040625 0.05625
0 0.825781 0.59375 0.0515625 0.059375
0 0.794531 0.690625 0.0484375 0.06875
0 0.669531 0.611719 0.0453125 0.0640625
0 0.421094 0.442187 0.0390625 0.053125
0 0.607031 0.311719 0.0390625 0.0578125
0 0.207031 0.742188 0.0421875 0.0625
0 0.894531 0.61875 0.0546875 0.06875
0 0.694531 0.125 0.0453125 0.05625
0 0.435937 0.117188 0.0375 0.053125
0 0.43125 0.489844 0.04375 0.0546875
0 0.751562 0.21875 0.04375 0.046875
0 0.798437 0.257812 0.04375 0.05625
0 0.409375 0.398438 0.0375 0.05625
0 0.11875 0.652344 0.0375 0.0578125
0 0.478125 0.339844 0.040625 0.0546875
0 0.323438 0.428125 0.0375 0.059375
0 0.445312 0.207813 0.034375 0.053125
0 0.51875 0.429688 0.040625 0.05625
0 0.192188 0.592969 0.040625 0.0515625
0 0.257812 0.71875 0.040625 0.059375
0 0.341406 0.511719 0.0421875 0.0609375
0 0.665625 0.758594 0.05 0.0609375
0 0.2875 0.471094 0.04375 0.0546875
0 0.576563 0.292969 0.040625 0.0515625
0 0.528906 0.650781 0.0453125 0.0640625
0 0.607813 0.204688 0.0375 0.05
0 0.780469 0.602344 0.0484375 0.0609375
0 0.632031 0.403906 0.0421875 0.0609375
0 0.83125 0.240625 0.040625 0.053125
0 0.689062 0.342187 0.04375 0.053125
0 0.291406 0.76875 0.0421875 0.05625
0 0.777344 0.413281 0.0546875 0.0671875
0 0.517187 0.0789063 0.0375 0.0515625
0 0.496094 0.242188 0.0359375 0.05
0 0.554688 0.604688 0.046875 0.059375
0 0.482031 0.636719 0.0453125 0.0640625
0 0.554688 0.557031 0.04375 0.0546875
0 0.519531 0.492969 0.0390625 0.0546875
0 0.619531 0.113281 0.0421875 0.0453125
0 0.721094 0.185156 0.0453125 0.0546875
0 0.49375 0.394531 0.0375 0.0546875
0 0.291406 0.661719 0.0421875 0.0578125
0 0.81875 0.323438 0.05 0.065625
0 0.465625 0.25625 0.034375 0.053125
0 0.645312 0.669531 0.046875 0.0609375
0 0.51875 0.204688 0.040625 0.05
0 0.732031 0.607031 0.0515625 0.0640625
0 0.707031 0.299219 0.0453125 0.0546875
0 0.75625 0.494531 0.046875 0.0578125
0 0.747656 0.317969 0.0421875 0.0515625
0 0.56875 0.335156 0.04375 0.0640625
0 0.846875 0.689062 0.05625 0.071875
0 0.316406 0.579687 0.0359375 0.053125
0 0.532031 0.158594 0.0390625 0.0578125
0 0.58125 0.421094 0.040625 0.0609375
