0 0.928906 0.478125 0.0390625 0.05625
0 0.900781 0.44375 0.0421875 0.065625
0 0.355469 0.632031 0.0546875 0.0890625
0 0.496875 0.716406 0.053125 0.0734375
0 0.276563 0.785156 0.046875 0.0609375
0 0.139062 0.417969 0.05 0.0859375
0 0.533594 0.722656 0.0390625 0.0609375
0 0.174219 0.536719 0.0484375 0.0703125
0 0.735937 0.514844 0.053125 0.0671875
0 0.674219 0.453906 0.0546875 0.0859375
0 0.763281 0.682031 0.0578125 0.0640625
0 0.452344 0.365625 0.0640625 0.08125
0 0.477344 0.24375 0.0484375 0.078125
0 0.386719 0.75 0.0453125 0.06875
0 0.455469 0.571094 0.0578125 0.0640625
0 0.585938 0.760938 0.05 0.065625
0 0.775 0.240625 0.046875 0.071875
0 0.184375 0.680469 0.05 0.0765625
0 0.484375 0.61875 0.046875 0.065625
0 0.864844 0.447656 0.0515625 0.0734375
0 0.732813 0.114063 0.05625 0.084375
0 0.710938 0.700781 0.053125 0.0640625
0 0.328125 0.323438 0.053125 0.071875
0 0.540625 0.632031 0.05625 0.0640625
0 0.528125 0.582031 0.05625 0.0734375
0 0.192969 0.476562 0.0578125 0.084375
0 0.561719 0.335938 0.0484375 0.071875
0 0.286719 0.265625 0.0578125 0.084375
0 0.576563 0.189844 0.05 0.0859375
0 0.779688 0.316406 0.053125 0.0703125
0 0.803906 0.624219 0.0515625 0.0671875
0 0.642969 0.519531 0.0484375 0.0734375
0 0.639844 0.700781 0.0546875 0.0609375
0 0.339063 0.407031 0.05625 0.0703125
0 0.28125 0.578906 0.05625 0.0703125
0 0.917969 0.534375 0.0609375 0.075
0 0.65625 0.377344 0.05 0.0671875
0 0.591406 0.394531 0.0484375 0.0765625
0 0.971875 0.479688 0.04375 0.06875
0 0.782031 0.403125 0.0484375 0.075
0 0.844531 0.178906 0.0578125 0.0953125
0 0.95 0.363281 0.053125 0.0703125
0 0.738281 0.275781 0.0578125 0.0703125
0 0.228906 0.385156 0.0515625 0.0734375
0 0.767187 0.553906 0.053125 0.0640625
0 0.129688 0.464844 0.053125 0.0640625
0 0.727344 0.439063 0.0546875 0.071875
0 0.414062 0.213281 0.059375 0.0828125
0 0.226562 0.726562 0.0625 0.065625
0 0.285156 0.702344 0.0453125 0.0703125
0 0.878125 0.233594 0.05625 0.0765625
0 0.107813 0.603906 0.046875 0.0859375
0 0.277344 0.43125 0.0484375 0.06875
0 0.611719 0.134375 0.0578125 0.084375
0 0.591406 0.688281 0.0453125 0.0671875
0 0.439844 0.514844 0.0671875 0.0765625
0 0.833594 0.725781 0.0609375 0.0671875
0 0.813281 0.791406 0.0484375 0.0703125
0 0.403125 0.425781 0.05625 0.0796875
0 0.582812 0.530469 0.046875 0.0703125
0 0.36875 0.14375 0.05625 0.0875
0 0.782812 0.475781 0.05 0.0703125
0 0.503906 0.320312 0.0578125 0.078125
0 0.275781 0.361719 0.0515625 0.0734375
0 0.515625 0.175781 0.059375 0.0765625
0 0.827344 0.366406 0.0515625 0.0734375
0 0.739844 0.203906 0.0609375 0.0765625
0 0.380469 0.492969 0.0546875 0.0734375
0 0.558594 0.470313 0.0484375 0.078125
0 0.430469 0.617969 0.0515625 0.0703125
0 0.182031 0.74375 0.0484375 0.0625
0 0.124219 0.527344 0.0546875 0.0734375
0 0.928125 0.639844 0.04375 0.0671875
0 0.959375 0.563281 0.05 0.0703125
0 0.878906 0.380469 0.0484375 0.0671875
0 0.745313 0.3625 0.0625 0.084375
0 0.228125 0.269531 0.05625 0.0796875
0 0.635156 0.757031 0.0484375 0.0671875
0 0.249219 0.653125 0.0546875 0.071875
0 0.307031 0.628125 0.0484375 0.06875
0 0.678906 0.09375 0.0546875 0.084375
0 0.753906 0.753906 0.0484375 0.0671875
0 0.530469 0.4 0.0578125 0.078125
0 0.467187 0.754687 0.053125 0.06875
0 0.932813 0.423438 0.05 0.065625
0 0.204688 0.589844 0.046875 0.0703125
0 0.507812 0.49375 0.053125 0.06875
0 0.430469 0.289844 0.0578125 0.0734375
0 0.869531 0.308594 0.0515625 0.0671875
0 0.692187 0.555469 0.053125 0.0703125
0 0.389844 0.353125 0.0578125 0.075
0 0.617188 0.317969 0.053125 0.0796875
0 0.405469 0.553125 0.0515625 0.065625
0 0.744531 0.615625 0.0515625 0.078125
0 0.153125 0.605469 0.05625 0.0671875
0 0.880469 0.596875 0.0484375 0.065625
0 0.228906 0.785156 0.0515625 0.0640625
0 0.682031 0.215625 0.0578125 0.075
0 0.190625 0.325 0.05 0.078125
0 0.633594 0.227344 0.0703125 0.101562
0 0.684375 0.304688 0.059375 0.075
0 0.142188 0.663281 0.046875 0.0640625
0 0.442187 0.676562 0.05 0.065625
0 0.692187 0.657031 0.05625 0.0703125
0 0.704687 0.7875 0.05 0.078125
0 0.5875 0.59375 0.053125 0.06875
0 0.932813 0.732031 0.053125 0.0671875
0 0.454688 0.158594 0.0625 0.0859375
0 0.478125 0.428906 0.059375 0.0640625
0 0.341406 0.682813 0.0515625 0.059375
0 0.828906 0.511719 0.0546875 0.0765625
0 0.555469 0.103906 0.0640625 0.0890625
0 0.832031 0.573438 0.0515625 0.06875
0 0.609375 0.464844 0.059375 0.0734375
0 0.342187 0.750781 0.053125 0.0703125
0 0.34375 0.546875 0.05625 0.06875
0 0.392188 0.674219 0.046875 0.0671875
0 0.642969 0.589844 0.0609375 0.0671875
0 0.807813 0.144531 0.0625 0.0953125
0 0.244531 0.527344 0.0578125 0.0765625
0 0.84375 0.651563 0.05625 0.06875
0 0.319531 0.485156 0.0546875 0.0796875
0 0.5 0.0953125 0.075 0.08125
0 0.546094 0.267969 0.0578125 0.0828125
0 0.30625 0.194531 0.06875 0.0953125
0 0.370313 0.272656 0.059375 0.0984375
