0 0.5875 0.621094 0.046875 0.0828125
0 0.288281 0.590625 0.0421875 0.05
0 0.228125 0.547656 0.025 0.0390625
0 0.292188 0.735156 0.021875 0.0359375
0 0.283594 0.6 0.0234375 0.040625
0 0.2875 0.528125 0.03125 0.05
0 0.214062 0.33125 0.034375 0.05625
0 0.538281 0.566406 0.0421875 0.0671875
0 0.402344 0.496094 0.0328125 0.0640625
0 0.292969 0.717969 0.0296875 0.0578125
0 0.278906 0.657031 0.0234375 0.0484375
0 0.215625 0.595312 0.0375 0.053125
0 0.376563 0.527344 0.040625 0.0515625
0 0.19375 0.38125 0.04375 0.05625
0 0.397656 0.558594 0.0390625 0.0578125
0 0.305469 0.569531 0.0328125 0.0515625
0 0.410937 0.735937 0.03125 0.04375
0 0.264062 0.692187 0.03125 0.05625
0 0.310937 0.308594 0.034375 0.0515625
0 0.336719 0.414062 0.0390625 0.059375
0 0.294531 0.641406 0.0234375 0.0421875
0 0.4625 0.7 0.0375 0.053125
0 0.288281 0.473437 0.0328125 0.05
0 0.210938 0.632812 0.021875 0.04375
0 0.2375 0.665625 0.021875 0.046875
0 0.724219 0.551562 0.0453125 0.071875
0 0.698438 0.700781 0.046875 0.0671875
0 0.217187 0.426562 0.040625 0.059375
0 0.585156 0.817969 0.0453125 0.0640625
0 0.225781 0.469531 0.0328125 0.0546875
0 0.202344 0.478125 0.0328125 0.053125
0 0.611719 0.477344 0.0484375 0.0609375
0 0.264844 0.754687 0.0328125 0.053125
0 0.346094 0.666406 0.0296875 0.0546875
0 0.233594 0.521094 0.0359375 0.0546875
0 0.653906 0.792188 0.0453125 0.06875
0 0.210156 0.517187 0.0296875 0.04375
0 0.414062 0.689844 0.040625 0.0578125
0 0.436719 0.335156 0.0453125 0.0578125
0 0.316406 0.51875 0.0390625 0.05625
0 0.392969 0.419531 0.0390625 0.0671875
0 0.228125 0.367188 0.040625 0.05625
0 0.622656 0.321094 0.0515625 0.0609375
0 0.364844 0.308594 0.0265625 0.0546875
0 0.303125 0.678906 0.03125 0.0453125
0 0.38125 0.357812 0.034375 0.0625
0 0.257812 0.420312 0.034375 0.059375
0 0.670313 0.528906 0.05 0.0703125
0 0.574219 0.33125 0.0484375 0.065625
0 0.398438 0.228125 0.040625 0.06875
0 0.650781 0.570312 0.0484375 0.059375
0 0.691406 0.397656 0.0546875 0.0765625
0 0.533594 0.770312 0.0390625 0.05625
0 0.503125 0.423438 0.04375 0.0625
0 0.250781 0.641406 0.0296875 0.0453125
0 0.339844 0.73125 0.0328125 0.053125
0 0.482031 0.592969 0.0390625 0.0578125
0 0.216406 0.691406 0.0390625 0.0484375
0 0.657031 0.657031 0.0515625 0.0609375
0 0.499219 0.757031 0.0328125 0.0578125
0 0.258594 0.491406 0.0328125 0.0515625
0 0.24375 0.589844 0.028125 0.0484375
0 0.582031 0.539844 0.0453125 0.0671875
0 0.348437 0.619531 0.034375 0.0546875
0 0.232812 0.307031 0.034375 0.0546875
0 0.377344 0.691406 0.0328125 0.0515625
0 0.582031 0.601562 0.0484375 0.0625
0 0.396875 0.290625 0.040625 0.0625
0 0.532031 0.604688 0.0421875 0.05
0 0.594531 0.646094 0.0453125 0.0515625
0 0.275781 0.307813 0.0359375 0.05625
0 0.546094 0.738281 0.0421875 0.0578125
0 0.447656 0.389844 0.0421875 0.0640625
0 0.525 0.205469 0.05 0.0671875
0 0.565625 0.466406 0.04375 0.0640625
0 0.515625 0.688281 0.04375 0.0515625
0 0.667969 0.440625 0.0515625 0.065625
0 0.304688 0.365625 0.034375 0.05625
0 0.608594 0.395312 0.0453125 0.071875
0 0.453906 0.535156 0.0484375 0.0609375
0 0.3875 0.642187 0.040625 0.05625
0 0.616406 0.699219 0.0390625 0.0578125
0 0.692187 0.616406 0.05625 0.0671875
0 0.478906 0.358594 0.0453125 0.0609375
0 0.497656 0.539844 0.0421875 0.0640625
0 0.617969 0.251563 0.0609375 0.08125
0 0.513281 0.346094 0.0515625 0.0640625
0 0.521875 0.489844 0.04375 0.0640625
0 0.483594 0.267969 0.0484375 0.0640625
0 0.503125 0.636719 0.04375 0.0515625
0 0.557813 0.663281 0.040625 0.0609375
0 0.342969 0.360156 0.0359375 0.0546875
0 0.407031 0.614844 0.0390625 0.0546875
0 0.44375 0.579687 0.0375 0.05625
0 0.649219 0.703906 0.0484375 0.0640625
0 0.333594 0.466406 0.0359375 0.0484375
0 0.453906 0.75625 0.0390625 0.05625
0 0.317969 0.6125 0.0296875 0.04375
0 0.703906 0.485938 0.0546875 0.065625
0 0.469531 0.451562 0.0453125 0.059375
0 0.297656 0.41875 0.0359375 0.05625
0 0.688281 0.755469 0.0484375 0.0578125
0 0.610156 0.782812 0.0453125 0.059375
0 0.374219 0.732031 0.0328125 0.0453125
0 0.25625 0.5625 0.03125 0.046875
0 0.551562 0.392969 0.053125 0.0671875
0 0.567187 0.260938 0.046875 0.0625
0 0.448438 0.642187 0.040625 0.053125
0 0.376563 0.58125 0.0375 0.053125
0 0.441406 0.274219 0.0453125 0.0609375
