0 0.823438 0.498437 0.05625 0.090625
0 0.583594 0.223438 0.0703125 0.09375
0 0.178125 0.539844 0.06875 0.0796875
0 0.502344 0.578125 0.0671875 0.096875
0 0.696094 0.423438 0.0671875 0.103125
0 0.320312 0.772656 0.06875 0.0765625
0 0.167969 0.45 0.0546875 0.0875
0 0.296875 0.340625 0.075 0.09375
0 0.80625 0.588281 0.065625 0.0859375
0 0.75 0.571094 0.06875 0.0890625
0 0.808594 0.420312 0.0703125 0.109375
0 0.378906 0.665625 0.0640625 0.09375
0 0.319531 0.60625 0.0734375 0.090625
0 0.182812 0.366406 0.06875 0.107813
0 0.254687 0.73125 0.065625 0.075
0 0.263281 0.665625 0.0671875 0.08125
0 0.53125 0.851562 0.0625 0.084375
0 0.382031 0.742188 0.0609375 0.090625
0 0.639844 0.741406 0.0671875 0.0796875
0 0.195312 0.623438 0.065625 0.090625
0 0.319531 0.702344 0.0796875 0.0921875
0 0.464844 0.853906 0.0609375 0.104687
0 0.188281 0.732031 0.0671875 0.0796875
0 0.105469 0.507031 0.0671875 0.0984375
0 0.316406 0.442969 0.0671875 0.0953125
0 0.620313 0.664844 0.075 0.0859375
0 0.385938 0.566406 0.065625 0.0890625
0 0.122656 0.598437 0.0671875 0.09375
0 0.382812 0.457031 0.065625 0.107813
0 0.645312 0.269531 0.078125 0.104687
0 0.641406 0.378906 0.0765625 0.0953125
0 0.759375 0.653906 0.0625 0.0828125
0 0.296875 0.53125 0.075 0.10625
0 0.435156 0.539844 0.0671875 0.0921875
0 0.589063 0.792969 0.075 0.0859375
0 0.5125 0.485938 0.071875 0.08125
0 0.446094 0.735937 0.0671875 0.096875
0 0.635156 0.478125 0.0703125 0.078125
0 0.505469 0.392188 0.0765625 0.109375
0 0.136719 0.667969 0.0796875 0.0859375
0 0.236719 0.580469 0.0734375 0.0828125
0 0.684375 0.53125 0.075 0.096875
0 0.713281 0.278906 0.0671875 0.0953125
0 0.414062 0.359375 0.071875 0.09375
0 0.296875 0.235938 0.08125 0.109375
0 0.755469 0.491406 0.0734375 0.104687
0 0.755469 0.359375 0.0734375 0.109375
0 0.239063 0.392969 0.078125 0.0953125
0 0.579687 0.430469 0.075 0.101562
0 0.234375 0.29375 0.08125 0.10625
0 0.369531 0.296094 0.0859375 0.107813
0 0.471875 0.297656 0.075 0.107813
0 0.222656 0.48125 0.0765625 0.0875
0 0.452344 0.445312 0.0828125 0.10625
0 0.545313 0.310156 0.078125 0.0921875
0 0.507031 0.767969 0.0703125 0.0984375
0 0.417969 0.820312 0.0734375 0.090625
0 0.626562 0.566406 0.075 0.0984375
0 0.504687 0.667969 0.071875 0.101562
0 0.699219 0.686719 0.0734375 0.0828125
0 0.682031 0.620313 0.0671875 0.09375
0 0.442187 0.629687 0.075 0.1
0 0.559375 0.70625 0.075 0.090625
0 0.555469 0.621094 0.0703125 0.0984375
0 0.570312 0.532812 0.06875 0.103125
