0 0.821094 0.535156 0.0765625 0.104687
0 0.766406 0.515625 0.0609375 0.084375
0 0.478906 0.803125 0.0734375 0.096875
0 0.499219 0.148438 0.0828125 0.11875
0 0.776563 0.122656 0.06875 0.110937
0 0.399219 0.763281 0.0734375 0.0890625
0 0.55 0.81875 0.059375 0.1
0 0.778906 0.600781 0.0765625 0.0984375
0 0.599219 0.375781 0.0671875 0.107813
0 0.204688 0.65 0.075 0.08125
0 0.775 0.315625 0.065625 0.103125
0 0.721875 0.678125 0.065625 0.0875
0 0.571875 0.510938 0.0625 0.10625
0 0.261719 0.729688 0.0796875 0.084375
0 0.361719 0.571875 0.0640625 0.09375
0 0.3 0.310937 0.071875 0.1
0 0.413281 0.830469 0.0609375 0.0796875
0 0.836719 0.464063 0.0671875 0.084375
0 0.724219 0.238281 0.0734375 0.0921875
0 0.648438 0.285156 0.075 0.101562
0 0.382812 0.917188 0.06875 0.096875
0 0.717188 0.496094 0.078125 0.110937
0 0.635938 0.0742188 0.078125 0.104687
0 0.811719 0.371094 0.0734375 0.101562
0 0.4 0.488281 0.078125 0.0921875
0 0.721875 0.590625 0.06875 0.10625
0 0.334375 0.867188 0.084375 0.09375
0 0.833594 0.165625 0.0765625 0.096875
0 0.297656 0.514063 0.0734375 0.10625
0 0.225 0.34375 0.084375 0.09375
0 0.409375 0.669531 0.075 0.104687
0 0.480469 0.273438 0.0703125 0.096875
0 0.341406 0.678906 0.0734375 0.0828125
0 0.6375 0.540625 0.06875 0.090625
0 0.482812 0.483594 0.084375 0.114063
0 0.65 0.442187 0.075 0.09375
0 0.410156 0.232812 0.0859375 0.090625
0 0.61875 0.205469 0.08125 0.101562
0 0.228125 0.549219 0.071875 0.101562
0 0.500781 0.882031 0.0734375 0.0859375
0 0.652344 0.64375 0.0796875 0.1
0 0.517969 0.553906 0.0734375 0.0984375
0 0.521875 0.392969 0.084375 0.114063
0 0.438281 0.577344 0.0734375 0.0921875
0 0.847656 0.271094 0.0890625 0.114063
0 0.161719 0.575781 0.0734375 0.0984375
0 0.560938 0.289062 0.078125 0.090625
0 0.339844 0.424219 0.0796875 0.0984375
0 0.464844 0.714063 0.0796875 0.090625
0 0.708594 0.132031 0.0796875 0.117188
0 0.696875 0.367969 0.078125 0.110937
0 0.666406 0.727344 0.0703125 0.104687
0 0.448438 0.929688 0.071875 0.0875
0 0.296094 0.619531 0.0765625 0.110937
0 0.528906 0.742969 0.0765625 0.0859375
0 0.519531 0.644531 0.0796875 0.0984375
0 0.323438 0.770312 0.075 0.090625
0 0.157813 0.475 0.08125 0.09375
0 0.580469 0.60625 0.0703125 0.10625
0 0.585938 0.694531 0.078125 0.0921875
0 0.384375 0.342969 0.078125 0.114063
0 0.621094 0.78125 0.0859375 0.109375
0 0.233594 0.444531 0.0890625 0.110937
0 0.445312 0.382812 0.078125 0.1125
0 0.744531 0.407031 0.0796875 0.104687
0 0.145313 0.369531 0.08125 0.114063
