0 0.353125 0.524219 0.05 0.0921875
0 0.848437 0.357031 0.1 0.114063
0 0.210156 0.735156 0.0546875 0.0703125
0 0.228906 0.803125 0.0546875 0.071875
0 0.648438 0.629687 0.071875 0.084375
0 0.125 0.746875 0.053125 0.06875
0 0.163281 0.61875 0.0609375 0.06875
0 0.267188 0.389062 0.059375 0.08125
0 0.209375 0.657031 0.046875 0.0890625
0 0.561719 0.375 0.0765625 0.084375
0 0.476562 0.495313 0.0625 0.084375
0 0.238281 0.536719 0.0484375 0.0796875
0 0.110156 0.63125 0.0546875 0.06875
0 0.320312 0.328125 0.053125 0.09375
0 0.178906 0.791406 0.0515625 0.0703125
0 0.542188 0.246094 0.071875 0.0765625
0 0.246875 0.61875 0.05625 0.096875
0 0.157031 0.683594 0.0546875 0.0734375
0 0.385938 0.596094 0.0625 0.0796875
0 0.464063 0.642187 0.0625 0.078125
0 0.326562 0.621094 0.059375 0.0828125
0 0.625781 0.388281 0.0640625 0.0953125
0 0.528906 0.549219 0.0546875 0.0921875
0 0.714063 0.411719 0.075 0.0765625
0 0.4 0.213281 0.0625 0.0890625
0 0.400781 0.74375 0.0609375 0.071875
0 0.752344 0.723437 0.0734375 0.09375
0 0.728906 0.617969 0.0703125 0.0828125
0 0.5875 0.1875 0.0625 0.090625
0 0.582812 0.60625 0.059375 0.075
0 0.677344 0.324219 0.0671875 0.0984375
0 0.50625 0.327344 0.0625 0.107813
0 0.523438 0.642969 0.06875 0.0921875
0 0.115625 0.497656 0.059375 0.0953125
0 0.450781 0.567969 0.0703125 0.0796875
0 0.451562 0.728906 0.0625 0.0734375
0 0.124219 0.567187 0.0578125 0.06875
0 0.407031 0.673437 0.0546875 0.084375
0 0.267969 0.470313 0.0546875 0.08125
0 0.283594 0.757812 0.0578125 0.075
0 0.290625 0.545313 0.059375 0.078125
0 0.61875 0.538281 0.06875 0.0890625
0 0.414844 0.424219 0.0609375 0.0890625
0 0.210938 0.470313 0.05625 0.084375
0 0.732031 0.25625 0.0796875 0.09375
0 0.495313 0.172656 0.071875 0.0984375
0 0.292969 0.678125 0.0578125 0.075
0 0.565625 0.477344 0.075 0.0828125
0 0.690625 0.561719 0.071875 0.0828125
0 0.939844 0.605469 0.0703125 0.0859375
0 0.669531 0.153125 0.0734375 0.1
0 0.598437 0.297656 0.075 0.0921875
0 0.68125 0.689844 0.071875 0.0859375
0 0.816406 0.707031 0.0765625 0.0859375
0 0.754687 0.15 0.08125 0.10625
0 0.857813 0.450781 0.065625 0.0984375
0 0.867969 0.646875 0.0671875 0.1
0 0.814844 0.251563 0.0703125 0.09375
0 0.161719 0.394531 0.0640625 0.0953125
0 0.90625 0.532031 0.078125 0.107813
0 0.803125 0.629687 0.078125 0.103125
0 0.767187 0.333594 0.078125 0.0984375
0 0.345313 0.758594 0.05625 0.0609375
0 0.180469 0.548437 0.0546875 0.08125
0 0.667188 0.470313 0.075 0.096875
0 0.442969 0.344531 0.0671875 0.0828125
0 0.757031 0.528125 0.0765625 0.09375
0 0.408594 0.516406 0.0640625 0.0984375
0 0.344531 0.692969 0.0609375 0.0765625
0 0.323438 0.444531 0.0625 0.0859375
0 0.503906 0.416406 0.0734375 0.0890625
0 0.459375 0.253906 0.071875 0.0984375
0 0.828906 0.533594 0.0765625 0.101562
0 0.509375 0.720312 0.06875 0.09375
0 0.65625 0.232812 0.08125 0.096875
0 0.592188 0.692969 0.075 0.0921875
0 0.378906 0.292188 0.0734375 0.096875
0 0.792969 0.432813 0.0859375 0.109375
0 0.359375 0.382031 0.071875 0.0921875
