0 0.480469 0.0179687 0.0421875 0.0359375
0 0.648438 0.200781 0.053125 0.0703125
0 0.673437 0.24375 0.046875 0.075
0 0.353906 0.736719 0.0546875 0.0640625
0 0.474219 0.0773437 0.0515625 0.0671875
0 0.65 0.476562 0.053125 0.06875
0 0.5625 0.134375 0.046875 0.059375
0 0.311719 0.301562 0.0453125 0.05625
0 0.260938 0.326562 0.04375 0.059375
0 0.374219 0.222656 0.0484375 0.0609375
0 0.460156 0.252344 0.0328125 0.0546875
0 0.5 0.651563 0.05 0.0625
0 0.560938 0.0796875 0.053125 0.059375
0 0.310937 0.234375 0.04375 0.053125
0 0.5875 0.785937 0.046875 0.059375
0 0.599219 0.196875 0.0546875 0.06875
0 0.685156 0.68125 0.0484375 0.071875
0 0.457812 0.672656 0.046875 0.0640625
0 0.699219 0.460938 0.0546875 0.06875
0 0.657812 0.749219 0.046875 0.0671875
0 0.613281 0.438281 0.0515625 0.0609375
0 0.448438 0.725 0.05 0.065625
0 0.310937 0.361719 0.046875 0.0609375
0 0.564062 0.697656 0.046875 0.0609375
0 0.200781 0.526563 0.0515625 0.0625
0 0.460938 0.164062 0.046875 0.059375
0 0.721875 0.335156 0.05 0.0734375
0 0.421094 0.125 0.0390625 0.053125
0 0.677344 0.85 0.0453125 0.06875
0 0.411719 0.183594 0.0515625 0.0640625
0 0.247656 0.454688 0.0484375 0.059375
0 0.278906 0.204688 0.0421875 0.059375
0 0.747656 0.479688 0.0484375 0.06875
0 0.346094 0.569531 0.0453125 0.0640625
0 0.591406 0.497656 0.0515625 0.0609375
0 0.159375 0.485156 0.046875 0.0640625
0 0.476562 0.399219 0.046875 0.0640625
0 0.517969 0.0382813 0.0546875 0.0640625
0 0.513281 0.116406 0.0546875 0.0640625
0 0.539062 0.817187 0.053125 0.071875
0 0.696094 0.785156 0.0453125 0.0703125
0 0.263281 0.398438 0.0515625 0.0625
0 0.366406 0.639063 0.0546875 0.065625
0 0.532031 0.920313 0.0515625 0.06875
0 0.150781 0.353906 0.0453125 0.0578125
0 0.439063 0.295312 0.05 0.059375
0 0.596094 0.594531 0.0484375 0.0671875
0 0.633594 0.541406 0.0515625 0.0703125
0 0.180469 0.270312 0.0515625 0.065625
0 0.204688 0.465625 0.04375 0.0625
0 0.739062 0.403906 0.05 0.0703125
0 0.482031 0.338281 0.0484375 0.0609375
0 0.275 0.495313 0.05 0.0625
0 0.575781 0.257031 0.0515625 0.0640625
0 0.382031 0.15625 0.0421875 0.059375
0 0.650781 0.620313 0.0546875 0.06875
0 0.583594 0.321875 0.0484375 0.065625
0 0.141406 0.422656 0.0484375 0.0609375
0 0.523438 0.492969 0.05 0.0671875
0 0.252344 0.267969 0.0484375 0.0578125
0 0.2625 0.615625 0.05 0.06875
0 0.582031 0.934375 0.0484375 0.0625
0 0.510156 0.429688 0.0453125 0.065625
0 0.282031 0.553125 0.0421875 0.059375
0 0.478125 0.522656 0.05 0.0640625
0 0.204688 0.592188 0.053125 0.06875
0 0.441406 0.489844 0.0484375 0.0609375
0 0.345313 0.475781 0.05 0.0609375
0 0.501562 0.791406 0.046875 0.0640625
0 0.49375 0.265625 0.05 0.06875
0 0.321875 0.678906 0.046875 0.0609375
0 0.4625 0.839844 0.053125 0.0671875
0 0.489062 0.19375 0.053125 0.06875
0 0.536719 0.74375 0.0484375 0.065625
0 0.565625 0.885938 0.05 0.065625
0 0.414844 0.242188 0.0515625 0.0625
0 0.229687 0.373437 0.04375 0.0625
0 0.611719 0.729688 0.0515625 0.06875
0 0.320312 0.51875 0.053125 0.065625
0 0.489062 0.720312 0.053125 0.06875
0 0.433594 0.425 0.0484375 0.0625
0 0.698438 0.603125 0.053125 0.075
0 0.632812 0.8125 0.05 0.065625
0 0.221094 0.3125 0.0453125 0.059375
0 0.191406 0.342187 0.0421875 0.059375
0 0.542969 0.201562 0.0515625 0.06875
0 0.383594 0.444531 0.0421875 0.0546875
0 0.434375 0.544531 0.046875 0.0640625
0 0.353125 0.341406 0.046875 0.0640625
0 0.617969 0.663281 0.0546875 0.0703125
0 0.66875 0.317187 0.05 0.0625
0 0.533594 0.371094 0.0453125 0.0640625
0 0.239844 0.510938 0.0484375 0.0625
0 0.432813 0.369531 0.046875 0.0609375
0 0.554688 0.551562 0.05 0.06875
0 0.400781 0.690625 0.0515625 0.065625
0 0.297656 0.430469 0.0484375 0.0640625
0 0.395312 0.569531 0.05 0.0671875
0 0.214844 0.232031 0.0484375 0.0609375
0 0.541406 0.3 0.0515625 0.071875
0 0.420312 0.624219 0.046875 0.0640625
0 0.548437 0.632812 0.05625 0.06875
0 0.34375 0.176563 0.04375 0.059375
0 0.48125 0.897656 0.053125 0.0640625
0 0.630469 0.367188 0.0484375 0.0625
0 0.578125 0.385938 0.053125 0.065625
0 0.385156 0.507031 0.0515625 0.0640625
0 0.35625 0.267969 0.046875 0.0609375
0 0.683594 0.389062 0.0515625 0.06875
0 0.39375 0.307813 0.05 0.0625
0 0.557031 0.446094 0.0484375 0.0671875
0 0.383594 0.385156 0.0484375 0.0640625
0 0.509375 0.572656 0.05 0.0671875
0 0.432031 0.790625 0.0546875 0.0625
0 0.182812 0.410156 0.05 0.0640625
0 0.682031 0.534375 0.0484375 0.065625
0 0.469531 0.597656 0.0484375 0.0671875
0 0.621094 0.289844 0.0546875 0.0671875
0 0.307813 0.610156 0.05 0.0609375
0 0.344531 0.414062 0.0515625 0.0625
