0 0.507031 0.716406 0.0421875 0.0484375
0 0.334375 0.586719 0.059375 0.0546875
0 0.426562 0.596875 0.053125 0.059375
0 0.273438 0.3625 0.071875 0.06875
0 0.810938 0.504687 0.059375 0.0625
0 0.473437 0.492188 0.065625 0.065625
0 0.380469 0.622656 0.0484375 0.0578125
0 0.917969 0.339063 0.0671875 0.06875
0 0.745313 0.510156 0.05625 0.0546875
0 0.599219 0.667188 0.0546875 0.059375
0 0.528125 0.423438 0.059375 0.075
0 0.300781 0.53125 0.0578125 0.075
0 0.446094 0.711719 0.0546875 0.0484375
0 0.374219 0.559375 0.0546875 0.06875
0 0.847656 0.379687 0.0609375 0.065625
0 0.5875 0.466406 0.05625 0.0765625
0 0.447656 0.324219 0.0609375 0.0953125
0 0.685156 0.516406 0.0546875 0.0609375
0 0.609375 0.2125 0.05625 0.090625
0 0.311719 0.463281 0.0609375 0.0703125
0 0.165625 0.260938 0.065625 0.071875
0 0.223438 0.630469 0.059375 0.0609375
0 0.639063 0.501562 0.05625 0.059375
0 0.265625 0.417188 0.071875 0.059375
0 0.407031 0.426562 0.0546875 0.075
0 0.889063 0.480469 0.053125 0.0640625
0 0.590625 0.607813 0.053125 0.0625
0 0.4875 0.619531 0.05625 0.0609375
0 0.210938 0.360938 0.065625 0.078125
0 0.226562 0.285937 0.078125 0.08125
0 0.421094 0.178906 0.0796875 0.110937
0 0.269531 0.599219 0.0578125 0.0609375
0 0.24375 0.497656 0.053125 0.0828125
0 0.575 0.542969 0.053125 0.0671875
0 0.492188 0.679688 0.059375 0.065625
0 0.326562 0.28125 0.071875 0.103125
0 0.163281 0.513281 0.0578125 0.0953125
0 0.628906 0.557031 0.0578125 0.0640625
0 0.7375 0.367969 0.065625 0.0859375
0 0.496094 0.54375 0.0578125 0.06875
0 0.914062 0.267188 0.0625 0.090625
0 0.780469 0.46875 0.0671875 0.059375
0 0.6625 0.364844 0.065625 0.0859375
0 0.274219 0.107031 0.0859375 0.114063
0 0.371094 0.491406 0.0609375 0.0671875
0 0.190625 0.44375 0.0625 0.084375
0 0.394531 0.253906 0.0765625 0.101562
0 0.132812 0.429688 0.06875 0.071875
0 0.476562 0.241406 0.06875 0.104687
0 0.596875 0.383594 0.0625 0.0796875
0 0.435156 0.650781 0.0515625 0.0640625
0 0.541406 0.639844 0.0484375 0.0640625
0 0.3375 0.183594 0.071875 0.0953125
0 0.842969 0.4375 0.0640625 0.059375
0 0.653906 0.442969 0.0609375 0.0765625
0 0.392969 0.692187 0.0546875 0.06875
0 0.528906 0.585938 0.0515625 0.059375
0 0.792188 0.202344 0.071875 0.104687
0 0.530469 0.348437 0.0640625 0.0875
0 0.33125 0.660156 0.059375 0.0671875
0 0.7625 0.114063 0.075 0.1
0 0.553125 0.25625 0.08125 0.1
0 0.713281 0.173438 0.0828125 0.103125
0 0.748438 0.28125 0.078125 0.0875
0 0.708594 0.447656 0.0546875 0.0734375
0 0.464844 0.401563 0.0734375 0.09375
0 0.429688 0.542188 0.059375 0.075
0 0.532812 0.492188 0.0625 0.06875
0 0.807031 0.330469 0.0734375 0.0921875
0 0.514844 0.0875 0.0828125 0.109375
0 0.545313 0.157813 0.08125 0.10625
0 0.855469 0.255469 0.0828125 0.114063
0 0.91875 0.41875 0.06875 0.08125
0 0.628906 0.110156 0.0796875 0.117188
0 0.196094 0.192188 0.0765625 0.10625
0 0.35 0.421094 0.06875 0.0765625
0 0.782812 0.409375 0.06875 0.084375
0 0.135937 0.353906 0.08125 0.0953125
0 0.217969 0.56875 0.0640625 0.071875
0 0.596875 0.30625 0.075 0.09375
0 0.269531 0.217969 0.0765625 0.107813
0 0.672656 0.271875 0.0765625 0.0875
