0 0.692969 0.705469 0.0421875 0.0390625
0 0.529688 0.741406 0.03125 0.0390625
0 0.696875 0.625 0.028125 0.04375
0 0.457812 0.886719 0.03125 0.0359375
0 0.380469 0.807031 0.0328125 0.0390625
0 0.24375 0.242969 0.0375 0.0421875
0 0.576563 0.879687 0.040625 0.05625
0 0.363281 0.558594 0.0453125 0.0546875
0 0.760156 0.755469 0.0328125 0.0359375
0 0.30625 0.802344 0.04375 0.0578125
0 0.439844 0.605469 0.0328125 0.0421875
0 0.725781 0.6125 0.0328125 0.040625
0 0.285937 0.853906 0.028125 0.0453125
0 0.626562 0.8 0.040625 0.05
0 0.477344 0.853125 0.0390625 0.04375
0 0.313281 0.116406 0.0484375 0.0765625
0 0.65625 0.78125 0.0375 0.040625
0 0.376563 0.432813 0.040625 0.05
0 0.55 0.711719 0.040625 0.0578125
0 0.534375 0.354688 0.05 0.065625
0 0.649219 0.291406 0.0484375 0.0640625
0 0.375 0.385938 0.046875 0.0625
0 0.274219 0.530469 0.0515625 0.0640625
0 0.822656 0.472656 0.0359375 0.0515625
0 0.477344 0.716406 0.0453125 0.0546875
0 0.246875 0.658594 0.04375 0.0671875
0 0.780469 0.578125 0.0421875 0.05625
0 0.577344 0.771094 0.0453125 0.0546875
0 0.84375 0.420312 0.04375 0.05625
0 0.525781 0.617188 0.0359375 0.053125
0 0.622656 0.414062 0.0359375 0.05625
0 0.26875 0.435937 0.053125 0.084375
0 0.798437 0.592188 0.034375 0.046875
0 0.320312 0.849219 0.040625 0.0578125
0 0.767187 0.398438 0.040625 0.059375
0 0.383594 0.733594 0.0484375 0.0640625
0 0.789844 0.295312 0.0484375 0.0625
0 0.534375 0.847656 0.040625 0.0578125
0 0.7625 0.514844 0.034375 0.0453125
0 0.635156 0.351562 0.0421875 0.059375
0 0.429688 0.196094 0.040625 0.0546875
0 0.207031 0.63125 0.0578125 0.0625
0 0.449219 0.288281 0.0421875 0.0609375
0 0.374219 0.626562 0.0546875 0.05625
0 0.223438 0.736719 0.05 0.0609375
0 0.575781 0.671875 0.0359375 0.05625
0 0.778906 0.640625 0.0390625 0.04375
0 0.211719 0.488281 0.0578125 0.0671875
0 0.732813 0.652344 0.034375 0.0453125
0 0.59375 0.425 0.046875 0.059375
0 0.325 0.660156 0.05 0.0671875
0 0.325781 0.520312 0.0546875 0.0625
0 0.621094 0.721875 0.0421875 0.053125
0 0.698438 0.232812 0.046875 0.059375
0 0.582031 0.810156 0.0359375 0.0453125
0 0.804688 0.324219 0.03125 0.0515625
0 0.796094 0.466406 0.0390625 0.0515625
0 0.659375 0.450781 0.04375 0.0609375
0 0.334375 0.463281 0.053125 0.0640625
0 0.401563 0.14375 0.046875 0.05625
0 0.439844 0.734375 0.0515625 0.0625
0 0.739062 0.567969 0.0375 0.0546875
0 0.334375 0.200781 0.046875 0.0609375
0 0.375781 0.860937 0.0515625 0.0625
0 0.671875 0.746875 0.0375 0.04375
0 0.265625 0.271094 0.053125 0.0671875
0 0.519531 0.502344 0.0390625 0.0578125
0 0.450781 0.557031 0.0421875 0.0546875
0 0.784375 0.417188 0.0375 0.05
0 0.703125 0.564844 0.040625 0.0515625
0 0.278125 0.69375 0.05 0.0625
0 0.714063 0.291406 0.0375 0.0578125
0 0.708594 0.660156 0.0296875 0.0515625
0 0.617969 0.604688 0.0359375 0.05625
0 0.540625 0.413281 0.040625 0.0578125
0 0.309375 0.750781 0.046875 0.0578125
0 0.475781 0.233594 0.0421875 0.0671875
0 0.675781 0.608594 0.0421875 0.0515625
0 0.415625 0.649219 0.04375 0.0578125
0 0.383594 0.689062 0.0484375 0.059375
0 0.766406 0.461719 0.0359375 0.0515625
0 0.186719 0.339844 0.0546875 0.0640625
0 0.452344 0.502344 0.0453125 0.0609375
0 0.644531 0.635156 0.0359375 0.0546875
0 0.415625 0.376563 0.05 0.06875
0 0.214844 0.555469 0.0578125 0.0578125
0 0.721875 0.377344 0.04375 0.0609375
0 0.658594 0.580469 0.0390625 0.0578125
0 0.285937 0.352344 0.0625 0.0671875
0 0.285156 0.63125 0.0484375 0.065625
0 0.6 0.542188 0.040625 0.05
0 0.232031 0.328125 0.0546875 0.071875
0 0.322656 0.404687 0.0484375 0.065625
0 0.557031 0.300781 0.0421875 0.0640625
0 0.60625 0.314063 0.04375 0.0625
0 0.514844 0.457031 0.0453125 0.0546875
0 0.684375 0.679688 0.0375 0.05
0 0.503125 0.798437 0.04375 0.053125
0 0.592188 0.246875 0.046875 0.0625
0 0.415625 0.821094 0.04375 0.0546875
0 0.492969 0.616406 0.0453125 0.0609375
0 0.653906 0.709375 0.0390625 0.053125
0 0.26875 0.791406 0.046875 0.0609375
0 0.748438 0.253906 0.04375 0.0609375
0 0.511719 0.292969 0.0484375 0.0640625
0 0.567187 0.183594 0.04375 0.0578125
0 0.722656 0.515625 0.0421875 0.05625
0 0.409375 0.586719 0.05 0.0640625
0 0.629687 0.517969 0.04375 0.0609375
0 0.783594 0.367969 0.0359375 0.0546875
0 0.591406 0.620313 0.0421875 0.05625
0 0.329688 0.594531 0.05 0.0609375
0 0.542188 0.796094 0.046875 0.0546875
0 0.819531 0.367969 0.0390625 0.0578125
0 0.384375 0.4875 0.05 0.065625
0 0.492969 0.504687 0.0453125 0.0625
0 0.207031 0.410156 0.0546875 0.0703125
0 0.553906 0.465625 0.0421875 0.05625
0 0.596875 0.369531 0.040625 0.0578125
0 0.560156 0.519531 0.0453125 0.0609375
0 0.421094 0.435937 0.0484375 0.065625
0 0.538281 0.244531 0.0453125 0.0609375
0 0.609375 0.182031 0.046875 0.0640625
0 0.582812 0.71875 0.0375 0.053125
0 0.470313 0.828125 0.04375 0.05625
0 0.438281 0.866406 0.0421875 0.0578125
0 0.369531 0.107031 0.0515625 0.0703125
0 0.617969 0.672656 0.0421875 0.0546875
0 0.417188 0.763281 0.040625 0.0515625
0 0.651563 0.233594 0.05 0.0640625
0 0.470313 0.44375 0.04375 0.059375
0 0.567187 0.360156 0.040625 0.0609375
0 0.546094 0.655469 0.0453125 0.0578125
0 0.492969 0.553125 0.0453125 0.053125
0 0.35625 0.791406 0.046875 0.0546875
0 0.745313 0.333594 0.046875 0.0609375
0 0.708594 0.174219 0.0390625 0.0609375
0 0.45625 0.399219 0.04375 0.0609375
0 0.504687 0.403125 0.04375 0.05625
0 0.408594 0.5375 0.0484375 0.0625
0 0.25625 0.582031 0.053125 0.0609375
0 0.692969 0.425 0.0390625 0.059375
0 0.56875 0.56875 0.040625 0.053125
0 0.532812 0.557813 0.046875 0.0625
0 0.61875 0.463281 0.0375 0.0546875
0 0.692187 0.341406 0.040625 0.0546875
0 0.454688 0.65625 0.046875 0.059375
0 0.803906 0.542969 0.0359375 0.0484375
0 0.503906 0.673437 0.0484375 0.059375
0 0.492969 0.903125 0.0421875 0.05
0 0.667188 0.378906 0.0375 0.0515625
0 0.492188 0.746875 0.04375 0.053125
0 0.395312 0.185937 0.05 0.06875
0 0.732031 0.425 0.0390625 0.05625
0 0.379687 0.314063 0.046875 0.0625
0 0.692187 0.479688 0.040625 0.053125
0 0.667188 0.521094 0.0375 0.0546875
0 0.403906 0.265625 0.0484375 0.0625
0 0.48125 0.347656 0.046875 0.0640625
