0 0.525 0.85 0.040625 0.053125
0 0.4125 0.921875 0.0375 0.05
0 0.449219 0.800781 0.0390625 0.0515625
0 0.538281 0.299219 0.0421875 0.0578125
0 0.386719 0.325781 0.0421875 0.0578125
0 0.310156 0.638281 0.0359375 0.0421875
0 0.473437 0.5375 0.034375 0.059375
0 0.302344 0.588281 0.0484375 0.0578125
0 0.573438 0.535156 0.04375 0.0609375
0 0.501562 0.274219 0.046875 0.0609375
0 0.289844 0.682813 0.0421875 0.059375
0 0.724219 0.249219 0.0328125 0.0578125
0 0.671094 0.0992187 0.0421875 0.0640625
0 0.625781 0.535156 0.0453125 0.0578125
0 0.4375 0.969531 0.0375 0.0515625
0 0.652344 0.492188 0.0421875 0.053125
0 0.683594 0.160156 0.0484375 0.0640625
0 0.448438 0.904688 0.04375 0.053125
0 0.734375 0.380469 0.040625 0.0609375
0 0.289062 0.524219 0.046875 0.0609375
0 0.303125 0.475 0.046875 0.059375
0 0.521094 0.752344 0.0390625 0.0546875
0 0.346875 0.517187 0.0375 0.05625
0 0.53125 0.703906 0.04375 0.0546875
0 0.614062 0.348437 0.040625 0.05625
0 0.383594 0.524219 0.0453125 0.0546875
0 0.597656 0.577344 0.0421875 0.0578125
0 0.559375 0.241406 0.046875 0.0578125
0 0.653906 0.232812 0.0453125 0.059375
0 0.352344 0.735937 0.0484375 0.059375
0 0.389844 0.745313 0.0453125 0.059375
0 0.332031 0.857031 0.0453125 0.0609375
0 0.571875 0.14375 0.04375 0.053125
0 0.308594 0.740625 0.0390625 0.053125
0 0.576563 0.857813 0.046875 0.05625
0 0.642187 0.183594 0.040625 0.0609375
0 0.520312 0.940625 0.04375 0.05625
0 0.535937 0.641406 0.040625 0.0640625
0 0.478125 0.853125 0.040625 0.053125
0 0.492188 0.916406 0.046875 0.0609375
0 0.415625 0.683594 0.040625 0.0546875
0 0.553125 0.576563 0.040625 0.053125
0 0.63125 0.394531 0.040625 0.0546875
0 0.632031 0.289844 0.0421875 0.0578125
0 0.323438 0.680469 0.0375 0.0578125
0 0.553125 0.407813 0.04375 0.05625
0 0.714844 0.328906 0.0421875 0.0578125
0 0.401563 0.632812 0.046875 0.059375
0 0.539062 0.170312 0.040625 0.053125
0 0.378125 0.678906 0.0375 0.0546875
0 0.452344 0.585156 0.0421875 0.0515625
0 0.380469 0.867188 0.0390625 0.05625
0 0.519531 0.353906 0.0421875 0.0609375
0 0.357031 0.790625 0.0390625 0.05625
0 0.409375 0.265625 0.04375 0.059375
0 0.430469 0.740625 0.0390625 0.05625
0 0.372656 0.372656 0.0390625 0.0578125
0 0.582031 0.188281 0.0453125 0.0609375
0 0.577344 0.454688 0.0421875 0.05625
0 0.580469 0.296094 0.0390625 0.0578125
0 0.320312 0.803906 0.040625 0.0546875
0 0.41875 0.367969 0.040625 0.0578125
0 0.502344 0.804688 0.0390625 0.05
0 0.664062 0.435156 0.0375 0.0578125
0 0.68125 0.380469 0.040625 0.0546875
0 0.657031 0.591406 0.0421875 0.0546875
0 0.354688 0.644531 0.040625 0.0578125
0 0.580469 0.639844 0.0421875 0.0546875
0 0.296094 0.404687 0.0453125 0.059375
0 0.355469 0.582031 0.0453125 0.0546875
0 0.676562 0.542188 0.04375 0.0625
0 0.469531 0.753125 0.0390625 0.05625
0 0.34375 0.316406 0.04375 0.0609375
0 0.660156 0.332031 0.0453125 0.0609375
0 0.520312 0.219531 0.04375 0.0609375
0 0.569531 0.691406 0.0421875 0.0578125
0 0.367188 0.465625 0.04375 0.059375
0 0.453125 0.44375 0.04375 0.05625
0 0.420312 0.489062 0.04375 0.059375
0 0.494531 0.39375 0.0421875 0.059375
0 0.567187 0.346875 0.040625 0.05625
0 0.453125 0.700781 0.04375 0.0578125
0 0.48125 0.965625 0.04375 0.05625
0 0.628125 0.632812 0.05 0.059375
0 0.705469 0.428906 0.0421875 0.0515625
0 0.594531 0.79375 0.0453125 0.059375
0 0.55625 0.8875 0.040625 0.046875
0 0.342969 0.417969 0.0421875 0.0609375
0 0.620313 0.142969 0.04375 0.0578125
0 0.492969 0.667188 0.0421875 0.05625
0 0.394531 0.570312 0.0421875 0.05625
0 0.430469 0.854688 0.0421875 0.05625
0 0.507812 0.555469 0.04375 0.0578125
0 0.432813 0.319531 0.046875 0.0453125
0 0.428906 0.542969 0.0390625 0.0515625
0 0.569531 0.742969 0.0421875 0.0546875
0 0.44375 0.640625 0.04375 0.059375
0 0.545313 0.805469 0.040625 0.0546875
0 0.603906 0.492969 0.0390625 0.0546875
0 0.405469 0.80625 0.0421875 0.05625
0 0.4 0.417188 0.04375 0.059375
0 0.61875 0.682813 0.04375 0.059375
0 0.616406 0.74375 0.0421875 0.05625
0 0.604688 0.242188 0.040625 0.05625
0 0.69375 0.225 0.04375 0.05625
0 0.69375 0.473437 0.04375 0.059375
0 0.692969 0.274219 0.0453125 0.0546875
0 0.328906 0.367969 0.0421875 0.0546875
0 0.546094 0.501562 0.0453125 0.05
0 0.492969 0.49375 0.0421875 0.05625
0 0.592969 0.392969 0.0421875 0.0546875
0 0.732031 0.185156 0.0484375 0.0640625
0 0.516406 0.447656 0.0453125 0.0609375
0 0.479688 0.210156 0.04375 0.0609375
0 0.615625 0.436719 0.04375 0.0578125
0 0.482031 0.321875 0.0453125 0.0625
0 0.495313 0.60625 0.04375 0.05625
0 0.45625 0.260938 0.05 0.065625
0 0.455469 0.385156 0.0421875 0.0609375
