0 0.375 0.575781 0.053125 0.0609375
0 0.601562 0.378125 0.06875 0.090625
0 0.227344 0.539844 0.0421875 0.0578125
0 0.203906 0.557031 0.0390625 0.0546875
0 0.703125 0.45 0.071875 0.075
0 0.257031 0.511719 0.0578125 0.0734375
0 0.550781 0.446094 0.0578125 0.0734375
0 0.450781 0.597656 0.0578125 0.0671875
0 0.246094 0.610937 0.0484375 0.053125
0 0.330469 0.475781 0.0609375 0.0796875
0 0.776563 0.877344 0.059375 0.0609375
0 0.828906 0.799219 0.0609375 0.0703125
0 0.61875 0.744531 0.053125 0.0796875
0 0.824219 0.721875 0.0734375 0.075
0 0.525 0.602344 0.0625 0.0703125
0 0.196875 0.341406 0.05 0.0734375
0 0.747656 0.545313 0.0640625 0.053125
0 0.449219 0.790625 0.0546875 0.06875
0 0.347656 0.182812 0.0515625 0.075
0 0.2875 0.295312 0.046875 0.071875
0 0.497656 0.449219 0.0546875 0.0859375
0 0.258594 0.786719 0.0546875 0.0609375
0 0.267188 0.578906 0.053125 0.0703125
0 0.328125 0.764844 0.05 0.0609375
0 0.826563 0.658594 0.0625 0.0734375
0 0.752344 0.709375 0.0609375 0.08125
0 0.244531 0.435156 0.0453125 0.0609375
0 0.286719 0.219531 0.0484375 0.0765625
0 0.314063 0.719531 0.053125 0.0671875
0 0.448438 0.358594 0.06875 0.0859375
0 0.184375 0.507812 0.053125 0.065625
0 0.435937 0.542188 0.0625 0.075
0 0.561719 0.222656 0.0609375 0.0796875
0 0.33125 0.573438 0.05 0.06875
0 0.333594 0.29375 0.0578125 0.090625
0 0.249219 0.376563 0.0578125 0.075
0 0.292188 0.419531 0.05 0.0765625
0 0.834375 0.414844 0.065625 0.0828125
0 0.434375 0.696094 0.05625 0.0578125
0 0.635156 0.563281 0.0640625 0.0765625
0 0.691406 0.692187 0.0609375 0.065625
0 0.610156 0.667969 0.0578125 0.0765625
0 0.764844 0.49375 0.0703125 0.078125
0 0.317187 0.367188 0.059375 0.071875
0 0.250781 0.714844 0.0578125 0.0640625
0 0.398438 0.160156 0.059375 0.0796875
0 0.713281 0.772656 0.0640625 0.0640625
0 0.884375 0.388281 0.059375 0.0984375
0 0.232812 0.228906 0.05625 0.0671875
0 0.767187 0.634375 0.0625 0.071875
0 0.480469 0.675 0.0578125 0.075
0 0.382812 0.5 0.05 0.071875
0 0.460156 0.139844 0.0640625 0.0890625
0 0.878906 0.677344 0.0671875 0.0859375
0 0.639844 0.80625 0.0609375 0.071875
0 0.534375 0.373437 0.065625 0.08125
0 0.705469 0.625781 0.0703125 0.0765625
0 0.189844 0.43125 0.0578125 0.06875
0 0.766406 0.402344 0.0703125 0.0796875
0 0.617969 0.488281 0.0765625 0.0765625
0 0.523438 0.796094 0.05625 0.0609375
0 0.78125 0.292188 0.06875 0.084375
0 0.767969 0.225 0.0734375 0.09375
0 0.377344 0.700781 0.0578125 0.0640625
0 0.494531 0.2125 0.0671875 0.0875
0 0.392969 0.253125 0.0703125 0.096875
0 0.40625 0.6375 0.05625 0.075
0 0.6625 0.374219 0.06875 0.0890625
0 0.582812 0.782812 0.053125 0.06875
0 0.429688 0.445312 0.059375 0.078125
0 0.189063 0.682813 0.05625 0.065625
0 0.217187 0.742969 0.05 0.0609375
0 0.358594 0.636719 0.0515625 0.0703125
0 0.554688 0.725 0.05625 0.075
0 0.770312 0.778125 0.059375 0.075
0 0.829687 0.31875 0.065625 0.090625
0 0.58125 0.599219 0.0625 0.0765625
0 0.691406 0.523438 0.0671875 0.075
0 0.296875 0.65625 0.053125 0.06875
0 0.705469 0.836719 0.0578125 0.0703125
0 0.555469 0.544531 0.0609375 0.0734375
0 0.65625 0.216406 0.065625 0.0859375
0 0.604688 0.297656 0.08125 0.101562
0 0.905469 0.592969 0.0796875 0.0984375
0 0.449219 0.280469 0.0671875 0.0828125
0 0.496875 0.540625 0.0625 0.071875
0 0.823438 0.56875 0.071875 0.084375
0 0.896875 0.48125 0.078125 0.0875
0 0.49375 0.741406 0.05625 0.0703125
0 0.376563 0.778125 0.053125 0.065625
0 0.38125 0.34375 0.06875 0.103125
0 0.555469 0.144531 0.0671875 0.0984375
0 0.372656 0.41875 0.0578125 0.084375
0 0.708594 0.3 0.0796875 0.096875
0 0.509375 0.296875 0.075 0.096875
