0 0.292188 0.376563 0.025 0.05
0 0.678125 0.889844 0.028125 0.0359375
0 0.803125 0.314063 0.05625 0.05625
0 0.774219 0.8 0.0484375 0.059375
0 0.194531 0.417969 0.0515625 0.0703125
0 0.200781 0.319531 0.0359375 0.0453125
0 0.499219 0.873438 0.0515625 0.06875
0 0.354688 0.348437 0.034375 0.05
0 0.269531 0.467969 0.0328125 0.0515625
0 0.471094 0.591406 0.0328125 0.0546875
0 0.325781 0.754687 0.0390625 0.05625
0 0.238281 0.336719 0.0359375 0.0453125
0 0.850781 0.489062 0.0484375 0.053125
0 0.341406 0.380469 0.0453125 0.0609375
0 0.146094 0.455469 0.0515625 0.0703125
0 0.577344 0.335938 0.0453125 0.05625
0 0.454688 0.314063 0.05 0.065625
0 0.117188 0.554688 0.0375 0.046875
0 0.735937 0.363281 0.040625 0.0515625
0 0.510938 0.791406 0.040625 0.0640625
0 0.400781 0.390625 0.0453125 0.05625
0 0.722656 0.499219 0.0453125 0.0640625
0 0.761719 0.473437 0.0421875 0.059375
0 0.192188 0.363281 0.04375 0.0578125
0 0.2875 0.255469 0.04375 0.0671875
0 0.386719 0.817187 0.0421875 0.059375
0 0.426562 0.613281 0.05 0.0578125
0 0.411719 0.560156 0.0453125 0.0515625
0 0.801562 0.653125 0.046875 0.053125
0 0.142188 0.51875 0.04375 0.05
0 0.598437 0.225 0.04375 0.05625
0 0.609375 0.896875 0.05 0.06875
0 0.130469 0.401563 0.0484375 0.05625
0 0.238281 0.380469 0.0484375 0.0640625
0 0.397656 0.327344 0.0453125 0.0640625
0 0.6375 0.460938 0.046875 0.059375
0 0.885938 0.597656 0.046875 0.0609375
0 0.684375 0.826563 0.046875 0.0625
0 0.408594 0.660937 0.0453125 0.059375
0 0.696875 0.760156 0.046875 0.0640625
0 0.498437 0.421875 0.0375 0.05625
0 0.475 0.821875 0.053125 0.065625
0 0.457031 0.86875 0.0390625 0.059375
0 0.253906 0.665625 0.0453125 0.059375
0 0.384375 0.764844 0.040625 0.0578125
0 0.551562 0.616406 0.04375 0.0546875
0 0.814062 0.76875 0.04375 0.06875
0 0.242969 0.515625 0.0546875 0.05625
0 0.84375 0.545313 0.05 0.0625
0 0.330469 0.240625 0.0453125 0.05625
0 0.596875 0.303906 0.040625 0.0515625
0 0.884375 0.248437 0.046875 0.0625
0 0.585156 0.575781 0.0453125 0.0640625
0 0.747656 0.654688 0.0453125 0.0625
0 0.372656 0.516406 0.0484375 0.0609375
0 0.326562 0.566406 0.046875 0.0609375
0 0.351562 0.777344 0.040625 0.0578125
0 0.810156 0.375781 0.0453125 0.0609375
0 0.876562 0.30625 0.046875 0.059375
0 0.597656 0.760938 0.0421875 0.0625
0 0.690625 0.399219 0.0375 0.0515625
0 0.217969 0.271875 0.0484375 0.059375
0 0.638281 0.253906 0.0390625 0.0484375
0 0.720312 0.864062 0.046875 0.065625
0 0.359375 0.588281 0.04375 0.0640625
0 0.199219 0.58125 0.0421875 0.0625
0 0.56875 0.902344 0.040625 0.0609375
0 0.277344 0.599219 0.0453125 0.0609375
0 0.625 0.342969 0.046875 0.0640625
0 0.803906 0.242188 0.0453125 0.059375
0 0.621875 0.602344 0.04375 0.0578125
0 0.279687 0.417969 0.040625 0.0578125
0 0.532031 0.377344 0.0484375 0.0671875
0 0.204688 0.529688 0.040625 0.05
0 0.928906 0.536719 0.0515625 0.0640625
0 0.234375 0.569531 0.046875 0.0640625
0 0.878906 0.415625 0.0484375 0.059375
0 0.447656 0.378906 0.0390625 0.0515625
0 0.347656 0.46875 0.0453125 0.065625
0 0.295312 0.323438 0.040625 0.0625
0 0.495313 0.301562 0.040625 0.059375
0 0.361719 0.653125 0.0421875 0.053125
0 0.342187 0.721875 0.046875 0.059375
0 0.467187 0.646875 0.04375 0.059375
0 0.740625 0.754687 0.046875 0.059375
0 0.804688 0.495313 0.046875 0.0625
0 0.758594 0.414844 0.0453125 0.0609375
0 0.278906 0.725 0.0453125 0.0625
0 0.842969 0.607031 0.0515625 0.0640625
0 0.907812 0.357812 0.05 0.0625
0 0.314844 0.621094 0.0453125 0.0578125
0 0.430469 0.489844 0.0453125 0.0578125
0 0.653906 0.871094 0.0515625 0.0640625
0 0.301562 0.494531 0.046875 0.0609375
0 0.767187 0.713281 0.046875 0.0609375
0 0.43125 0.275781 0.04375 0.0578125
0 0.696875 0.553906 0.040625 0.0609375
0 0.434375 0.757812 0.04375 0.0625
0 0.727344 0.434375 0.0453125 0.05625
0 0.491406 0.471094 0.0453125 0.0546875
0 0.671875 0.505469 0.05 0.0640625
0 0.955469 0.476562 0.0453125 0.0625
0 0.921094 0.421094 0.0453125 0.0609375
0 0.314063 0.429688 0.046875 0.059375
0 0.255469 0.302344 0.0390625 0.0546875
0 0.535156 0.444531 0.0453125 0.0578125
0 0.820312 0.178125 0.04375 0.059375
0 0.2875 0.542969 0.046875 0.0609375
0 0.383594 0.267969 0.0453125 0.0640625
0 0.56875 0.415625 0.05 0.05625
0 0.540625 0.494531 0.046875 0.0578125
0 0.580469 0.51875 0.0453125 0.053125
0 0.717969 0.317187 0.0453125 0.05625
0 0.555469 0.240625 0.0421875 0.05625
0 0.627344 0.802344 0.0453125 0.0609375
0 0.646875 0.292969 0.046875 0.0515625
0 0.719531 0.800781 0.0359375 0.0546875
0 0.542969 0.291406 0.0453125 0.0609375
0 0.507812 0.653906 0.0375 0.0546875
0 0.846875 0.717188 0.046875 0.0625
0 0.670313 0.332031 0.046875 0.0609375
0 0.432813 0.805469 0.040625 0.0578125
0 0.457812 0.522656 0.04375 0.0640625
0 0.830469 0.428125 0.0453125 0.059375
0 0.554688 0.803125 0.046875 0.059375
0 0.882812 0.535937 0.046875 0.0625
0 0.590625 0.466406 0.046875 0.0578125
0 0.566406 0.728906 0.0453125 0.0546875
0 0.20625 0.479688 0.046875 0.0625
0 0.394531 0.44375 0.0484375 0.059375
0 0.632812 0.65 0.040625 0.05625
0 0.620313 0.516406 0.04375 0.0609375
0 0.555469 0.853125 0.0421875 0.05625
0 0.75625 0.288281 0.046875 0.0609375
0 0.732031 0.555469 0.0421875 0.0578125
0 0.517969 0.70625 0.0453125 0.059375
0 0.505469 0.591406 0.0421875 0.0578125
0 0.670313 0.703906 0.040625 0.0546875
0 0.695312 0.664062 0.05 0.065625
0 0.492969 0.367969 0.0390625 0.0546875
0 0.624219 0.40625 0.0484375 0.065625
0 0.479688 0.69375 0.04375 0.053125
0 0.857031 0.196875 0.0453125 0.0625
0 0.680469 0.442969 0.0484375 0.0609375
0 0.332031 0.286719 0.0421875 0.0609375
0 0.503125 0.53125 0.046875 0.059375
0 0.546875 0.674219 0.05 0.0671875
0 0.382812 0.70625 0.040625 0.059375
0 0.317969 0.691406 0.0421875 0.0578125
0 0.644531 0.553125 0.0421875 0.05625
0 0.932031 0.267969 0.0421875 0.0578125
0 0.605469 0.701563 0.0453125 0.059375
0 0.432031 0.705469 0.0484375 0.0609375
0 0.492188 0.252344 0.040625 0.0546875
0 0.771094 0.616406 0.0484375 0.0609375
0 0.592188 0.829687 0.04375 0.053125
0 0.744531 0.226562 0.0453125 0.059375
0 0.71875 0.607813 0.046875 0.059375
0 0.708594 0.25 0.0421875 0.059375
0 0.44375 0.432031 0.04375 0.0578125
0 0.479688 0.760156 0.04375 0.0546875
0 0.907031 0.472656 0.0484375 0.0640625
0 0.857813 0.658594 0.05 0.0609375
0 0.682813 0.198437 0.046875 0.0625
0 0.628906 0.73125 0.0390625 0.05
0 0.782031 0.560156 0.0484375 0.0640625
0 0.719531 0.710938 0.0515625 0.0625
0 0.670313 0.610937 0.046875 0.065625
0 0.594531 0.647656 0.0421875 0.0578125
0 0.54375 0.559375 0.04375 0.0625
