0 0.823438 0.4 0.0375 0.053125
0 0.45 0.296094 0.034375 0.0578125
0 0.664062 0.519531 0.025 0.0359375
0 0.173438 0.785937 0.04375 0.05
0 0.75625 0.457031 0.040625 0.0546875
0 0.349219 0.613281 0.0421875 0.0484375
0 0.239063 0.586719 0.040625 0.0453125
0 0.524219 0.471094 0.0328125 0.0421875
0 0.873438 0.410156 0.034375 0.0484375
0 0.809375 0.648438 0.0375 0.040625
0 0.0484375 0.435937 0.04375 0.05
0 0.161719 0.577344 0.0359375 0.0484375
0 0.475 0.575781 0.040625 0.0484375
0 0.527344 0.5625 0.0390625 0.05
0 0.703906 0.4 0.0359375 0.04375
0 0.770312 0.613281 0.040625 0.0421875
0 0.482812 0.667969 0.034375 0.0390625
0 0.0601562 0.496875 0.0484375 0.059375
0 0.736719 0.335938 0.0359375 0.05
0 0.846875 0.411719 0.025 0.0453125
0 0.034375 0.688281 0.05 0.0640625
0 0.547656 0.229687 0.0390625 0.05625
0 0.326562 0.335938 0.040625 0.046875
0 0.375781 0.561719 0.0421875 0.0484375
0 0.6625 0.321875 0.04375 0.05625
0 0.834375 0.464063 0.04375 0.053125
0 0.423438 0.361719 0.0375 0.0609375
0 0.270312 0.601562 0.0375 0.053125
0 0.335938 0.559375 0.040625 0.040625
0 0.38125 0.394531 0.04375 0.0640625
0 0.335938 0.398438 0.046875 0.059375
0 0.844531 0.678125 0.0390625 0.05625
0 0.398438 0.613281 0.0375 0.0453125
0 0.510938 0.653125 0.0375 0.053125
0 0.824219 0.552344 0.0359375 0.0578125
0 0.720312 0.170312 0.040625 0.059375
0 0.109375 0.495313 0.04375 0.053125
0 0.327344 0.53125 0.0421875 0.040625
0 0.135937 0.386719 0.05 0.0671875
0 0.200781 0.657812 0.0515625 0.0625
0 0.603906 0.172656 0.0421875 0.0640625
0 0.663281 0.654688 0.0328125 0.05
0 0.146875 0.317969 0.046875 0.0640625
0 0.198437 0.567187 0.05 0.05
0 0.139062 0.451562 0.05 0.059375
0 0.674219 0.221094 0.0359375 0.0515625
0 0.115625 0.40625 0.040625 0.05625
0 0.288281 0.490625 0.0484375 0.059375
0 0.140625 0.525 0.053125 0.065625
0 0.792969 0.35625 0.0390625 0.05
0 0.220313 0.690625 0.04375 0.046875
0 0.473437 0.339844 0.040625 0.0609375
0 0.698438 0.358594 0.03125 0.0578125
0 0.432813 0.435937 0.04375 0.059375
0 0.596875 0.339063 0.040625 0.05625
0 0.515625 0.230469 0.0375 0.0546875
0 0.684375 0.689844 0.040625 0.0546875
0 0.710156 0.710938 0.0359375 0.053125
0 0.889844 0.496094 0.0328125 0.0421875
0 0.889844 0.451562 0.0359375 0.046875
0 0.785156 0.572656 0.0390625 0.0515625
0 0.760156 0.516406 0.0359375 0.0578125
0 0.496094 0.271094 0.0484375 0.0640625
0 0.678906 0.479688 0.0328125 0.053125
0 0.239844 0.728125 0.0421875 0.05
0 0.78125 0.294531 0.046875 0.0609375
0 0.592969 0.690625 0.0421875 0.05625
0 0.796094 0.692969 0.0328125 0.0515625
0 0.164062 0.415625 0.046875 0.0625
0 0.373437 0.709375 0.04375 0.05625
0 0.689062 0.270312 0.040625 0.059375
0 0.795313 0.436719 0.046875 0.0546875
0 0.74375 0.203125 0.0375 0.053125
0 0.0710938 0.649219 0.0453125 0.0609375
0 0.0796875 0.726562 0.04375 0.059375
0 0.615625 0.61875 0.040625 0.053125
0 0.392188 0.320312 0.040625 0.0625
0 0.639844 0.707812 0.0390625 0.05625
0 0.651563 0.380469 0.034375 0.0515625
0 0.246094 0.53125 0.0390625 0.059375
0 0.1375 0.75625 0.05 0.059375
0 0.794531 0.51875 0.0390625 0.059375
0 0.414062 0.582031 0.040625 0.0546875
0 0.714844 0.44375 0.0328125 0.053125
0 0.703125 0.635156 0.040625 0.0578125
0 0.0289063 0.742969 0.0515625 0.0640625
0 0.626562 0.659375 0.0375 0.046875
0 0.410937 0.528125 0.040625 0.059375
0 0.557031 0.321875 0.0421875 0.059375
0 0.607813 0.229687 0.0375 0.053125
0 0.346875 0.666406 0.040625 0.0578125
0 0.407813 0.6875 0.040625 0.059375
0 0.375 0.504687 0.040625 0.0625
0 0.59375 0.290625 0.040625 0.059375
0 0.539062 0.277344 0.046875 0.0609375
0 0.242969 0.764063 0.0421875 0.053125
0 0.303906 0.675 0.0453125 0.059375
0 0.730469 0.659375 0.0359375 0.05
0 0.0976562 0.442187 0.0421875 0.059375
0 0.75625 0.56875 0.0375 0.053125
0 0.707812 0.301562 0.034375 0.053125
0 0.117188 0.654688 0.046875 0.05625
0 0.625781 0.407813 0.0421875 0.05
0 0.369531 0.43125 0.0421875 0.053125
0 0.494531 0.378906 0.0421875 0.0578125
0 0.558594 0.392188 0.0421875 0.05625
0 0.333594 0.475 0.0453125 0.059375
0 0.746094 0.691406 0.0328125 0.0484375
0 0.322656 0.732031 0.0421875 0.0515625
0 0.282031 0.282813 0.0484375 0.0625
0 0.105469 0.35 0.0453125 0.059375
0 0.115625 0.704687 0.04375 0.053125
0 0.582812 0.524219 0.0375 0.0546875
0 0.53125 0.428125 0.04375 0.05625
0 0.755469 0.253906 0.0421875 0.0578125
0 0.764844 0.407813 0.0359375 0.053125
0 0.854688 0.495313 0.034375 0.05
0 0.0585938 0.325781 0.0484375 0.0640625
0 0.545313 0.658594 0.040625 0.0546875
0 0.23125 0.311719 0.05 0.0609375
0 0.670313 0.610156 0.040625 0.0515625
0 0.642969 0.233594 0.0359375 0.0578125
0 0.630469 0.28125 0.0390625 0.053125
0 0.540625 0.611719 0.0375 0.0546875
0 0.605469 0.455469 0.0359375 0.0515625
0 0.0453125 0.557031 0.05 0.0609375
0 0.691406 0.428906 0.0359375 0.0515625
0 0.642969 0.504687 0.0390625 0.05625
0 0.540625 0.51875 0.04375 0.059375
0 0.629687 0.570312 0.0375 0.04375
0 0.0671875 0.386719 0.05 0.0609375
0 0.45625 0.529688 0.0375 0.05
0 0.457031 0.689844 0.0421875 0.0609375
0 0.567187 0.617969 0.034375 0.0515625
0 0.494531 0.482031 0.0453125 0.0546875
0 0.698438 0.557031 0.04375 0.0546875
0 0.266406 0.658594 0.0421875 0.0515625
0 0.729688 0.519531 0.0375 0.0546875
0 0.646875 0.44375 0.040625 0.053125
0 0.572656 0.569531 0.0390625 0.0484375
0 0.48125 0.429688 0.040625 0.053125
0 0.0320312 0.615625 0.0546875 0.065625
0 0.657812 0.121094 0.046875 0.0609375
0 0.355469 0.302344 0.0453125 0.0609375
0 0.472656 0.630469 0.0421875 0.0546875
0 0.157813 0.632031 0.04375 0.0578125
0 0.490625 0.528906 0.0375 0.0484375
0 0.619531 0.533594 0.0328125 0.0484375
0 0.617188 0.1 0.040625 0.059375
0 0.15625 0.2625 0.05 0.0625
0 0.242969 0.40625 0.0421875 0.05625
0 0.169531 0.707031 0.0515625 0.0609375
0 0.303125 0.596875 0.04375 0.05625
0 0.444531 0.482031 0.0453125 0.0578125
0 0.280469 0.397656 0.0453125 0.0640625
0 0.717188 0.25 0.0375 0.05625
0 0.455469 0.397656 0.0390625 0.0546875
0 0.570312 0.447656 0.04375 0.0640625
0 0.432031 0.647656 0.0390625 0.0546875
