0 0.128125 0.302344 0.03125 0.0453125
0 0.661719 0.675 0.0390625 0.046875
0 0.275 0.326562 0.04375 0.0625
0 0.450781 0.769531 0.0484375 0.0703125
0 0.232812 0.695312 0.046875 0.065625
0 0.690625 0.325 0.04375 0.053125
0 0.474219 0.634375 0.0421875 0.04375
0 0.448438 0.410937 0.040625 0.053125
0 0.217187 0.338281 0.053125 0.0609375
0 0.608594 0.297656 0.0484375 0.0546875
0 0.410156 0.274219 0.0484375 0.0578125
0 0.767187 0.511719 0.05 0.0640625
0 0.274219 0.499219 0.0546875 0.0640625
0 0.253125 0.589844 0.05 0.0609375
0 0.56875 0.788281 0.034375 0.0484375
0 0.596875 0.426562 0.04375 0.059375
0 0.560156 0.317187 0.0453125 0.065625
0 0.228906 0.265625 0.0453125 0.0625
0 0.404687 0.166406 0.05 0.0734375
0 0.124219 0.414844 0.0453125 0.0671875
0 0.742188 0.403906 0.05 0.0640625
0 0.357031 0.541406 0.0484375 0.0578125
0 0.215625 0.491406 0.046875 0.0515625
0 0.4125 0.728906 0.04375 0.0546875
0 0.510156 0.534375 0.0484375 0.065625
0 0.5875 0.228125 0.046875 0.06875
0 0.235938 0.464063 0.053125 0.065625
0 0.184375 0.547656 0.040625 0.0578125
0 0.157813 0.586719 0.046875 0.0578125
0 0.334375 0.25 0.05 0.0625
0 0.598437 0.372656 0.05 0.0578125
0 0.510938 0.296094 0.046875 0.0640625
0 0.261719 0.271875 0.0484375 0.0625
0 0.750781 0.702344 0.0453125 0.0546875
0 0.390625 0.367969 0.05 0.0609375
0 0.55 0.192969 0.053125 0.0671875
0 0.56875 0.678125 0.04375 0.05
0 0.211719 0.380469 0.0453125 0.0515625
0 0.374219 0.316406 0.0515625 0.0671875
0 0.734375 0.6375 0.0375 0.059375
0 0.684375 0.761719 0.040625 0.0546875
0 0.484375 0.714063 0.046875 0.059375
0 0.485156 0.379687 0.0421875 0.059375
0 0.114063 0.555469 0.05 0.0640625
0 0.597656 0.595312 0.0453125 0.0625
0 0.321875 0.377344 0.05 0.0671875
0 0.686719 0.628125 0.0453125 0.059375
0 0.796094 0.396094 0.0484375 0.0609375
0 0.328906 0.685938 0.0453125 0.053125
0 0.690625 0.448438 0.05 0.0625
0 0.200781 0.608594 0.0515625 0.0640625
0 0.63125 0.239063 0.05 0.06875
0 0.310156 0.442969 0.0484375 0.0640625
0 0.771875 0.435937 0.046875 0.0625
0 0.724219 0.471875 0.0453125 0.059375
0 0.510156 0.65625 0.0421875 0.053125
0 0.535156 0.479688 0.0484375 0.0625
0 0.722656 0.522656 0.0421875 0.0578125
0 0.354688 0.422656 0.046875 0.0640625
0 0.44375 0.225781 0.05 0.0671875
0 0.109375 0.471875 0.05 0.0625
0 0.607813 0.759375 0.04375 0.0625
0 0.73125 0.576563 0.046875 0.05625
0 0.332812 0.307031 0.046875 0.0640625
0 0.640625 0.471875 0.053125 0.065625
0 0.621094 0.519531 0.0421875 0.0546875
0 0.591406 0.489062 0.0484375 0.059375
0 0.638281 0.567187 0.0421875 0.05
0 0.532812 0.775781 0.04375 0.0578125
0 0.494531 0.232812 0.0515625 0.065625
0 0.284375 0.561719 0.05 0.0640625
0 0.477344 0.178906 0.0484375 0.0640625
0 0.157813 0.280469 0.05 0.0640625
0 0.370313 0.692969 0.046875 0.0609375
0 0.617188 0.6625 0.04375 0.05625
0 0.153906 0.504687 0.0515625 0.065625
0 0.541406 0.567969 0.0421875 0.0546875
0 0.646875 0.791406 0.04375 0.0578125
0 0.469531 0.589844 0.0484375 0.0671875
0 0.433594 0.607031 0.0453125 0.0609375
0 0.48125 0.477344 0.040625 0.0609375
0 0.700781 0.68125 0.0453125 0.05625
0 0.707812 0.728906 0.040625 0.0546875
0 0.26875 0.403906 0.05 0.0671875
0 0.41875 0.528125 0.04375 0.059375
0 0.547656 0.254687 0.0515625 0.06875
0 0.567969 0.719531 0.0421875 0.0515625
0 0.439063 0.476562 0.05 0.0625
0 0.528906 0.358594 0.0515625 0.0640625
0 0.690625 0.378906 0.05 0.0578125
0 0.233594 0.528906 0.0453125 0.0546875
0 0.439844 0.353125 0.0515625 0.065625
0 0.328125 0.50625 0.053125 0.065625
0 0.644531 0.617188 0.0390625 0.05625
0 0.504687 0.596094 0.0375 0.0546875
0 0.325 0.59375 0.046875 0.065625
0 0.169531 0.445312 0.0515625 0.06875
0 0.296094 0.632812 0.0421875 0.0625
0 0.373437 0.504687 0.05 0.0625
0 0.603125 0.700781 0.040625 0.0515625
0 0.557031 0.41875 0.0453125 0.059375
0 0.657031 0.733594 0.0421875 0.0546875
0 0.441406 0.667969 0.0390625 0.0546875
0 0.58125 0.541406 0.04375 0.0546875
0 0.680469 0.571094 0.0421875 0.0546875
0 0.360156 0.61875 0.0421875 0.053125
0 0.13125 0.364062 0.05 0.0625
0 0.667188 0.2875 0.05 0.0625
0 0.513281 0.434375 0.0515625 0.0625
0 0.669531 0.528906 0.0484375 0.0546875
0 0.408594 0.435156 0.0484375 0.0671875
0 0.755469 0.348437 0.0515625 0.071875
0 0.400781 0.645312 0.0453125 0.059375
0 0.457812 0.298438 0.05 0.0625
0 0.546094 0.617969 0.0421875 0.0546875
0 0.640625 0.404687 0.046875 0.059375
0 0.528906 0.696875 0.0453125 0.053125
0 0.384375 0.582812 0.05 0.0625
0 0.644531 0.335938 0.0421875 0.0625
