0 0.551562 0.399219 0.046875 0.0546875
0 0.286719 0.750781 0.0453125 0.0546875
0 0.7 0.635938 0.046875 0.05
0 0.2375 0.904688 0.04375 0.059375
0 0.400781 0.725781 0.0484375 0.0609375
0 0.801562 0.661719 0.040625 0.0546875
0 0.399219 0.383594 0.0390625 0.0578125
0 0.724219 0.465625 0.0484375 0.059375
0 0.538281 0.6 0.0421875 0.05625
0 0.759375 0.767969 0.04375 0.0640625
0 0.232812 0.825 0.04375 0.053125
0 0.572656 0.457812 0.0484375 0.05625
0 0.6625 0.557031 0.046875 0.0671875
0 0.497656 0.5125 0.0484375 0.06875
0 0.160938 0.830469 0.053125 0.0578125
0 0.389062 0.55 0.046875 0.0625
0 0.690625 0.821875 0.046875 0.0625
0 0.78125 0.502344 0.04375 0.0609375
0 0.147656 0.690625 0.0421875 0.0625
0 0.289844 0.310937 0.0515625 0.05625
0 0.696094 0.332812 0.0484375 0.059375
0 0.185156 0.698438 0.0484375 0.065625
0 0.172656 0.539844 0.0453125 0.0671875
0 0.596875 0.78125 0.04375 0.065625
0 0.351562 0.385938 0.05 0.0625
0 0.1625 0.597656 0.04375 0.0546875
0 0.258594 0.632812 0.0453125 0.0625
0 0.179688 0.364844 0.046875 0.0640625
0 0.389844 0.317969 0.0453125 0.0671875
0 0.503906 0.423438 0.0515625 0.065625
0 0.228125 0.677344 0.04375 0.0609375
0 0.372656 0.826563 0.0453125 0.0625
0 0.328125 0.764844 0.046875 0.0609375
0 0.733594 0.382812 0.0484375 0.065625
0 0.325781 0.645312 0.0546875 0.065625
0 0.45 0.319531 0.05 0.0640625
0 0.619531 0.267969 0.0515625 0.0578125
0 0.523438 0.228906 0.05 0.0734375
0 0.800781 0.385938 0.0546875 0.065625
0 0.646875 0.339844 0.046875 0.0640625
0 0.403906 0.490625 0.0515625 0.059375
0 0.657812 0.220313 0.05 0.0625
0 0.667188 0.39375 0.05 0.059375
0 0.809375 0.458594 0.05 0.0640625
0 0.81875 0.521094 0.046875 0.0609375
0 0.680469 0.460938 0.0453125 0.065625
0 0.167187 0.744531 0.046875 0.0609375
0 0.567969 0.278906 0.0546875 0.0640625
0 0.616406 0.425781 0.0484375 0.0609375
0 0.227344 0.45625 0.0484375 0.0625
0 0.258594 0.801562 0.0453125 0.065625
0 0.422656 0.426562 0.0484375 0.06875
0 0.639844 0.780469 0.0484375 0.0640625
0 0.507812 0.296875 0.05 0.0625
0 0.2375 0.740625 0.046875 0.0625
0 0.3625 0.440625 0.053125 0.065625
0 0.599219 0.653125 0.0484375 0.0625
0 0.496875 0.360156 0.05 0.0671875
0 0.207813 0.778906 0.04375 0.0609375
0 0.221094 0.51875 0.0453125 0.0625
0 0.749219 0.25625 0.0515625 0.065625
0 0.499219 0.576563 0.0515625 0.06875
0 0.755469 0.55 0.0484375 0.0625
0 0.205469 0.413281 0.0453125 0.0640625
0 0.597656 0.364844 0.0515625 0.0703125
0 0.75625 0.677344 0.05 0.0640625
0 0.546094 0.340625 0.0453125 0.0625
0 0.284375 0.854688 0.04375 0.05625
0 0.380469 0.766406 0.0453125 0.0546875
0 0.74375 0.323438 0.05 0.059375
0 0.785156 0.720312 0.0484375 0.059375
0 0.342969 0.317969 0.0515625 0.0640625
0 0.430469 0.802344 0.0484375 0.0609375
0 0.663281 0.739844 0.0484375 0.0609375
0 0.545313 0.664062 0.05 0.0625
0 0.544531 0.802344 0.0453125 0.0609375
0 0.705469 0.69375 0.0421875 0.05625
0 0.282031 0.373437 0.0578125 0.06875
0 0.465625 0.455469 0.05 0.0640625
0 0.633594 0.603906 0.0453125 0.0609375
0 0.496875 0.730469 0.046875 0.0640625
0 0.771094 0.628125 0.0515625 0.0625
0 0.763281 0.432031 0.0484375 0.0578125
0 0.370313 0.615625 0.053125 0.065625
0 0.558594 0.725781 0.0484375 0.0671875
0 0.450781 0.380469 0.0484375 0.0609375
0 0.33125 0.705469 0.05 0.0640625
0 0.367969 0.666406 0.0453125 0.0609375
0 0.659375 0.665625 0.046875 0.0625
0 0.19375 0.482812 0.05 0.065625
0 0.195312 0.627344 0.04375 0.0578125
0 0.275781 0.467969 0.0484375 0.0640625
0 0.246094 0.396875 0.0453125 0.065625
0 0.633594 0.489062 0.0484375 0.0625
0 0.715625 0.771875 0.05 0.059375
0 0.251563 0.578906 0.053125 0.0671875
0 0.495313 0.788281 0.046875 0.0640625
0 0.211719 0.582031 0.0453125 0.0609375
0 0.455469 0.615625 0.0484375 0.0625
0 0.414062 0.667969 0.05 0.0640625
0 0.465625 0.683594 0.05625 0.0671875
0 0.5625 0.54375 0.053125 0.06875
0 0.610156 0.542969 0.0515625 0.0671875
0 0.44375 0.751562 0.05 0.0625
0 0.34375 0.560938 0.046875 0.0625
0 0.336719 0.504687 0.0515625 0.0625
0 0.582031 0.603906 0.0484375 0.0640625
0 0.703906 0.525 0.0484375 0.065625
0 0.307813 0.436719 0.05 0.0671875
0 0.498437 0.642969 0.053125 0.0671875
0 0.282031 0.683594 0.0421875 0.0578125
0 0.698438 0.267188 0.05 0.065625
0 0.305469 0.585938 0.0484375 0.065625
0 0.803125 0.579687 0.053125 0.065625
0 0.60625 0.710156 0.046875 0.0578125
0 0.30625 0.810156 0.046875 0.0609375
0 0.705469 0.589844 0.0546875 0.0671875
0 0.445312 0.557813 0.05 0.0625
0 0.294531 0.532031 0.0515625 0.0640625
