0 0.71875 0.472656 0.0375 0.0515625
0 0.689062 0.667969 0.034375 0.0453125
0 0.674219 0.221094 0.0359375 0.0421875
0 0.760938 0.517187 0.021875 0.025
0 0.639844 0.635938 0.0328125 0.05
0 0.733594 0.280469 0.0328125 0.0453125
0 0.629687 0.447656 0.0375 0.0546875
0 0.508594 0.282031 0.0296875 0.0578125
0 0.719531 0.43125 0.0328125 0.046875
0 0.816406 0.341406 0.0328125 0.0515625
0 0.349219 0.7 0.0484375 0.059375
0 0.739062 0.325781 0.03125 0.0515625
0 0.551562 0.414844 0.028125 0.0421875
0 0.639063 0.592969 0.03125 0.0515625
0 0.539062 0.221875 0.04375 0.05625
0 0.486719 0.221094 0.0359375 0.0515625
0 0.785937 0.478906 0.034375 0.0484375
0 0.194531 0.260938 0.0578125 0.059375
0 0.277344 0.650781 0.0484375 0.0546875
0 0.125781 0.539062 0.0578125 0.059375
0 0.435937 0.689062 0.034375 0.046875
0 0.476562 0.675 0.040625 0.05
0 0.457031 0.828906 0.0390625 0.0515625
0 0.695312 0.24375 0.028125 0.053125
0 0.335938 0.4125 0.05 0.059375
0 0.817187 0.441406 0.03125 0.0515625
0 0.65625 0.26875 0.0375 0.053125
0 0.771875 0.450781 0.03125 0.0453125
0 0.514063 0.166406 0.040625 0.0640625
0 0.539062 0.707812 0.034375 0.05
0 0.146094 0.460938 0.0609375 0.06875
0 0.778906 0.339844 0.0265625 0.0453125
0 0.391406 0.888281 0.0421875 0.0546875
0 0.29375 0.269531 0.053125 0.0734375
0 0.563281 0.667188 0.0390625 0.053125
0 0.285937 0.146094 0.046875 0.0671875
0 0.188281 0.513281 0.0578125 0.0640625
0 0.564062 0.182031 0.034375 0.0640625
0 0.707031 0.579687 0.0359375 0.046875
0 0.359375 0.578906 0.04375 0.0578125
0 0.203125 0.703125 0.05 0.059375
0 0.417188 0.465625 0.046875 0.059375
0 0.565625 0.251563 0.046875 0.059375
0 0.288281 0.548437 0.0484375 0.0625
0 0.0851562 0.303125 0.0609375 0.075
0 0.526563 0.763281 0.0375 0.0515625
0 0.310156 0.596875 0.0515625 0.05625
0 0.573438 0.347656 0.03125 0.0546875
0 0.546875 0.30625 0.05 0.0625
0 0.333594 0.09375 0.0453125 0.075
0 0.708594 0.525 0.0359375 0.053125
0 0.629687 0.73125 0.03125 0.05625
0 0.582812 0.574219 0.034375 0.0484375
0 0.776563 0.291406 0.034375 0.0515625
0 0.189063 0.182031 0.053125 0.0703125
0 0.679688 0.29375 0.034375 0.053125
0 0.432813 0.157813 0.04375 0.065625
0 0.3125 0.203125 0.05625 0.06875
0 0.599219 0.734375 0.0359375 0.053125
0 0.234375 0.121875 0.05625 0.08125
0 0.232031 0.580469 0.0515625 0.0640625
0 0.357812 0.752344 0.04375 0.0609375
0 0.467969 0.18125 0.0453125 0.06875
0 0.140625 0.371094 0.0625 0.0703125
0 0.316406 0.807813 0.0484375 0.05625
0 0.609375 0.688281 0.034375 0.0515625
0 0.113281 0.603125 0.0609375 0.06875
0 0.396094 0.278125 0.0453125 0.06875
0 0.669531 0.404687 0.0390625 0.053125
0 0.694531 0.617188 0.0296875 0.046875
0 0.446875 0.239063 0.040625 0.059375
0 0.260156 0.838281 0.0453125 0.0578125
0 0.2 0.345313 0.053125 0.059375
0 0.540625 0.599219 0.0375 0.0484375
0 0.757812 0.341406 0.03125 0.0484375
0 0.459375 0.723437 0.04375 0.05
0 0.357031 0.217969 0.0484375 0.0640625
0 0.242969 0.322656 0.0546875 0.0640625
0 0.146094 0.298438 0.0609375 0.078125
0 0.247656 0.697656 0.0453125 0.0609375
0 0.602344 0.385938 0.0421875 0.05625
0 0.219531 0.463281 0.0515625 0.0671875
0 0.447656 0.496094 0.0359375 0.0546875
0 0.752344 0.482031 0.0328125 0.0484375
0 0.691406 0.482812 0.0359375 0.053125
0 0.282813 0.407031 0.05 0.0578125
0 0.482031 0.300781 0.0421875 0.0640625
0 0.300781 0.485938 0.0546875 0.065625
0 0.671094 0.348437 0.0359375 0.053125
0 0.585938 0.296094 0.040625 0.0546875
0 0.296094 0.345313 0.0515625 0.071875
0 0.563281 0.754687 0.0390625 0.053125
0 0.642187 0.192188 0.0375 0.053125
0 0.75625 0.379687 0.03125 0.04375
0 0.414844 0.754687 0.0453125 0.059375
0 0.66875 0.600781 0.040625 0.0515625
0 0.621094 0.575 0.0359375 0.053125
0 0.246875 0.196875 0.053125 0.0625
0 0.545313 0.378906 0.04375 0.0578125
0 0.322656 0.657031 0.0453125 0.0640625
0 0.380469 0.151562 0.0546875 0.071875
0 0.501562 0.559375 0.040625 0.053125
0 0.464844 0.871875 0.0390625 0.05
0 0.484375 0.517969 0.04375 0.0609375
0 0.792188 0.410156 0.03125 0.0484375
0 0.496094 0.39375 0.0484375 0.065625
0 0.577344 0.621094 0.0359375 0.0515625
0 0.817969 0.391406 0.0296875 0.0484375
0 0.192969 0.41875 0.0515625 0.071875
0 0.754687 0.425781 0.03125 0.0484375
0 0.503125 0.628125 0.040625 0.05
0 0.644531 0.682813 0.0359375 0.05
0 0.507812 0.342187 0.04375 0.059375
0 0.169531 0.591406 0.0515625 0.0703125
0 0.395312 0.688281 0.04375 0.0609375
0 0.435937 0.630469 0.04375 0.0578125
0 0.4125 0.392969 0.04375 0.0578125
0 0.408594 0.217969 0.0484375 0.0671875
0 0.576563 0.704687 0.034375 0.053125
0 0.617969 0.628906 0.0390625 0.0515625
0 0.645312 0.544531 0.0375 0.0546875
0 0.396875 0.339063 0.04375 0.0625
0 0.657031 0.498437 0.0328125 0.05
0 0.357031 0.866406 0.0453125 0.0546875
0 0.504687 0.714844 0.040625 0.0515625
0 0.657031 0.453125 0.0328125 0.05
0 0.451562 0.429688 0.04375 0.059375
0 0.492969 0.755469 0.0359375 0.0515625
0 0.5625 0.470313 0.040625 0.053125
0 0.364844 0.802344 0.0453125 0.0578125
0 0.457031 0.769531 0.0421875 0.0546875
0 0.553906 0.514063 0.0390625 0.046875
0 0.45 0.569531 0.046875 0.0609375
0 0.352344 0.355469 0.0578125 0.0640625
0 0.528125 0.664844 0.040625 0.0546875
0 0.803906 0.291406 0.0328125 0.0484375
0 0.532031 0.445312 0.0421875 0.059375
0 0.495313 0.453906 0.04375 0.0578125
0 0.358594 0.627344 0.0421875 0.0578125
0 0.30625 0.703125 0.04375 0.053125
0 0.728125 0.377344 0.03125 0.0515625
0 0.232812 0.389844 0.05 0.0703125
0 0.227344 0.653906 0.0515625 0.0640625
0 0.378906 0.50625 0.0453125 0.05625
0 0.698438 0.38125 0.034375 0.05
0 0.40625 0.817969 0.04375 0.0578125
0 0.532812 0.554688 0.034375 0.05
0 0.24375 0.514063 0.05 0.065625
0 0.154687 0.689844 0.05 0.0640625
0 0.469531 0.603906 0.0390625 0.0546875
0 0.702344 0.336719 0.0328125 0.0484375
0 0.415625 0.538281 0.04375 0.0578125
0 0.357031 0.467187 0.0484375 0.0625
0 0.689062 0.430469 0.0375 0.0515625
0 0.604688 0.33125 0.034375 0.053125
0 0.604688 0.535937 0.034375 0.05
0 0.625 0.49375 0.034375 0.046875
0 0.441406 0.305469 0.0484375 0.0640625
0 0.591406 0.484375 0.0390625 0.053125
0 0.520312 0.503906 0.040625 0.0546875
0 0.346094 0.288281 0.0515625 0.0703125
0 0.589063 0.43125 0.040625 0.05625
0 0.3375 0.542969 0.053125 0.0671875
0 0.61875 0.261719 0.034375 0.0578125
0 0.642187 0.3875 0.0375 0.05625
0 0.220313 0.764063 0.053125 0.0625
0 0.380469 0.4125 0.0453125 0.0625
0 0.638281 0.330469 0.0359375 0.0546875
0 0.40625 0.597656 0.05 0.0578125
0 0.680469 0.551562 0.0359375 0.053125
0 0.457031 0.367969 0.0453125 0.0578125
0 0.282813 0.760156 0.053125 0.0671875
