0 0.773438 0.407031 0.040625 0.0578125
0 0.802344 0.178906 0.0484375 0.0640625
0 0.403906 0.358594 0.0546875 0.0515625
0 0.458594 0.142969 0.0359375 0.0484375
0 0.750781 0.224219 0.0515625 0.0640625
0 0.503125 0.514844 0.053125 0.0828125
0 0.1 0.155469 0.05625 0.0671875
0 0.909375 0.346875 0.05 0.05625
0 0.871094 0.48125 0.0421875 0.065625
0 0.842188 0.4 0.05 0.0625
0 0.730469 0.853906 0.0484375 0.0796875
0 0.600781 0.4375 0.0421875 0.071875
0 0.573438 0.786719 0.0375 0.0734375
0 0.295312 0.0773437 0.05625 0.0796875
0 0.3125 0.189063 0.05 0.071875
0 0.8875 0.636719 0.046875 0.0578125
0 0.807813 0.753906 0.05 0.0609375
0 0.45 0.758594 0.0625 0.0734375
0 0.5125 0.714063 0.059375 0.078125
0 0.528906 0.752344 0.0484375 0.0640625
0 0.772656 0.732031 0.0484375 0.0671875
0 0.474219 0.264844 0.0453125 0.0734375
0 0.511719 0.0398437 0.0484375 0.0734375
0 0.111719 0.340625 0.0515625 0.075
0 0.325781 0.783594 0.0609375 0.0828125
0 0.458594 0.0445312 0.0515625 0.0703125
0 0.728125 0.277344 0.05 0.0671875
0 0.698438 0.557031 0.05 0.0734375
0 0.390625 0.772656 0.05625 0.0890625
0 0.678906 0.864844 0.0515625 0.0734375
0 0.333594 0.349219 0.0453125 0.0640625
0 0.458594 0.195312 0.0421875 0.059375
0 0.714063 0.778125 0.05 0.071875
0 0.0507812 0.220313 0.0484375 0.096875
0 0.2 0.13125 0.059375 0.075
0 0.809375 0.622656 0.05 0.0640625
0 0.313281 0.484375 0.0609375 0.06875
0 0.372656 0.295312 0.0515625 0.0625
0 0.272656 0.139062 0.0484375 0.071875
0 0.402344 0.407813 0.0609375 0.065625
0 0.675781 0.728125 0.0484375 0.071875
0 0.519531 0.103906 0.0484375 0.0578125
0 0.461719 0.661719 0.0578125 0.0734375
0 0.263281 0.2375 0.0546875 0.075
0 0.224219 0.492188 0.0546875 0.0875
0 0.800781 0.38125 0.0453125 0.059375
0 0.450781 0.589844 0.0546875 0.0703125
0 0.725781 0.404687 0.0546875 0.075
0 0.263281 0.636719 0.0671875 0.0765625
0 0.551562 0.421875 0.046875 0.0625
0 0.691406 0.225 0.0546875 0.071875
0 0.667969 0.152344 0.0515625 0.0703125
0 0.739062 0.476562 0.05 0.06875
0 0.457812 0.405469 0.053125 0.0671875
0 0.607813 0.628906 0.05 0.0703125
0 0.533594 0.274219 0.0546875 0.0796875
0 0.432813 0.469531 0.04375 0.0796875
0 0.171875 0.202344 0.065625 0.0765625
0 0.340625 0.64375 0.053125 0.084375
0 0.707812 0.633594 0.053125 0.0765625
0 0.688281 0.488281 0.0515625 0.0765625
0 0.551562 0.58125 0.05625 0.071875
0 0.691406 0.315625 0.0515625 0.065625
0 0.383594 0.5 0.0546875 0.071875
0 0.578906 0.347656 0.0484375 0.0671875
0 0.757812 0.330469 0.053125 0.0734375
0 0.339844 0.420312 0.0546875 0.08125
0 0.852344 0.716406 0.0515625 0.0640625
0 0.566406 0.110156 0.0453125 0.0578125
0 0.592969 0.699219 0.0484375 0.0609375
0 0.405469 0.170312 0.0515625 0.065625
0 0.524219 0.354688 0.0578125 0.065625
0 0.328125 0.560938 0.05 0.078125
0 0.363281 0.105469 0.0515625 0.0734375
0 0.853906 0.339063 0.0515625 0.065625
0 0.846094 0.571094 0.0484375 0.0640625
0 0.75 0.542969 0.05 0.0671875
0 0.755469 0.794531 0.0515625 0.0671875
0 0.15625 0.277344 0.053125 0.0734375
0 0.764063 0.653125 0.046875 0.06875
0 0.550781 0.646875 0.0515625 0.0625
0 0.789844 0.491406 0.0515625 0.0640625
0 0.204688 0.408594 0.059375 0.0765625
0 0.5875 0.266406 0.046875 0.0703125
0 0.596094 0.541406 0.0484375 0.0703125
0 0.55 0.492969 0.05625 0.0640625
0 0.417969 0.09375 0.0515625 0.06875
0 0.502344 0.438281 0.0578125 0.0671875
0 0.634375 0.352344 0.05625 0.0734375
0 0.214062 0.596875 0.0625 0.090625
0 0.373437 0.215625 0.05625 0.075
0 0.396875 0.678906 0.0625 0.0765625
0 0.564844 0.164844 0.0609375 0.0796875
0 0.505469 0.154687 0.0609375 0.078125
0 0.319531 0.274219 0.0578125 0.0671875
0 0.639844 0.490625 0.0515625 0.06875
0 0.282813 0.71875 0.0625 0.10625
0 0.627344 0.766406 0.0546875 0.0703125
0 0.271875 0.407813 0.059375 0.078125
0 0.614844 0.204688 0.0546875 0.075
0 0.71875 0.703125 0.053125 0.075
0 0.229687 0.729688 0.0625 0.1
0 0.64375 0.577344 0.05 0.0734375
0 0.617188 0.822656 0.053125 0.0609375
0 0.421875 0.264062 0.053125 0.06875
0 0.128906 0.482031 0.0703125 0.0921875
0 0.641406 0.289062 0.0515625 0.0625
0 0.453906 0.328125 0.0578125 0.071875
0 0.665625 0.804688 0.053125 0.065625
0 0.654688 0.41875 0.05625 0.06875
0 0.892969 0.282031 0.0421875 0.0578125
0 0.754687 0.149219 0.046875 0.0671875
0 0.655469 0.664062 0.0546875 0.075
0 0.148438 0.707812 0.071875 0.090625
0 0.132812 0.59375 0.0625 0.096875
0 0.9 0.555469 0.05 0.0609375
0 0.14375 0.414844 0.059375 0.0734375
0 0.245312 0.33125 0.065625 0.0875
0 0.505469 0.614062 0.0546875 0.071875
0 0.61875 0.129688 0.05 0.065625
0 0.842969 0.221094 0.0484375 0.0609375
0 0.280469 0.542969 0.0640625 0.0828125
0 0.396875 0.595312 0.0625 0.08125
