0 0.374219 0.372656 0.0546875 0.0734375
0 0.828125 0.420312 0.04375 0.065625
0 0.449219 0.257812 0.0546875 0.05625
0 0.482812 0.201562 0.05625 0.059375
0 0.707031 0.288281 0.0609375 0.0671875
0 0.240625 0.370313 0.071875 0.06875
0 0.4125 0.302344 0.0625 0.0703125
0 0.503906 0.402344 0.0609375 0.0703125
0 0.466406 0.465625 0.0578125 0.084375
0 0.466406 0.351562 0.0609375 0.06875
0 0.757812 0.517969 0.053125 0.0796875
0 0.574219 0.655469 0.0578125 0.0984375
0 0.592969 0.464844 0.0671875 0.0734375
0 0.540625 0.324219 0.0625 0.0640625
0 0.816406 0.491406 0.0609375 0.0703125
0 0.21875 0.601562 0.065625 0.090625
0 0.31875 0.284375 0.0625 0.084375
0 0.289062 0.53125 0.0625 0.078125
0 0.715625 0.421875 0.0625 0.078125
0 0.352344 0.519531 0.0640625 0.0796875
0 0.697656 0.665625 0.0578125 0.096875
0 0.767969 0.285937 0.0578125 0.05625
0 0.586719 0.74375 0.0609375 0.090625
0 0.685156 0.232812 0.0609375 0.059375
0 0.585938 0.196094 0.05625 0.0765625
0 0.121094 0.403906 0.0671875 0.104687
0 0.782031 0.421875 0.0609375 0.06875
0 0.528125 0.229687 0.05625 0.06875
0 0.751562 0.354688 0.06875 0.075
0 0.622656 0.365625 0.0671875 0.071875
0 0.433594 0.394531 0.0578125 0.0796875
0 0.645312 0.205469 0.05625 0.0765625
0 0.319531 0.372656 0.0578125 0.0765625
0 0.232812 0.475 0.0625 0.084375
0 0.705469 0.507812 0.0609375 0.06875
0 0.4875 0.545313 0.065625 0.09375
0 0.560156 0.557031 0.0640625 0.0828125
0 0.555469 0.392969 0.0640625 0.0765625
0 0.648438 0.507812 0.065625 0.08125
0 0.572656 0.270312 0.0609375 0.065625
0 0.378906 0.267188 0.0609375 0.071875
0 0.508594 0.628906 0.0703125 0.0921875
0 0.385938 0.695312 0.071875 0.096875
0 0.496875 0.29375 0.05625 0.065625
0 0.317187 0.44375 0.06875 0.084375
0 0.644531 0.298438 0.0578125 0.065625
0 0.146094 0.573438 0.0734375 0.09375
0 0.385156 0.446094 0.0671875 0.0828125
0 0.647656 0.438281 0.0640625 0.0671875
0 0.754687 0.608594 0.05625 0.0765625
0 0.452344 0.691406 0.0765625 0.0953125
0 0.642969 0.696875 0.0671875 0.0875
0 0.521094 0.707812 0.0640625 0.09375
0 0.804688 0.346094 0.059375 0.0703125
0 0.30625 0.704687 0.075 0.096875
0 0.624219 0.596094 0.0609375 0.0953125
0 0.803906 0.570312 0.0609375 0.065625
0 0.696094 0.571875 0.0703125 0.09375
0 0.38125 0.597656 0.06875 0.0859375
0 0.680469 0.365625 0.0671875 0.071875
0 0.24375 0.678906 0.075 0.101562
0 0.309375 0.604688 0.071875 0.0875
0 0.444531 0.60625 0.0640625 0.09375
0 0.530469 0.471094 0.0640625 0.0765625
0 0.422656 0.521094 0.0703125 0.0953125
