0 0.796875 0.521875 0.046875 0.071875
0 0.617969 0.75625 0.0390625 0.053125
0 0.396875 0.353906 0.065625 0.0859375
0 0.784375 0.467187 0.05 0.078125
0 0.410156 0.4875 0.0515625 0.078125
0 0.4125 0.714063 0.059375 0.059375
0 0.535156 0.79375 0.0515625 0.0625
0 0.355469 0.607813 0.0609375 0.0625
0 0.335156 0.55 0.0640625 0.078125
0 0.639844 0.421875 0.0640625 0.096875
0 0.353906 0.478125 0.0515625 0.096875
0 0.357812 0.730469 0.0625 0.0546875
0 0.305469 0.699219 0.0546875 0.0515625
0 0.521094 0.435937 0.0609375 0.09375
0 0.579687 0.750781 0.053125 0.0640625
0 0.310937 0.649219 0.053125 0.0578125
0 0.288281 0.589063 0.0609375 0.071875
0 0.521875 0.517969 0.065625 0.0640625
0 0.405469 0.652344 0.0484375 0.0765625
0 0.464063 0.707812 0.05 0.06875
0 0.439844 0.764844 0.0515625 0.0609375
0 0.591406 0.292188 0.0734375 0.075
0 0.4375 0.407031 0.0625 0.0765625
0 0.663281 0.623438 0.0515625 0.065625
0 0.515625 0.732813 0.05 0.065625
0 0.485938 0.36875 0.0625 0.096875
0 0.676562 0.666406 0.059375 0.0609375
0 0.250781 0.615625 0.0578125 0.06875
0 0.221875 0.477344 0.046875 0.0796875
0 0.477344 0.792969 0.0421875 0.0703125
0 0.774219 0.592188 0.0578125 0.06875
0 0.454688 0.555469 0.053125 0.0828125
0 0.513281 0.584375 0.0609375 0.065625
0 0.726562 0.579687 0.05625 0.071875
0 0.688281 0.465625 0.0640625 0.084375
0 0.232812 0.404687 0.0625 0.096875
0 0.414844 0.572656 0.0515625 0.0703125
0 0.6125 0.653125 0.0625 0.065625
0 0.514063 0.657031 0.053125 0.0671875
0 0.232031 0.542969 0.0609375 0.0671875
0 0.708594 0.342187 0.0640625 0.09375
0 0.74375 0.416406 0.059375 0.0828125
0 0.1875 0.59375 0.059375 0.06875
0 0.359375 0.676562 0.0625 0.0625
0 0.671875 0.553125 0.059375 0.08125
0 0.458594 0.628125 0.0515625 0.06875
0 0.559375 0.685156 0.053125 0.0578125
0 0.249219 0.69375 0.0609375 0.078125
0 0.329688 0.303125 0.06875 0.090625
0 0.732031 0.647656 0.0546875 0.0640625
0 0.204688 0.64375 0.05625 0.0625
0 0.272656 0.505469 0.0609375 0.0765625
0 0.632812 0.505469 0.059375 0.0671875
0 0.582031 0.472656 0.0609375 0.0921875
0 0.627344 0.7125 0.0515625 0.06875
0 0.571875 0.553906 0.05625 0.0765625
0 0.171094 0.525 0.0546875 0.071875
0 0.55625 0.622656 0.05625 0.0671875
0 0.647656 0.33125 0.0765625 0.09375
0 0.335156 0.395312 0.0640625 0.09375
0 0.277344 0.357812 0.0703125 0.08125
0 0.735937 0.521094 0.0625 0.0765625
0 0.557813 0.367969 0.059375 0.0796875
0 0.620313 0.579687 0.05625 0.078125
0 0.471875 0.482031 0.0625 0.0890625
0 0.283594 0.440625 0.0703125 0.08125
