0 0.257812 0.132812 0.05 0.0625
0 0.315625 0.339063 0.03125 0.040625
0 0.271094 0.534375 0.0484375 0.059375
0 0.858594 0.272656 0.0546875 0.0703125
0 0.124219 0.514063 0.0390625 0.05625
0 0.299219 0.274219 0.0390625 0.0640625
0 0.585156 0.672656 0.0484375 0.0609375
0 0.1875 0.625 0.0375 0.053125
0 0.854688 0.504687 0.034375 0.053125
0 0.333594 0.361719 0.0453125 0.0640625
0 0.735156 0.513281 0.0546875 0.0671875
0 0.251563 0.388281 0.046875 0.0578125
0 0.186719 0.434375 0.0390625 0.05625
0 0.774219 0.484375 0.0328125 0.053125
0 0.746094 0.450781 0.0484375 0.0640625
0 0.367969 0.655469 0.0265625 0.0546875
0 0.7875 0.665625 0.04375 0.059375
0 0.639063 0.549219 0.040625 0.0546875
0 0.511719 0.385156 0.0546875 0.0703125
0 0.867188 0.566406 0.05625 0.0734375
0 0.935938 0.467969 0.065625 0.0703125
0 0.778125 0.391406 0.0625 0.0671875
0 0.510938 0.558594 0.0375 0.0609375
0 0.846094 0.633594 0.0484375 0.0609375
0 0.310156 0.589063 0.0453125 0.05625
0 0.224219 0.472656 0.0421875 0.0546875
0 0.6125 0.405469 0.046875 0.0671875
0 0.6125 0.307813 0.05 0.0625
0 0.602344 0.578906 0.0453125 0.0546875
0 0.696094 0.292188 0.0453125 0.05625
0 0.153125 0.489062 0.046875 0.0625
0 0.603125 0.540625 0.046875 0.05625
0 0.167187 0.672656 0.046875 0.0484375
0 0.302344 0.413281 0.0484375 0.0609375
0 0.785937 0.305469 0.05 0.0734375
0 0.922656 0.50625 0.0421875 0.05625
0 0.942187 0.377344 0.046875 0.0734375
0 0.633594 0.198437 0.0484375 0.06875
0 0.698438 0.208594 0.059375 0.0671875
0 0.59375 0.241406 0.04375 0.0640625
0 0.817187 0.241406 0.059375 0.0890625
0 0.70625 0.566406 0.034375 0.0546875
0 0.333594 0.664844 0.0390625 0.0609375
0 0.704687 0.358594 0.05 0.0765625
0 0.909375 0.299219 0.059375 0.0734375
0 0.196875 0.564844 0.040625 0.0609375
0 0.397656 0.666406 0.0453125 0.0609375
0 0.305469 0.471875 0.0421875 0.059375
0 0.332812 0.229687 0.040625 0.059375
0 0.660937 0.416406 0.046875 0.0671875
0 0.607031 0.649219 0.0515625 0.0640625
0 0.744531 0.66875 0.0453125 0.05625
0 0.346094 0.617969 0.0390625 0.0515625
0 0.485156 0.605469 0.0421875 0.0609375
0 0.584375 0.482031 0.046875 0.0609375
0 0.389844 0.34375 0.0484375 0.0625
0 0.257031 0.453906 0.0390625 0.0609375
0 0.385156 0.402344 0.0453125 0.0640625
0 0.571094 0.189844 0.0515625 0.0671875
0 0.479688 0.534375 0.04375 0.053125
0 0.678906 0.522656 0.0453125 0.0640625
0 0.463281 0.257812 0.0484375 0.059375
0 0.720312 0.614844 0.04375 0.0578125
0 0.682031 0.678125 0.0453125 0.05625
0 0.203906 0.676562 0.0421875 0.05625
0 0.267188 0.2125 0.04375 0.0625
0 0.55625 0.352344 0.05 0.0640625
0 0.453906 0.498437 0.0515625 0.0625
0 0.496875 0.177344 0.05 0.0671875
0 0.504687 0.103906 0.053125 0.0671875
0 0.411719 0.28125 0.0484375 0.05625
0 0.842969 0.45625 0.0515625 0.06875
0 0.433594 0.403906 0.0484375 0.0640625
0 0.525 0.445312 0.046875 0.065625
0 0.278906 0.329688 0.0421875 0.05625
0 0.679688 0.628906 0.046875 0.0578125
0 0.5625 0.529688 0.05 0.065625
0 0.751562 0.557813 0.05 0.0625
0 0.392969 0.169531 0.0484375 0.0609375
0 0.566406 0.291406 0.0484375 0.0640625
0 0.827344 0.528125 0.0515625 0.065625
0 0.525 0.620313 0.05 0.065625
0 0.489062 0.342187 0.05 0.065625
0 0.386719 0.504687 0.0453125 0.05625
0 0.351562 0.505469 0.04375 0.0546875
0 0.421094 0.557031 0.0484375 0.0609375
0 0.792188 0.572656 0.046875 0.0609375
0 0.517969 0.50625 0.0453125 0.0625
0 0.232031 0.272656 0.0484375 0.0671875
0 0.09375 0.495313 0.040625 0.05625
0 0.632812 0.476562 0.04375 0.059375
0 0.420312 0.211719 0.046875 0.0671875
0 0.246875 0.6 0.040625 0.0625
0 0.694531 0.4625 0.0515625 0.06875
0 0.129688 0.623438 0.040625 0.059375
0 0.454688 0.303906 0.046875 0.0609375
0 0.354688 0.559375 0.05 0.059375
0 0.444531 0.147656 0.0484375 0.0671875
0 0.329688 0.447656 0.04375 0.0609375
0 0.355469 0.275 0.0421875 0.0625
0 0.404687 0.449219 0.04375 0.0578125
0 0.657812 0.321875 0.05 0.06875
0 0.382812 0.596875 0.04375 0.0625
0 0.320312 0.135156 0.053125 0.0671875
0 0.571094 0.397656 0.0453125 0.0640625
0 0.16875 0.536719 0.040625 0.0578125
