0 0.610156 0.301562 0.0390625 0.05625
0 0.166406 0.611719 0.0484375 0.0484375
0 0.296875 0.239844 0.028125 0.0328125
0 0.671875 0.550781 0.05 0.0515625
0 0.175781 0.517969 0.0421875 0.0546875
0 0.617969 0.327344 0.0421875 0.0546875
0 0.800781 0.425781 0.0515625 0.0640625
0 0.521875 0.585156 0.040625 0.0609375
0 0.576563 0.374219 0.04375 0.0546875
0 0.135156 0.4 0.0359375 0.053125
0 0.473437 0.475781 0.0375 0.0578125
0 0.276563 0.465625 0.0375 0.05
0 0.373437 0.664062 0.040625 0.0625
0 0.273438 0.370313 0.0375 0.046875
0 0.657031 0.595312 0.0609375 0.0625
0 0.435937 0.497656 0.040625 0.0546875
0 0.535156 0.409375 0.0390625 0.05625
0 0.260938 0.509375 0.0375 0.05
0 0.389062 0.526563 0.04375 0.053125
0 0.741406 0.385938 0.0453125 0.059375
0 0.285156 0.554688 0.0359375 0.05
0 0.550781 0.471094 0.0421875 0.0453125
0 0.199219 0.320312 0.0359375 0.05625
0 0.514844 0.259375 0.0421875 0.053125
0 0.486719 0.404687 0.0453125 0.05625
0 0.309375 0.524219 0.046875 0.0515625
0 0.451562 0.34375 0.040625 0.046875
0 0.135937 0.521094 0.0375 0.0578125
0 0.410156 0.417969 0.0390625 0.0515625
0 0.433594 0.445312 0.0390625 0.05625
0 0.344531 0.316406 0.0390625 0.0515625
0 0.207813 0.666406 0.040625 0.0546875
0 0.664844 0.253125 0.0453125 0.05625
0 0.214062 0.621094 0.0375 0.0515625
0 0.396875 0.332812 0.0375 0.05625
0 0.283594 0.6375 0.0453125 0.059375
0 0.330469 0.686719 0.0453125 0.0578125
0 0.204688 0.569531 0.034375 0.0546875
0 0.482812 0.59375 0.040625 0.059375
0 0.733594 0.31875 0.0421875 0.053125
0 0.767969 0.535937 0.0484375 0.0625
0 0.158594 0.563281 0.0390625 0.0484375
0 0.335156 0.628906 0.0421875 0.0578125
0 0.221094 0.413281 0.0359375 0.0484375
0 0.689844 0.296094 0.0421875 0.0578125
0 0.486719 0.357812 0.0390625 0.046875
0 0.153125 0.346875 0.0375 0.05
0 0.257812 0.420312 0.034375 0.053125
0 0.144531 0.458594 0.0359375 0.0546875
0 0.296875 0.31875 0.0375 0.05
0 0.396875 0.471875 0.040625 0.05625
0 0.558594 0.564844 0.0421875 0.0609375
0 0.253906 0.678906 0.0421875 0.0578125
0 0.335156 0.41875 0.0359375 0.053125
0 0.219531 0.520312 0.0390625 0.05625
0 0.784375 0.354688 0.046875 0.05625
0 0.182031 0.367969 0.0359375 0.0546875
0 0.565625 0.328125 0.040625 0.053125
0 0.364844 0.21875 0.0390625 0.046875
0 0.355469 0.494531 0.0421875 0.0515625
0 0.465625 0.267188 0.0375 0.05
0 0.403906 0.221875 0.0390625 0.053125
0 0.296875 0.275 0.034375 0.05
0 0.532812 0.519531 0.040625 0.0546875
0 0.534375 0.182031 0.040625 0.0453125
0 0.707812 0.346875 0.040625 0.05625
0 0.407813 0.629687 0.04375 0.059375
0 0.258594 0.735937 0.0453125 0.059375
0 0.416406 0.370313 0.0390625 0.053125
0 0.520312 0.35625 0.04375 0.053125
0 0.228906 0.353125 0.0390625 0.053125
0 0.655469 0.31875 0.0390625 0.053125
0 0.326562 0.228906 0.0375 0.0453125
0 0.347656 0.555469 0.0453125 0.0546875
0 0.364062 0.455469 0.040625 0.0484375
0 0.414844 0.56875 0.0421875 0.05625
0 0.632812 0.467187 0.04375 0.040625
0 0.453906 0.39375 0.0390625 0.05625
0 0.657812 0.423438 0.0375 0.053125
0 0.65625 0.36875 0.040625 0.053125
0 0.341406 0.272656 0.0390625 0.0515625
0 0.220313 0.729688 0.04375 0.059375
0 0.442969 0.21875 0.0390625 0.053125
0 0.355469 0.36875 0.0390625 0.05
0 0.507031 0.453125 0.0390625 0.053125
0 0.290625 0.415625 0.0375 0.05
0 0.705469 0.40625 0.0453125 0.053125
0 0.666406 0.5 0.0453125 0.05625
0 0.521094 0.307031 0.0390625 0.0515625
0 0.779688 0.483594 0.046875 0.0578125
0 0.264062 0.329688 0.0375 0.05
0 0.592969 0.454688 0.0453125 0.05625
0 0.744531 0.446875 0.0453125 0.059375
0 0.61875 0.514844 0.0375 0.0546875
0 0.257031 0.265625 0.0359375 0.05
0 0.317187 0.470313 0.0375 0.053125
0 0.553906 0.280469 0.0390625 0.0515625
0 0.427344 0.267969 0.0390625 0.0484375
0 0.45625 0.555469 0.040625 0.0515625
0 0.49375 0.200781 0.0375 0.0546875
0 0.170312 0.422656 0.0375 0.0546875
0 0.59375 0.230469 0.04375 0.0546875
0 0.619531 0.405469 0.0421875 0.0578125
0 0.228125 0.469531 0.040625 0.0515625
0 0.607031 0.557813 0.0421875 0.05625
0 0.316406 0.370313 0.0359375 0.053125
0 0.242188 0.5625 0.040625 0.053125
0 0.230469 0.292188 0.0359375 0.046875
0 0.491406 0.525 0.0421875 0.053125
0 0.482031 0.298438 0.0390625 0.05625
0 0.39375 0.271094 0.034375 0.0546875
0 0.632812 0.222656 0.0375 0.0578125
0 0.582812 0.509375 0.04375 0.059375
0 0.253906 0.617969 0.0390625 0.0515625
0 0.695312 0.454688 0.04375 0.053125
0 0.71875 0.50625 0.04375 0.05625
0 0.369531 0.597656 0.0390625 0.0609375
0 0.717969 0.559375 0.0453125 0.0625
0 0.30625 0.584375 0.040625 0.0625
