0 0.689062 0.3375 0.065625 0.078125
0 0.503125 0.845312 0.0375 0.05
0 0.58125 0.0726563 0.040625 0.0421875
0 0.864844 0.558594 0.0578125 0.0546875
0 0.45625 0.882812 0.04375 0.0375
0 0.675 0.796094 0.040625 0.0640625
0 0.364062 0.954687 0.040625 0.040625
0 0.457812 0.739844 0.04375 0.0453125
0 0.596875 0.840625 0.04375 0.05625
0 0.196094 0.323438 0.0515625 0.059375
0 0.736719 0.651563 0.0453125 0.053125
0 0.479688 0.941406 0.04375 0.0609375
0 0.409375 0.739844 0.040625 0.0484375
0 0.245312 0.639844 0.05625 0.0671875
0 0.102344 0.283594 0.0453125 0.0671875
0 0.4625 0.146094 0.04375 0.0515625
0 0.516406 0.526563 0.0546875 0.05625
0 0.491406 0.695312 0.0484375 0.0625
0 0.4 0.228906 0.05 0.0734375
0 0.723437 0.283594 0.05625 0.0640625
0 0.490625 0.182812 0.059375 0.0625
0 0.35 0.832812 0.046875 0.0625
0 0.811719 0.422656 0.0453125 0.0578125
0 0.552344 0.888281 0.0421875 0.0546875
0 0.363281 0.542969 0.0515625 0.0609375
0 0.596875 0.367969 0.040625 0.0515625
0 0.300781 0.296094 0.0484375 0.0640625
0 0.397656 0.683594 0.0484375 0.0640625
0 0.227344 0.814062 0.0484375 0.05625
0 0.535156 0.246094 0.0453125 0.0609375
0 0.503125 0.794531 0.04375 0.0671875
0 0.411719 0.576563 0.0515625 0.05625
0 0.260938 0.440625 0.05 0.06875
0 0.647656 0.540625 0.0421875 0.06875
0 0.370313 0.173438 0.046875 0.075
0 0.716406 0.700781 0.0453125 0.0609375
0 0.160156 0.192188 0.0484375 0.071875
0 0.0953125 0.21875 0.0625 0.078125
0 0.454688 0.780469 0.046875 0.0578125
0 0.598437 0.44375 0.046875 0.075
0 0.270312 0.159375 0.046875 0.071875
0 0.632812 0.128125 0.05 0.0625
0 0.415625 0.942187 0.046875 0.05625
0 0.852344 0.388281 0.0453125 0.0578125
0 0.157813 0.264062 0.05625 0.075
0 0.233594 0.376563 0.0484375 0.065625
0 0.560938 0.488281 0.04375 0.0609375
0 0.671875 0.0757812 0.05 0.0703125
0 0.439844 0.364062 0.0515625 0.075
0 0.784375 0.370313 0.05 0.071875
0 0.746875 0.427344 0.046875 0.0640625
0 0.763281 0.221875 0.0546875 0.06875
0 0.352344 0.601562 0.0484375 0.059375
0 0.78125 0.278906 0.05 0.0640625
0 0.470313 0.617188 0.053125 0.084375
0 0.859375 0.619531 0.040625 0.0640625
0 0.457812 0.299219 0.053125 0.0671875
0 0.567969 0.176563 0.0484375 0.065625
0 0.467187 0.853125 0.046875 0.05625
0 0.161719 0.639063 0.0515625 0.0625
0 0.308594 0.9125 0.0515625 0.065625
0 0.532812 0.314844 0.053125 0.0765625
0 0.675781 0.177344 0.0484375 0.0640625
0 0.702344 0.120312 0.0515625 0.059375
0 0.166406 0.482812 0.0453125 0.06875
0 0.714844 0.770312 0.0453125 0.05625
0 0.360938 0.275781 0.059375 0.0703125
0 0.546875 0.83125 0.046875 0.059375
0 0.303125 0.600781 0.053125 0.0671875
0 0.548437 0.377344 0.05625 0.0671875
0 0.210938 0.642969 0.04375 0.0546875
0 0.716406 0.353906 0.0515625 0.0703125
0 0.235156 0.741406 0.0421875 0.0578125
0 0.445312 0.221875 0.05 0.075
0 0.286719 0.367969 0.0484375 0.0703125
0 0.505469 0.883594 0.0421875 0.0484375
0 0.220313 0.258594 0.05 0.0609375
0 0.757812 0.317969 0.046875 0.0671875
0 0.703125 0.222656 0.053125 0.0609375
0 0.25625 0.575781 0.053125 0.0671875
0 0.332031 0.122656 0.0515625 0.0828125
0 0.65 0.266406 0.053125 0.0703125
0 0.765625 0.54375 0.05 0.065625
0 0.54375 0.628906 0.05 0.0671875
0 0.301562 0.467187 0.05 0.071875
0 0.255469 0.514844 0.0515625 0.0703125
0 0.629687 0.321875 0.046875 0.06875
0 0.216406 0.461719 0.0453125 0.0640625
0 0.490625 0.351562 0.053125 0.06875
0 0.367969 0.467969 0.0515625 0.0640625
0 0.260156 0.315625 0.0484375 0.065625
0 0.104687 0.659375 0.046875 0.065625
0 0.507812 0.578906 0.053125 0.0671875
0 0.874219 0.467969 0.0578125 0.0671875
0 0.530469 0.740625 0.0453125 0.05
0 0.414062 0.446875 0.053125 0.0625
0 0.578125 0.121094 0.05 0.0640625
0 0.382812 0.40625 0.05 0.065625
0 0.489062 0.254687 0.05 0.065625
0 0.41875 0.139062 0.046875 0.053125
0 0.309375 0.539062 0.053125 0.06875
0 0.277344 0.742188 0.0515625 0.065625
0 0.632031 0.392188 0.0453125 0.0625
0 0.66875 0.335156 0.05 0.0609375
0 0.58125 0.751562 0.05 0.065625
0 0.61875 0.189063 0.05 0.0625
0 0.0945313 0.352344 0.0546875 0.0609375
0 0.602344 0.880469 0.0453125 0.0515625
0 0.267188 0.226562 0.053125 0.071875
0 0.667188 0.632812 0.046875 0.05625
0 0.191406 0.709375 0.0546875 0.065625
0 0.464063 0.428906 0.059375 0.0734375
0 0.332031 0.420312 0.0484375 0.065625
0 0.59375 0.242188 0.05625 0.071875
0 0.635156 0.592969 0.0515625 0.0671875
0 0.158594 0.3375 0.0484375 0.06875
0 0.307031 0.792969 0.0515625 0.0671875
0 0.420312 0.821094 0.046875 0.0578125
0 0.5875 0.528125 0.046875 0.0625
0 0.730469 0.165625 0.0484375 0.0625
0 0.404687 0.517969 0.053125 0.0703125
0 0.471875 0.486719 0.05 0.0640625
0 0.0585938 0.607031 0.0515625 0.0734375
0 0.317969 0.196875 0.0546875 0.06875
0 0.391406 0.339844 0.0484375 0.0640625
0 0.647656 0.704687 0.0484375 0.06875
0 0.367188 0.73125 0.053125 0.065625
0 0.182812 0.753125 0.040625 0.046875
0 0.695312 0.585938 0.046875 0.06875
0 0.725781 0.48125 0.0515625 0.065625
0 0.1875 0.578906 0.05 0.0640625
0 0.680469 0.427344 0.0484375 0.0671875
0 0.585156 0.303906 0.0515625 0.0734375
0 0.59375 0.673437 0.05 0.06875
0 0.084375 0.541406 0.053125 0.0703125
0 0.348437 0.664062 0.046875 0.0625
0 0.142969 0.715625 0.0515625 0.0625
0 0.542969 0.697656 0.0546875 0.0609375
0 0.435156 0.65625 0.0484375 0.065625
0 0.417188 0.882031 0.046875 0.0578125
0 0.155469 0.540625 0.0515625 0.0625
0 0.178125 0.404687 0.053125 0.06875
0 0.800781 0.482812 0.0546875 0.06875
0 0.217187 0.182812 0.05625 0.065625
0 0.754687 0.615625 0.046875 0.0625
0 0.246875 0.692969 0.05 0.0640625
0 0.16875 0.120312 0.059375 0.06875
0 0.135156 0.396875 0.0453125 0.065625
0 0.304688 0.853125 0.040625 0.05625
0 0.628125 0.79375 0.05 0.0625
0 0.676562 0.489844 0.053125 0.0671875
0 0.269531 0.875 0.0453125 0.053125
0 0.10625 0.466406 0.05625 0.0703125
0 0.517187 0.4625 0.04375 0.065625
0 0.298438 0.657031 0.05 0.0671875
0 0.394531 0.628906 0.0484375 0.0640625
0 0.564062 0.577344 0.053125 0.0671875
0 0.804688 0.55625 0.05 0.0625
0 0.357812 0.878906 0.04375 0.0515625
0 0.217187 0.529688 0.05 0.0625
0 0.266406 0.792969 0.0421875 0.0546875
0 0.121094 0.590625 0.0546875 0.071875
0 0.342187 0.358594 0.053125 0.0765625
0 0.630469 0.458594 0.0484375 0.0640625
0 0.321094 0.714063 0.0484375 0.065625
0 0.0921875 0.414844 0.053125 0.0640625
0 0.45625 0.53125 0.05 0.0625
