0 0.376563 0.554688 0.06875 0.075
0 0.702344 0.820312 0.0515625 0.075
0 0.377344 0.635156 0.0609375 0.0796875
0 0.649219 0.578125 0.0578125 0.096875
0 0.446875 0.764844 0.05625 0.0796875
0 0.449219 0.6625 0.0609375 0.071875
0 0.61875 0.667969 0.059375 0.0890625
0 0.328125 0.689844 0.053125 0.0953125
0 0.548437 0.869531 0.059375 0.0671875
0 0.196875 0.299219 0.0625 0.0984375
0 0.7625 0.820312 0.0625 0.08125
0 0.686719 0.642969 0.0640625 0.0828125
0 0.2375 0.464063 0.059375 0.0875
0 0.648438 0.803906 0.06875 0.0828125
0 0.510156 0.540625 0.0640625 0.084375
0 0.553906 0.686719 0.0609375 0.0859375
0 0.615625 0.741406 0.065625 0.0734375
0 0.774219 0.492188 0.0578125 0.1
0 0.380469 0.388281 0.0578125 0.101562
0 0.109375 0.571875 0.065625 0.0875
0 0.736719 0.90625 0.0703125 0.0875
0 0.265625 0.660156 0.059375 0.0765625
0 0.246094 0.575781 0.0640625 0.0921875
0 0.445312 0.5875 0.065625 0.08125
0 0.367188 0.476562 0.06875 0.0875
0 0.504687 0.826563 0.0625 0.084375
0 0.7125 0.383594 0.059375 0.0859375
0 0.767969 0.639844 0.0671875 0.0859375
0 0.838281 0.638281 0.0640625 0.0890625
0 0.110156 0.449219 0.0703125 0.0921875
0 0.585156 0.428906 0.0703125 0.0859375
0 0.583594 0.3375 0.0703125 0.0875
0 0.700781 0.478906 0.0765625 0.0890625
0 0.310156 0.339063 0.0671875 0.09375
0 0.605469 0.882812 0.0546875 0.078125
0 0.510156 0.628906 0.0703125 0.0734375
0 0.441406 0.490625 0.0703125 0.08125
0 0.714063 0.567187 0.065625 0.090625
0 0.844531 0.489844 0.0671875 0.0953125
0 0.574219 0.60625 0.0734375 0.078125
0 0.240625 0.364844 0.065625 0.0953125
0 0.732813 0.767969 0.0625 0.0828125
0 0.553125 0.757031 0.06875 0.0703125
0 0.795313 0.392188 0.078125 0.103125
0 0.204688 0.639844 0.06875 0.0921875
0 0.18125 0.498437 0.06875 0.090625
0 0.296875 0.516406 0.0625 0.0921875
0 0.4 0.295312 0.075 0.09375
0 0.797656 0.720312 0.0703125 0.1
0 0.679688 0.721094 0.06875 0.0953125
0 0.325781 0.596094 0.0640625 0.0921875
0 0.530469 0.278125 0.0703125 0.10625
0 0.578906 0.816406 0.0609375 0.0796875
0 0.824219 0.557031 0.0734375 0.0890625
0 0.671094 0.303125 0.0734375 0.09375
0 0.492969 0.369531 0.0703125 0.0828125
0 0.670313 0.892187 0.06875 0.078125
0 0.305469 0.430469 0.0703125 0.0984375
0 0.632031 0.494531 0.0734375 0.0984375
0 0.578125 0.53125 0.078125 0.0875
0 0.49375 0.444531 0.078125 0.0953125
0 0.652344 0.39375 0.0765625 0.096875
0 0.45625 0.254687 0.071875 0.1125
0 0.397656 0.719531 0.0671875 0.0921875
0 0.496094 0.717969 0.0671875 0.0890625
