0 0.989844 0.461719 0.0171875 0.0890625
0 0.169531 0.503125 0.0609375 0.103125
0 0.547656 0.546094 0.0546875 0.0796875
0 0.232812 0.347656 0.05625 0.0765625
0 0.182812 0.484375 0.053125 0.075
0 0.335938 0.7875 0.05625 0.078125
0 0.59375 0.788281 0.0625 0.0734375
0 0.48125 0.673437 0.05625 0.059375
0 0.479688 0.246875 0.059375 0.084375
0 0.1875 0.392969 0.05625 0.0765625
0 0.482812 0.617969 0.065625 0.0859375
0 0.238281 0.546094 0.0609375 0.0671875
0 0.289062 0.563281 0.059375 0.0796875
0 0.340625 0.616406 0.059375 0.0828125
0 0.396875 0.713281 0.0625 0.0671875
0 0.400781 0.479688 0.0703125 0.078125
0 0.394531 0.653906 0.0671875 0.0796875
0 0.147656 0.607031 0.0546875 0.0796875
0 0.285937 0.620313 0.05625 0.05625
0 0.632031 0.327344 0.0671875 0.0828125
0 0.279687 0.364062 0.0625 0.084375
0 0.5875 0.685938 0.0625 0.071875
0 0.234375 0.603906 0.05625 0.0609375
0 0.570312 0.359375 0.0625 0.0875
0 0.846094 0.200781 0.0765625 0.0890625
0 0.241406 0.690625 0.0546875 0.071875
0 0.636719 0.648438 0.0640625 0.075
0 0.335156 0.691406 0.0671875 0.0796875
0 0.364844 0.407813 0.0640625 0.071875
0 0.285937 0.771094 0.05625 0.0796875
0 0.669531 0.114063 0.0734375 0.090625
0 0.628125 0.202344 0.078125 0.0921875
0 0.714063 0.845312 0.0625 0.078125
0 0.461719 0.746094 0.0578125 0.0765625
0 0.2625 0.447656 0.0625 0.0921875
0 0.959375 0.625 0.065625 0.078125
0 0.417188 0.591406 0.06875 0.0828125
0 0.5125 0.385938 0.0625 0.08125
0 0.798437 0.26875 0.06875 0.09375
0 0.596094 0.489844 0.0671875 0.0921875
0 0.829687 0.428125 0.0625 0.075
0 0.689844 0.591406 0.0734375 0.0984375
0 0.536719 0.810938 0.0671875 0.08125
0 0.776563 0.873438 0.059375 0.065625
0 0.298438 0.28125 0.0625 0.096875
0 0.81875 0.825781 0.06875 0.0671875
0 0.7875 0.490625 0.071875 0.0875
0 0.838281 0.659375 0.0671875 0.078125
0 0.740625 0.547656 0.06875 0.0828125
0 0.530469 0.732813 0.0609375 0.071875
0 0.877344 0.279687 0.0796875 0.103125
0 0.392188 0.246094 0.071875 0.0984375
0 0.710156 0.467969 0.0671875 0.0921875
0 0.1125 0.439063 0.059375 0.0875
0 0.433594 0.189063 0.0671875 0.096875
0 0.934375 0.524219 0.0625 0.0765625
0 0.659375 0.527344 0.06875 0.0796875
0 0.649219 0.755469 0.0671875 0.0765625
0 0.359375 0.328125 0.075 0.096875
0 0.58125 0.148438 0.078125 0.103125
0 0.953906 0.692187 0.0703125 0.065625
0 0.342187 0.179688 0.071875 0.103125
0 0.553125 0.615625 0.0625 0.075
0 0.740625 0.317187 0.075 0.090625
0 0.454688 0.432813 0.071875 0.1
0 0.634375 0.421094 0.071875 0.0890625
0 0.642187 0.828125 0.065625 0.09375
0 0.80625 0.574219 0.071875 0.0890625
0 0.754687 0.21875 0.075 0.096875
0 0.882812 0.83125 0.071875 0.078125
0 0.445312 0.354688 0.071875 0.103125
0 0.790625 0.14375 0.08125 0.1
0 0.705469 0.764844 0.0578125 0.0734375
0 0.89375 0.667969 0.059375 0.0765625
0 0.902344 0.746094 0.0703125 0.0765625
0 0.879687 0.59375 0.06875 0.0875
0 0.157813 0.522656 0.059375 0.0859375
0 0.732813 0.104687 0.075 0.096875
0 0.692969 0.370313 0.0796875 0.096875
0 0.35625 0.532031 0.071875 0.0953125
0 0.498437 0.170312 0.071875 0.103125
0 0.754687 0.392188 0.071875 0.09375
0 0.775 0.757031 0.075 0.0796875
0 0.520312 0.30625 0.071875 0.090625
0 0.470313 0.520312 0.071875 0.096875
0 0.832031 0.730469 0.0671875 0.0796875
0 0.58125 0.271094 0.071875 0.0921875
0 0.894531 0.371875 0.0796875 0.096875
0 0.605469 0.596094 0.0734375 0.0953125
0 0.707812 0.672656 0.071875 0.0859375
0 0.680469 0.269531 0.0671875 0.0921875
0 0.916406 0.45625 0.0765625 0.090625
0 0.857813 0.505469 0.075 0.0921875
0 0.323438 0.469531 0.06875 0.0859375
0 0.774219 0.646094 0.0734375 0.0921875
0 0.530469 0.469531 0.0765625 0.0984375
0 0.821094 0.346875 0.0796875 0.096875
