0 0.680469 0.291406 0.0359375 0.0609375
0 0.2 0.321875 0.05625 0.078125
0 0.750781 0.478906 0.0515625 0.0671875
0 0.702344 0.704687 0.0515625 0.065625
0 0.471875 0.521094 0.046875 0.0734375
0 0.199219 0.488281 0.0546875 0.0765625
0 0.296875 0.817969 0.059375 0.0765625
0 0.823438 0.653906 0.05 0.0765625
0 0.603125 0.791406 0.059375 0.0796875
0 0.576563 0.439844 0.059375 0.0796875
0 0.5 0.308594 0.05 0.0671875
0 0.649219 0.738281 0.0546875 0.0765625
0 0.327344 0.623438 0.0609375 0.08125
0 0.196875 0.563281 0.05625 0.0734375
0 0.35625 0.820312 0.05625 0.065625
0 0.910937 0.513281 0.053125 0.0703125
0 0.773438 0.592969 0.04375 0.0734375
0 0.161719 0.6125 0.0546875 0.075
0 0.325 0.304688 0.053125 0.075
0 0.103125 0.336719 0.05 0.0796875
0 0.282813 0.728125 0.053125 0.071875
0 0.261719 0.417969 0.0515625 0.0828125
0 0.277344 0.571094 0.0609375 0.0765625
0 0.674219 0.678906 0.0578125 0.0765625
0 0.260938 0.336719 0.05625 0.0765625
0 0.160938 0.697656 0.05625 0.0734375
0 0.789844 0.528125 0.0546875 0.065625
0 0.605469 0.378125 0.0546875 0.08125
0 0.360938 0.46875 0.053125 0.075
0 0.260156 0.499219 0.0484375 0.0703125
0 0.601562 0.672656 0.059375 0.0703125
0 0.113281 0.496875 0.0546875 0.075
0 0.413281 0.297656 0.0578125 0.0765625
0 0.752344 0.39375 0.0484375 0.06875
0 0.182812 0.772656 0.053125 0.0796875
0 0.114844 0.407813 0.0515625 0.065625
0 0.801562 0.454688 0.059375 0.075
0 0.233594 0.8 0.0515625 0.078125
0 0.363281 0.346875 0.0609375 0.084375
0 0.407813 0.804688 0.053125 0.08125
0 0.448438 0.353906 0.059375 0.0734375
0 0.153906 0.528906 0.0578125 0.0890625
0 0.644531 0.292969 0.0546875 0.0734375
0 0.157031 0.313281 0.0484375 0.0703125
0 0.224219 0.247656 0.0609375 0.0734375
0 0.407031 0.401563 0.0578125 0.078125
0 0.648438 0.428125 0.053125 0.075
0 0.411719 0.578906 0.0609375 0.0703125
0 0.694531 0.605469 0.0515625 0.0765625
0 0.448438 0.753906 0.059375 0.0796875
0 0.214062 0.414062 0.053125 0.06875
0 0.557813 0.722656 0.053125 0.0734375
0 0.688281 0.522656 0.0578125 0.0765625
0 0.30625 0.390625 0.053125 0.08125
0 0.336719 0.703906 0.0609375 0.0765625
0 0.309375 0.504687 0.053125 0.075
0 0.928906 0.429688 0.0578125 0.075
0 0.520312 0.45625 0.046875 0.06875
0 0.333594 0.213281 0.0515625 0.0703125
0 0.560938 0.303906 0.05625 0.0703125
0 0.76875 0.665625 0.05625 0.071875
0 0.569531 0.585156 0.0484375 0.0640625
0 0.710156 0.419531 0.0546875 0.0828125
0 0.748438 0.319531 0.05625 0.0734375
0 0.283594 0.250781 0.0578125 0.0671875
0 0.103125 0.653125 0.0625 0.084375
0 0.203125 0.664844 0.059375 0.0734375
0 0.819531 0.399219 0.0515625 0.0765625
0 0.859375 0.471094 0.053125 0.0734375
0 0.474219 0.617969 0.0609375 0.0859375
0 0.390625 0.21875 0.05625 0.078125
0 0.54375 0.653906 0.0625 0.0703125
0 0.508594 0.778125 0.0578125 0.078125
0 0.157031 0.444531 0.0546875 0.0765625
0 0.409375 0.483594 0.05625 0.0859375
0 0.454688 0.260938 0.053125 0.059375
0 0.539844 0.36875 0.0609375 0.084375
0 0.732813 0.567187 0.05 0.071875
0 0.43125 0.657812 0.05 0.071875
0 0.10625 0.574219 0.05625 0.0703125
0 0.482812 0.39375 0.05 0.071875
0 0.857031 0.549219 0.0546875 0.0734375
0 0.392188 0.732031 0.053125 0.0796875
0 0.478906 0.84375 0.0578125 0.075
0 0.492188 0.705469 0.05625 0.0734375
0 0.636719 0.56875 0.0578125 0.078125
0 0.260156 0.639063 0.0546875 0.071875
0 0.357031 0.544531 0.0578125 0.0765625
0 0.55 0.845312 0.065625 0.0875
0 0.38125 0.634375 0.05625 0.078125
0 0.66875 0.361719 0.053125 0.0765625
0 0.23125 0.719531 0.05625 0.0765625
0 0.621094 0.491406 0.0609375 0.0734375
0 0.51875 0.566406 0.059375 0.0703125
0 0.55625 0.511719 0.05625 0.0859375
