0 0.670313 0.807813 0.0375 0.040625
0 0.767969 0.802344 0.0359375 0.0453125
0 0.425781 0.402344 0.0265625 0.0390625
0 0.770312 0.500781 0.03125 0.0359375
0 0.844531 0.666406 0.0328125 0.0453125
0 0.386719 0.238281 0.0265625 0.0328125
0 0.70625 0.665625 0.0375 0.0375
0 0.303906 0.833594 0.0390625 0.0328125
0 0.810156 0.705469 0.0328125 0.0484375
0 0.582812 0.81875 0.0375 0.053125
0 0.678906 0.794531 0.0328125 0.0453125
0 0.807813 0.592188 0.0375 0.05625
0 0.780469 0.725 0.0359375 0.046875
0 0.810156 0.438281 0.0265625 0.0359375
0 0.497656 0.820312 0.0421875 0.05625
0 0.764844 0.423438 0.0265625 0.034375
0 0.444531 0.691406 0.0359375 0.0359375
0 0.754687 0.642187 0.040625 0.059375
0 0.313281 0.655469 0.0296875 0.0359375
0 0.388281 0.274219 0.0453125 0.0546875
0 0.540625 0.278906 0.034375 0.0484375
0 0.340625 0.636719 0.05 0.0609375
0 0.734375 0.338281 0.025 0.0359375
0 0.775 0.766406 0.03125 0.0421875
0 0.68125 0.330469 0.0375 0.0546875
0 0.539062 0.864844 0.0375 0.0453125
0 0.651563 0.290625 0.04375 0.0625
0 0.239844 0.6375 0.0484375 0.05625
0 0.299219 0.289844 0.0421875 0.0515625
0 0.561719 0.75 0.0421875 0.05
0 0.517187 0.892187 0.040625 0.05
0 0.700781 0.498437 0.0421875 0.05625
0 0.235938 0.496875 0.040625 0.05625
0 0.555469 0.4125 0.0359375 0.05625
0 0.55625 0.9 0.0375 0.04375
0 0.374219 0.715625 0.0359375 0.040625
0 0.596875 0.764063 0.040625 0.053125
0 0.610937 0.895312 0.040625 0.05
0 0.864844 0.385938 0.0453125 0.059375
0 0.367188 0.655469 0.040625 0.0484375
0 0.459375 0.126563 0.040625 0.046875
0 0.757812 0.591406 0.034375 0.0484375
0 0.63125 0.228125 0.05 0.071875
0 0.577344 0.642187 0.0421875 0.046875
0 0.6625 0.867188 0.0375 0.046875
0 0.588281 0.592188 0.0453125 0.059375
0 0.734375 0.747656 0.040625 0.0484375
0 0.438281 0.540625 0.0421875 0.05
0 0.263281 0.708594 0.0453125 0.0546875
0 0.486719 0.692187 0.0359375 0.05625
0 0.476562 0.320312 0.04375 0.053125
0 0.7375 0.834375 0.0375 0.053125
0 0.347656 0.859375 0.0453125 0.0625
0 0.513281 0.766406 0.0421875 0.0515625
0 0.482031 0.892187 0.0421875 0.053125
0 0.55 0.235938 0.04375 0.05
0 0.299219 0.40625 0.0453125 0.05
0 0.314844 0.3625 0.0484375 0.059375
0 0.476562 0.736719 0.04375 0.0484375
0 0.814062 0.653125 0.0375 0.053125
0 0.508594 0.1125 0.0421875 0.059375
0 0.275781 0.353906 0.0453125 0.0546875
0 0.284375 0.619531 0.04375 0.0578125
0 0.427344 0.796875 0.0421875 0.053125
0 0.389844 0.16875 0.0421875 0.05625
0 0.224219 0.553906 0.0515625 0.0578125
0 0.582812 0.130469 0.0375 0.0578125
0 0.446094 0.3625 0.0421875 0.0625
0 0.547656 0.539844 0.0390625 0.0578125
0 0.346094 0.432813 0.0390625 0.059375
0 0.397656 0.527344 0.0390625 0.0546875
0 0.426562 0.878906 0.040625 0.0484375
0 0.598437 0.296875 0.04375 0.0625
0 0.895312 0.414844 0.040625 0.0609375
0 0.521875 0.607031 0.04375 0.0578125
0 0.642187 0.694531 0.040625 0.0515625
0 0.809375 0.482812 0.040625 0.05625
0 0.586719 0.517187 0.0421875 0.05625
0 0.724219 0.428906 0.0390625 0.0515625
0 0.664844 0.110156 0.0484375 0.0640625
0 0.483594 0.389844 0.0390625 0.0546875
0 0.344531 0.489844 0.0390625 0.0578125
0 0.457812 0.428906 0.040625 0.0484375
0 0.353125 0.532812 0.04375 0.053125
0 0.424219 0.292188 0.0390625 0.046875
0 0.472656 0.171094 0.0390625 0.0578125
0 0.621875 0.853906 0.0375 0.0515625
0 0.521875 0.509375 0.040625 0.05
0 0.691406 0.710156 0.0421875 0.0484375
0 0.421875 0.585156 0.040625 0.0515625
0 0.457031 0.267188 0.0421875 0.05625
0 0.50625 0.334375 0.0375 0.05625
0 0.555469 0.321094 0.0421875 0.0546875
0 0.467187 0.804688 0.04375 0.053125
0 0.728906 0.241406 0.0453125 0.0546875
0 0.722656 0.194531 0.0390625 0.0484375
0 0.384375 0.478125 0.0375 0.053125
0 0.309375 0.455469 0.040625 0.0546875
0 0.479688 0.500781 0.04375 0.0515625
0 0.417969 0.75 0.0421875 0.053125
0 0.845312 0.284375 0.05 0.065625
0 0.830469 0.540625 0.0390625 0.05625
0 0.741406 0.507812 0.0390625 0.05
0 0.253906 0.421875 0.0453125 0.05625
0 0.385156 0.604688 0.0390625 0.053125
0 0.460938 0.657031 0.0375 0.0578125
0 0.342187 0.732031 0.0375 0.0515625
0 0.632812 0.340625 0.04375 0.0625
0 0.682031 0.442969 0.0390625 0.0546875
0 0.717969 0.78125 0.0390625 0.04375
0 0.530469 0.803125 0.0359375 0.04375
0 0.489062 0.620313 0.0375 0.04375
0 0.305469 0.525781 0.0421875 0.0578125
0 0.597656 0.428125 0.0390625 0.05625
0 0.597656 0.180469 0.0390625 0.0546875
0 0.685156 0.755469 0.0359375 0.0515625
0 0.346875 0.299219 0.0375 0.0546875
0 0.494531 0.535937 0.0390625 0.05
0 0.607813 0.704687 0.0375 0.053125
0 0.673437 0.553906 0.0375 0.0484375
0 0.267188 0.567969 0.040625 0.0515625
0 0.420312 0.446094 0.034375 0.0546875
0 0.309375 0.725781 0.04375 0.0484375
0 0.75625 0.39375 0.040625 0.05625
0 0.544531 0.142188 0.0390625 0.05625
0 0.422656 0.148438 0.0390625 0.059375
0 0.448438 0.208594 0.04375 0.0546875
0 0.771875 0.467187 0.040625 0.053125
0 0.420312 0.233594 0.040625 0.0578125
0 0.753906 0.546875 0.0359375 0.05
0 0.390625 0.420312 0.040625 0.053125
0 0.566406 0.191406 0.0359375 0.0515625
0 0.696094 0.392188 0.0453125 0.0625
0 0.307813 0.794531 0.04375 0.0546875
0 0.628906 0.607813 0.0390625 0.046875
0 0.63125 0.567187 0.040625 0.05
0 0.553906 0.466406 0.0390625 0.0515625
0 0.632031 0.407031 0.0421875 0.0578125
0 0.629687 0.457812 0.0375 0.053125
0 0.371094 0.373437 0.0390625 0.05625
0 0.634375 0.767187 0.04375 0.053125
0 0.754687 0.304688 0.040625 0.053125
0 0.517187 0.196094 0.040625 0.0546875
0 0.491406 0.426562 0.0359375 0.053125
0 0.592969 0.378906 0.0421875 0.0546875
0 0.403906 0.341406 0.0390625 0.0515625
0 0.30625 0.58125 0.04375 0.053125
0 0.494531 0.232031 0.0421875 0.0578125
0 0.667188 0.51875 0.0375 0.05
0 0.692187 0.59375 0.0375 0.05
0 0.41875 0.680469 0.040625 0.0546875
0 0.392188 0.827344 0.040625 0.0484375
0 0.69375 0.834375 0.034375 0.040625
0 0.666406 0.621875 0.0453125 0.053125
0 0.715625 0.555469 0.034375 0.0484375
0 0.46875 0.591406 0.040625 0.0515625
