0 0.366406 0.603125 0.0484375 0.065625
0 0.526563 0.333594 0.03125 0.0328125
0 0.513281 0.896094 0.0484375 0.0578125
0 0.360938 0.633594 0.0375 0.0484375
0 0.419531 0.628125 0.0359375 0.046875
0 0.264844 0.392188 0.0296875 0.053125
0 0.592969 0.507812 0.0453125 0.046875
0 0.396094 0.417188 0.0515625 0.071875
0 0.341406 0.553125 0.0484375 0.053125
0 0.232031 0.639063 0.0390625 0.05625
0 0.715625 0.815625 0.040625 0.05
0 0.2875 0.473437 0.0375 0.053125
0 0.448438 0.248437 0.05 0.0625
0 0.675781 0.810938 0.0515625 0.065625
0 0.689844 0.640625 0.0515625 0.075
0 0.7 0.198437 0.046875 0.0625
0 0.3375 0.733594 0.0375 0.0609375
0 0.338281 0.285156 0.0390625 0.0578125
0 0.575781 0.8375 0.0515625 0.059375
0 0.441406 0.514844 0.0484375 0.0609375
0 0.778125 0.288281 0.046875 0.0578125
0 0.591406 0.589844 0.0453125 0.0609375
0 0.522656 0.647656 0.0390625 0.0640625
0 0.567187 0.457031 0.034375 0.0546875
0 0.592969 0.469531 0.0484375 0.0640625
0 0.369531 0.794531 0.0546875 0.0578125
0 0.495313 0.945312 0.046875 0.065625
0 0.539844 0.238281 0.0421875 0.0609375
0 0.628125 0.702344 0.04375 0.0546875
0 0.521875 0.376563 0.046875 0.059375
0 0.766406 0.401563 0.0546875 0.06875
0 0.633594 0.627344 0.0390625 0.0359375
0 0.557031 0.617969 0.0421875 0.0609375
0 0.270312 0.542188 0.04375 0.05625
0 0.484375 0.81875 0.046875 0.0625
0 0.214844 0.403906 0.0390625 0.0515625
0 0.775781 0.505469 0.0578125 0.0765625
0 0.767969 0.248437 0.0390625 0.05
0 0.564062 0.324219 0.04375 0.0609375
0 0.614844 0.314063 0.0515625 0.059375
0 0.413281 0.883594 0.0515625 0.0609375
0 0.429688 0.2 0.046875 0.0625
0 0.325 0.371875 0.053125 0.065625
0 0.425 0.591406 0.053125 0.0671875
0 0.373437 0.242969 0.04375 0.0609375
0 0.239063 0.292188 0.04375 0.05625
0 0.522656 0.428125 0.0453125 0.059375
0 0.508594 0.244531 0.0421875 0.0515625
0 0.482812 0.692969 0.05 0.0609375
0 0.498437 0.54375 0.040625 0.0625
0 0.710156 0.694531 0.0484375 0.0546875
0 0.232031 0.340625 0.0390625 0.059375
0 0.469531 0.296875 0.0453125 0.0625
0 0.651563 0.460156 0.05 0.0609375
0 0.182812 0.367969 0.03125 0.0515625
0 0.746094 0.19375 0.0484375 0.065625
0 0.328125 0.505469 0.046875 0.0609375
0 0.521875 0.582812 0.0375 0.059375
0 0.520312 0.289062 0.040625 0.059375
0 0.235156 0.492188 0.0421875 0.059375
0 0.66875 0.246094 0.04375 0.0578125
0 0.619531 0.81875 0.0484375 0.071875
0 0.664844 0.678906 0.0484375 0.0640625
0 0.43125 0.31875 0.040625 0.05625
0 0.590625 0.354688 0.04375 0.05625
0 0.677344 0.35625 0.0515625 0.065625
0 0.817969 0.350781 0.0484375 0.0671875
0 0.266406 0.442187 0.0390625 0.053125
0 0.55625 0.175781 0.04375 0.0640625
0 0.727344 0.376563 0.0484375 0.065625
0 0.191406 0.453125 0.0390625 0.05
0 0.447656 0.655469 0.0484375 0.0609375
0 0.725 0.246094 0.04375 0.0578125
0 0.604688 0.884375 0.053125 0.0625
0 0.733594 0.304688 0.0421875 0.05625
0 0.479688 0.467187 0.05 0.0625
0 0.48125 0.402344 0.04375 0.0609375
0 0.691406 0.475 0.0515625 0.059375
0 0.617969 0.405469 0.0421875 0.0578125
0 0.684375 0.5625 0.05 0.065625
0 0.646875 0.186719 0.046875 0.0609375
0 0.701563 0.420312 0.046875 0.05625
0 0.59375 0.217969 0.040625 0.0515625
0 0.517187 0.503125 0.046875 0.0625
0 0.517187 0.717188 0.040625 0.05625
0 0.638281 0.516406 0.0484375 0.0609375
0 0.74375 0.455469 0.046875 0.0609375
0 0.688281 0.307031 0.0484375 0.0578125
0 0.64375 0.583594 0.05 0.0671875
0 0.642969 0.355469 0.0390625 0.0578125
0 0.682031 0.130469 0.0421875 0.0546875
0 0.73125 0.661719 0.04375 0.0640625
0 0.554688 0.553906 0.040625 0.0578125
0 0.567969 0.404687 0.0453125 0.059375
0 0.542969 0.770312 0.0515625 0.0625
0 0.569531 0.270312 0.0484375 0.0625
0 0.479688 0.346094 0.04375 0.0515625
0 0.610156 0.128125 0.0484375 0.065625
0 0.429688 0.453906 0.046875 0.0609375
0 0.467969 0.75625 0.0484375 0.059375
0 0.585938 0.74375 0.05 0.0625
0 0.626562 0.255469 0.046875 0.0578125
0 0.546094 0.704687 0.0453125 0.05625
0 0.732031 0.540625 0.0515625 0.0625
0 0.408594 0.719531 0.0484375 0.0609375
0 0.58125 0.685156 0.04375 0.0546875
