0 0.514844 0.851562 0.0390625 0.05625
0 0.65 0.421875 0.053125 0.05625
0 0.778906 0.747656 0.0453125 0.0640625
0 0.764063 0.801562 0.0375 0.05
0 0.651563 0.583594 0.0375 0.0484375
0 0.709375 0.657031 0.05 0.0609375
0 0.1375 0.571094 0.05 0.0609375
0 0.405469 0.842969 0.0328125 0.0390625
0 0.203125 0.48125 0.04375 0.0625
0 0.139062 0.283594 0.053125 0.0734375
0 0.654688 0.284375 0.05 0.071875
0 0.7375 0.771875 0.040625 0.05
0 0.839063 0.388281 0.046875 0.0484375
0 0.096875 0.523438 0.046875 0.06875
0 0.310937 0.133594 0.053125 0.0859375
0 0.625 0.895312 0.05 0.0625
0 0.485156 0.801562 0.0546875 0.05625
0 0.673437 0.710938 0.046875 0.059375
0 0.374219 0.26875 0.0578125 0.08125
0 0.469531 0.340625 0.0578125 0.084375
0 0.3375 0.3125 0.059375 0.06875
0 0.428125 0.385938 0.053125 0.06875
0 0.573438 0.621094 0.05 0.0640625
0 0.149219 0.501562 0.0578125 0.075
0 0.6125 0.221094 0.053125 0.0703125
0 0.264844 0.813281 0.0515625 0.0578125
0 0.828125 0.653125 0.046875 0.059375
0 0.238281 0.623438 0.0484375 0.05625
0 0.614062 0.578125 0.05 0.0625
0 0.583594 0.655469 0.0453125 0.0484375
0 0.215625 0.163281 0.059375 0.0796875
0 0.101562 0.395312 0.05 0.0625
0 0.81875 0.476562 0.05625 0.05625
0 0.0992187 0.328906 0.0578125 0.0734375
0 0.873438 0.578125 0.05 0.059375
0 0.588281 0.292188 0.0484375 0.06875
0 0.463281 0.551562 0.0484375 0.06875
0 0.555469 0.253906 0.0640625 0.0921875
0 0.249219 0.692187 0.0546875 0.06875
0 0.275781 0.6 0.0546875 0.06875
0 0.230469 0.374219 0.0609375 0.0734375
0 0.842188 0.833594 0.046875 0.0609375
0 0.415625 0.314844 0.05625 0.0734375
0 0.148438 0.428906 0.05 0.0703125
0 0.523438 0.189063 0.05625 0.078125
0 0.732031 0.71875 0.0484375 0.0625
0 0.240625 0.239063 0.05 0.071875
0 0.198437 0.675 0.05625 0.065625
0 0.460938 0.267188 0.05625 0.075
0 0.414062 0.148438 0.04375 0.0625
0 0.829687 0.554688 0.046875 0.0625
0 0.625 0.144531 0.053125 0.0734375
0 0.654688 0.544531 0.05 0.0703125
0 0.423438 0.585938 0.05 0.065625
0 0.722656 0.140625 0.0484375 0.075
0 0.560938 0.49375 0.053125 0.071875
0 0.4625 0.189063 0.05625 0.078125
0 0.178125 0.229687 0.05625 0.075
0 0.663281 0.782812 0.0484375 0.05625
0 0.5125 0.375 0.05625 0.059375
0 0.326562 0.603125 0.05 0.05625
0 0.275 0.41875 0.05625 0.075
0 0.460156 0.478906 0.0515625 0.0671875
0 0.673437 0.110156 0.053125 0.0796875
0 0.410156 0.223438 0.0515625 0.071875
0 0.733594 0.252344 0.0453125 0.0671875
0 0.620313 0.0671875 0.053125 0.090625
0 0.184375 0.315625 0.05625 0.071875
0 0.303906 0.548437 0.0484375 0.0625
0 0.769531 0.6625 0.0421875 0.059375
0 0.277344 0.192969 0.0546875 0.0734375
0 0.68125 0.878906 0.046875 0.0484375
0 0.515625 0.0609375 0.046875 0.06875
0 0.288281 0.667188 0.0546875 0.06875
0 0.719531 0.322656 0.0453125 0.0734375
0 0.415625 0.453906 0.059375 0.0734375
0 0.346094 0.813281 0.0453125 0.0578125
0 0.565625 0.363281 0.046875 0.0703125
0 0.704687 0.601562 0.053125 0.06875
0 0.491406 0.125781 0.0578125 0.0765625
0 0.25 0.303125 0.05 0.06875
0 0.096875 0.639063 0.046875 0.065625
0 0.877344 0.434375 0.0484375 0.0625
0 0.814844 0.357031 0.0546875 0.0671875
0 0.678125 0.34375 0.053125 0.071875
0 0.19375 0.414844 0.05625 0.0796875
0 0.628125 0.703125 0.046875 0.059375
0 0.694531 0.272656 0.0515625 0.0703125
0 0.765625 0.500781 0.05 0.0703125
0 0.566406 0.860937 0.0546875 0.059375
0 0.659375 0.478125 0.053125 0.065625
0 0.248437 0.532031 0.05625 0.0640625
0 0.291406 0.267188 0.0578125 0.078125
0 0.542969 0.678125 0.0515625 0.065625
0 0.476562 0.420312 0.05625 0.065625
0 0.746094 0.421094 0.0421875 0.0546875
0 0.153906 0.353906 0.0515625 0.0703125
0 0.689844 0.196875 0.0640625 0.078125
0 0.386719 0.690625 0.0515625 0.059375
0 0.10625 0.457812 0.046875 0.0625
0 0.332812 0.392188 0.05625 0.071875
0 0.513281 0.558594 0.0515625 0.0640625
0 0.607031 0.5 0.0453125 0.0625
0 0.367969 0.160156 0.0515625 0.0765625
0 0.754687 0.625781 0.05 0.0578125
0 0.505469 0.494531 0.0578125 0.0796875
0 0.530469 0.744531 0.0515625 0.0609375
0 0.755469 0.185937 0.0453125 0.071875
0 0.705469 0.51875 0.0515625 0.0625
0 0.566406 0.560938 0.0515625 0.0625
0 0.382812 0.0898438 0.05625 0.0703125
0 0.252344 0.757812 0.0515625 0.059375
0 0.635156 0.638281 0.0453125 0.0609375
0 0.580469 0.182812 0.0515625 0.075
0 0.457031 0.840625 0.0453125 0.05625
0 0.540625 0.428125 0.053125 0.071875
0 0.20625 0.794531 0.05 0.0546875
0 0.815625 0.614062 0.05 0.0625
0 0.519531 0.310937 0.0515625 0.075
0 0.642187 0.825781 0.040625 0.0609375
0 0.711719 0.465625 0.0515625 0.065625
0 0.91875 0.567969 0.04375 0.0671875
0 0.291406 0.344531 0.0578125 0.0734375
0 0.591406 0.436719 0.0453125 0.0640625
0 0.433594 0.757031 0.0453125 0.0546875
0 0.375781 0.642187 0.0546875 0.06875
0 0.696094 0.803125 0.0453125 0.05625
0 0.745313 0.94375 0.04375 0.053125
0 0.328906 0.217969 0.0578125 0.0734375
0 0.867188 0.703125 0.04375 0.05625
0 0.764844 0.576563 0.0515625 0.065625
0 0.796875 0.308594 0.053125 0.0609375
0 0.391406 0.798437 0.0546875 0.071875
0 0.450781 0.0710938 0.0671875 0.0921875
0 0.604688 0.832812 0.040625 0.059375
0 0.352344 0.517187 0.0578125 0.06875
0 0.303125 0.4875 0.05 0.06875
0 0.428125 0.7125 0.053125 0.065625
0 0.488281 0.670313 0.0546875 0.0625
0 0.613281 0.767187 0.0484375 0.059375
0 0.404687 0.526563 0.04375 0.075
0 0.567187 0.110937 0.053125 0.08125
0 0.355469 0.45 0.0515625 0.071875
0 0.109375 0.716406 0.05 0.0671875
0 0.38125 0.360938 0.046875 0.0625
0 0.185156 0.620313 0.0515625 0.065625
0 0.870313 0.617969 0.04375 0.0515625
0 0.335156 0.691406 0.0515625 0.0640625
0 0.79375 0.419531 0.053125 0.0609375
0 0.295312 0.714844 0.046875 0.0546875
0 0.157813 0.688281 0.053125 0.0671875
0 0.816406 0.714063 0.0484375 0.0625
0 0.19375 0.564062 0.046875 0.071875
0 0.620313 0.352344 0.053125 0.0734375
0 0.75625 0.363281 0.046875 0.0703125
0 0.389062 0.734375 0.05 0.05625
0 0.369531 0.571875 0.0546875 0.065625
0 0.557031 0.796875 0.0515625 0.0625
0 0.104687 0.580469 0.046875 0.0578125
0 0.703125 0.403906 0.053125 0.0703125
0 0.583594 0.730469 0.0515625 0.0671875
0 0.142188 0.632031 0.053125 0.0671875
0 0.30625 0.767187 0.04375 0.05625
0 0.20625 0.738281 0.053125 0.0671875
0 0.242188 0.464063 0.046875 0.075
0 0.834375 0.745313 0.046875 0.05625
0 0.471875 0.610937 0.053125 0.065625
0 0.875781 0.503906 0.0546875 0.0703125
0 0.428906 0.651563 0.0546875 0.06875
0 0.744531 0.871875 0.0453125 0.05625
0 0.520312 0.613281 0.05 0.0671875
0 0.341406 0.746094 0.0484375 0.0640625
0 0.146094 0.759375 0.0515625 0.0625
0 0.472656 0.73125 0.0484375 0.059375
