0 0.25 0.603125 0.05 0.08125
0 0.196875 0.802344 0.05625 0.0546875
0 0.347656 0.471875 0.0546875 0.075
0 0.575 0.811719 0.053125 0.0765625
0 0.765625 0.401563 0.05625 0.065625
0 0.776563 0.310937 0.053125 0.084375
0 0.728125 0.364062 0.053125 0.06875
0 0.421875 0.586719 0.053125 0.0734375
0 0.475781 0.665625 0.0515625 0.078125
0 0.499219 0.735156 0.0609375 0.0765625
0 0.277344 0.364844 0.0546875 0.0796875
0 0.326562 0.378125 0.05625 0.078125
0 0.795313 0.713281 0.059375 0.0703125
0 0.247656 0.425781 0.0578125 0.0828125
0 0.527344 0.790625 0.0515625 0.065625
0 0.601562 0.603906 0.059375 0.0765625
0 0.474219 0.160938 0.0671875 0.075
0 0.299219 0.453125 0.0546875 0.075
0 0.235156 0.329688 0.0515625 0.065625
0 0.176563 0.325 0.0625 0.075
0 0.432813 0.363281 0.05625 0.0828125
0 0.423438 0.655469 0.053125 0.0734375
0 0.6375 0.33125 0.05625 0.06875
0 0.400781 0.49375 0.0609375 0.078125
0 0.217187 0.744531 0.05625 0.0734375
0 0.583594 0.536719 0.0515625 0.0859375
0 0.467187 0.794531 0.053125 0.0671875
0 0.245312 0.258594 0.053125 0.0859375
0 0.702344 0.817969 0.0578125 0.0703125
0 0.219531 0.490625 0.0515625 0.075
0 0.484375 0.589844 0.0625 0.0765625
0 0.519531 0.489844 0.0578125 0.0828125
0 0.45 0.270312 0.059375 0.08125
0 0.677344 0.492969 0.0609375 0.0921875
0 0.389062 0.238281 0.0625 0.0765625
0 0.439063 0.442187 0.05625 0.0875
0 0.335156 0.225781 0.0546875 0.0796875
0 0.533594 0.665625 0.0578125 0.075
0 0.678125 0.746875 0.05625 0.08125
0 0.173438 0.453125 0.046875 0.075
0 0.374219 0.405469 0.0703125 0.0796875
0 0.560156 0.729688 0.0515625 0.071875
0 0.372656 0.560156 0.0578125 0.0796875
0 0.850781 0.345313 0.0703125 0.090625
0 0.413281 0.796094 0.0515625 0.0703125
0 0.784375 0.575 0.0625 0.084375
0 0.216406 0.578125 0.0515625 0.071875
0 0.30625 0.817187 0.05625 0.075
0 0.539844 0.569531 0.0671875 0.0859375
0 0.838281 0.555469 0.0609375 0.0890625
0 0.8375 0.44375 0.059375 0.0875
0 0.571875 0.457812 0.05625 0.071875
0 0.558594 0.292969 0.0609375 0.0828125
0 0.283594 0.74375 0.0578125 0.075
0 0.170312 0.698438 0.053125 0.078125
0 0.717969 0.2875 0.0640625 0.08125
0 0.214062 0.665625 0.059375 0.06875
0 0.196094 0.39375 0.0546875 0.078125
0 0.497656 0.304688 0.0609375 0.090625
0 0.189063 0.617188 0.053125 0.065625
0 0.322656 0.529688 0.0578125 0.08125
0 0.733594 0.450781 0.0640625 0.0796875
0 0.632031 0.675781 0.0609375 0.0921875
0 0.307813 0.310937 0.059375 0.08125
0 0.692187 0.391406 0.075 0.0859375
0 0.817187 0.640625 0.0625 0.084375
0 0.80625 0.496094 0.065625 0.0921875
0 0.16875 0.538281 0.04375 0.0765625
0 0.640625 0.803906 0.065625 0.0671875
0 0.707812 0.549219 0.059375 0.0796875
0 0.66875 0.240625 0.06875 0.09375
0 0.392969 0.725781 0.0578125 0.0734375
0 0.244531 0.797656 0.0546875 0.0609375
0 0.703906 0.679688 0.0640625 0.084375
0 0.614062 0.752344 0.059375 0.0734375
0 0.327344 0.703125 0.0578125 0.078125
0 0.520312 0.214062 0.071875 0.096875
0 0.665625 0.596094 0.065625 0.0828125
0 0.496094 0.426562 0.0578125 0.078125
0 0.357031 0.795313 0.0546875 0.078125
0 0.752344 0.642187 0.0640625 0.071875
0 0.45625 0.520312 0.05625 0.08125
0 0.604688 0.21875 0.065625 0.078125
0 0.195312 0.251563 0.059375 0.078125
0 0.370313 0.319531 0.053125 0.0796875
0 0.369531 0.636719 0.0484375 0.0734375
0 0.546875 0.395312 0.0625 0.0875
0 0.317969 0.60625 0.0578125 0.078125
0 0.269531 0.515625 0.0578125 0.071875
0 0.746875 0.750781 0.059375 0.0765625
0 0.279687 0.667969 0.059375 0.0734375
0 0.817969 0.783594 0.0703125 0.0765625
0 0.445312 0.727344 0.059375 0.0765625
0 0.621094 0.395312 0.0671875 0.0875
0 0.76875 0.839844 0.053125 0.0734375
