0 0.66875 0.628906 0.04375 0.0515625
0 0.807031 0.44375 0.0515625 0.05625
0 0.3125 0.723437 0.05 0.05
0 0.349219 0.610937 0.0484375 0.05625
0 0.611719 0.721094 0.0421875 0.0578125
0 0.185937 0.566406 0.053125 0.0640625
0 0.472656 0.510156 0.0546875 0.0640625
0 0.816406 0.746875 0.0390625 0.046875
0 0.414844 0.539062 0.0515625 0.059375
0 0.266406 0.625 0.0515625 0.053125
0 0.386719 0.486719 0.0421875 0.0546875
0 0.174219 0.666406 0.0578125 0.0546875
0 0.498437 0.563281 0.04375 0.0609375
0 0.721875 0.742188 0.046875 0.065625
0 0.134375 0.551562 0.05 0.0625
0 0.83125 0.575 0.05 0.06875
0 0.678906 0.657031 0.0421875 0.0515625
0 0.6875 0.348437 0.053125 0.075
0 0.314844 0.613281 0.0421875 0.0578125
0 0.453906 0.578125 0.0453125 0.059375
0 0.216406 0.323438 0.0484375 0.071875
0 0.585156 0.420312 0.0484375 0.0625
0 0.389062 0.649219 0.046875 0.0515625
0 0.416406 0.436719 0.0546875 0.0578125
0 0.271875 0.735156 0.040625 0.0609375
0 0.257812 0.275781 0.046875 0.0640625
0 0.885938 0.664062 0.05 0.059375
0 0.2375 0.794531 0.046875 0.0515625
0 0.150781 0.333594 0.0515625 0.0671875
0 0.300781 0.278125 0.0546875 0.078125
0 0.165625 0.594531 0.05 0.0578125
0 0.14375 0.483594 0.046875 0.0640625
0 0.398438 0.246094 0.053125 0.0703125
0 0.402344 0.589844 0.0515625 0.0609375
0 0.761719 0.744531 0.0421875 0.0578125
0 0.571875 0.353125 0.046875 0.065625
0 0.771094 0.649219 0.0484375 0.0546875
0 0.355469 0.221094 0.0515625 0.0640625
0 0.414844 0.378906 0.0578125 0.0640625
0 0.501562 0.278125 0.05 0.071875
0 0.310937 0.392188 0.05 0.0625
0 0.353906 0.301562 0.0546875 0.06875
0 0.814844 0.482031 0.0453125 0.0546875
0 0.759375 0.554688 0.046875 0.0625
0 0.339063 0.674219 0.053125 0.0640625
0 0.7375 0.391406 0.05 0.0671875
0 0.476562 0.321094 0.05 0.0640625
0 0.63125 0.377344 0.05 0.0671875
0 0.769531 0.48125 0.0421875 0.059375
0 0.73125 0.677344 0.04375 0.0515625
0 0.220313 0.484375 0.040625 0.059375
0 0.536719 0.602344 0.0453125 0.0609375
0 0.616406 0.500781 0.0546875 0.0671875
0 0.522656 0.339063 0.0515625 0.065625
0 0.546875 0.651563 0.040625 0.053125
0 0.674219 0.539844 0.0453125 0.0640625
0 0.489844 0.465625 0.0515625 0.06875
0 0.23125 0.677344 0.046875 0.0546875
0 0.358594 0.770312 0.0484375 0.05
0 0.195312 0.378125 0.05 0.0625
0 0.300781 0.346875 0.0546875 0.06875
0 0.671094 0.413281 0.0515625 0.0703125
0 0.459375 0.684375 0.05 0.065625
0 0.623438 0.291406 0.05625 0.0703125
0 0.436719 0.621094 0.0484375 0.0578125
0 0.553125 0.289844 0.053125 0.0703125
0 0.535156 0.429688 0.0484375 0.0625
0 0.672656 0.474219 0.0515625 0.0640625
0 0.578906 0.5875 0.0453125 0.05625
0 0.280469 0.80625 0.0453125 0.05
0 0.176563 0.44375 0.053125 0.0625
0 0.226562 0.730469 0.053125 0.0578125
0 0.490625 0.614844 0.046875 0.0546875
0 0.525781 0.71875 0.0453125 0.059375
0 0.503125 0.663281 0.04375 0.0546875
0 0.742969 0.595312 0.0421875 0.05625
0 0.357812 0.529688 0.04375 0.0625
0 0.620313 0.615625 0.04375 0.05625
0 0.130469 0.400781 0.0546875 0.0734375
0 0.414062 0.315625 0.05625 0.065625
0 0.220313 0.613281 0.0375 0.0578125
0 0.254687 0.366406 0.05625 0.0640625
0 0.294531 0.569531 0.0515625 0.0578125
0 0.452344 0.25 0.0578125 0.06875
0 0.659375 0.715625 0.04375 0.053125
0 0.852344 0.517187 0.0484375 0.059375
0 0.570312 0.541406 0.05 0.0578125
0 0.366406 0.421094 0.0484375 0.0640625
0 0.280469 0.68125 0.0484375 0.05625
0 0.591406 0.654688 0.0421875 0.05
0 0.734375 0.513281 0.053125 0.0671875
0 0.783594 0.388281 0.0484375 0.0671875
0 0.707812 0.629687 0.040625 0.05625
0 0.36875 0.717188 0.046875 0.059375
0 0.896094 0.582031 0.0484375 0.0546875
0 0.25 0.51875 0.05625 0.071875
0 0.795313 0.603125 0.04375 0.05
0 0.726562 0.446875 0.053125 0.0625
0 0.352344 0.365625 0.0546875 0.06875
0 0.309375 0.517969 0.046875 0.0640625
0 0.645312 0.666406 0.04375 0.0546875
0 0.777344 0.69375 0.0421875 0.05
0 0.472656 0.403125 0.0484375 0.06875
0 0.714844 0.582031 0.0421875 0.0546875
0 0.844531 0.703125 0.0421875 0.053125
0 0.819531 0.666406 0.0421875 0.0515625
0 0.289844 0.45625 0.0484375 0.0625
0 0.403906 0.757031 0.0453125 0.0578125
0 0.40625 0.686719 0.046875 0.0578125
0 0.242188 0.582031 0.05 0.0609375
0 0.530469 0.510938 0.0484375 0.065625
0 0.572656 0.482031 0.0515625 0.0640625
0 0.61875 0.560156 0.05 0.0609375
0 0.628125 0.436719 0.05 0.0640625
0 0.444531 0.734375 0.0484375 0.0625
0 0.242969 0.43125 0.0484375 0.059375
0 0.33125 0.464844 0.053125 0.0640625
0 0.567969 0.723437 0.0421875 0.059375
