0 0.764063 0.832031 0.03125 0.0578125
0 0.7 0.269531 0.040625 0.0671875
0 0.300781 0.771094 0.0578125 0.0765625
0 0.275781 0.3 0.0484375 0.0875
0 0.178125 0.566406 0.05 0.0734375
0 0.275 0.459375 0.04375 0.065625
0 0.764063 0.466406 0.05625 0.0734375
0 0.177344 0.401563 0.0546875 0.078125
0 0.279687 0.379687 0.05 0.071875
0 0.288281 0.685156 0.0484375 0.0734375
0 0.354688 0.776563 0.053125 0.071875
0 0.371875 0.311719 0.053125 0.0953125
0 0.241406 0.751562 0.0515625 0.06875
0 0.789062 0.5875 0.046875 0.071875
0 0.121094 0.599219 0.0484375 0.0765625
0 0.599219 0.770312 0.0578125 0.075
0 0.133594 0.450781 0.0484375 0.0703125
0 0.175781 0.646094 0.0515625 0.0734375
0 0.339844 0.666406 0.0578125 0.0796875
0 0.170312 0.486719 0.05 0.0765625
0 0.363281 0.508594 0.0578125 0.0703125
0 0.6 0.653906 0.0625 0.0765625
0 0.286719 0.533594 0.0578125 0.0703125
0 0.707812 0.69375 0.05 0.05625
0 0.371094 0.433594 0.0484375 0.0765625
0 0.194531 0.719531 0.0484375 0.0765625
0 0.416406 0.371875 0.0609375 0.06875
0 0.475 0.590625 0.0625 0.08125
0 0.525 0.540625 0.0625 0.075
0 0.239844 0.674219 0.0546875 0.0703125
0 0.126563 0.296094 0.05 0.0671875
0 0.300781 0.214844 0.0578125 0.0703125
0 0.653125 0.722656 0.05625 0.0734375
0 0.725 0.404687 0.065625 0.078125
0 0.339844 0.270312 0.0546875 0.06875
0 0.472656 0.810156 0.0640625 0.0828125
0 0.835156 0.651563 0.0546875 0.06875
0 0.180469 0.273438 0.0515625 0.06875
0 0.772656 0.657031 0.0640625 0.0703125
0 0.460156 0.328125 0.0546875 0.06875
0 0.528906 0.429688 0.0515625 0.075
0 0.4375 0.628906 0.05625 0.0671875
0 0.233594 0.375 0.0484375 0.06875
0 0.557813 0.699219 0.05625 0.0671875
0 0.560938 0.489844 0.059375 0.0796875
0 0.425 0.267188 0.05625 0.08125
0 0.935938 0.505469 0.05625 0.0890625
0 0.676562 0.6625 0.053125 0.078125
0 0.128906 0.525 0.0515625 0.06875
0 0.480469 0.495313 0.0515625 0.065625
0 0.407813 0.769531 0.05 0.0828125
0 0.660156 0.270312 0.0578125 0.08125
0 0.658594 0.407813 0.0515625 0.075
0 0.139062 0.365625 0.05 0.071875
0 0.209375 0.519531 0.053125 0.0765625
0 0.516406 0.282031 0.0546875 0.0671875
0 0.616406 0.353906 0.0578125 0.0734375
0 0.471875 0.23125 0.05625 0.065625
0 0.698438 0.504687 0.059375 0.08125
0 0.701563 0.592188 0.05625 0.075
0 0.386719 0.599219 0.0578125 0.0703125
0 0.349219 0.178906 0.0578125 0.0734375
0 0.952344 0.425 0.0546875 0.0875
0 0.492969 0.676562 0.0578125 0.075
0 0.583594 0.417188 0.0546875 0.0875
0 0.746094 0.554688 0.0515625 0.075
0 0.447656 0.722656 0.0546875 0.0765625
0 0.31875 0.470313 0.05 0.078125
0 0.414844 0.454688 0.0609375 0.08125
0 0.241406 0.211719 0.0546875 0.0765625
0 0.807031 0.517969 0.0546875 0.0734375
0 0.214844 0.446875 0.0546875 0.078125
0 0.771094 0.378906 0.0515625 0.0765625
0 0.874219 0.546094 0.0640625 0.0734375
0 0.629687 0.470313 0.05625 0.075
0 0.880469 0.464844 0.0609375 0.0765625
0 0.764844 0.302344 0.0609375 0.0828125
0 0.215625 0.616406 0.05625 0.0703125
0 0.544531 0.629687 0.0609375 0.071875
0 0.578125 0.564062 0.05 0.06875
0 0.50625 0.753906 0.05625 0.0765625
0 0.319531 0.353125 0.0578125 0.078125
0 0.495313 0.367188 0.053125 0.075
0 0.68125 0.340625 0.059375 0.075
0 0.549219 0.344531 0.0640625 0.0796875
0 0.578906 0.278125 0.0546875 0.071875
0 0.54375 0.81875 0.065625 0.096875
0 0.642969 0.552344 0.0671875 0.0765625
0 0.84375 0.385938 0.059375 0.078125
0 0.403906 0.1875 0.0515625 0.075
0 0.217969 0.285937 0.0515625 0.078125
0 0.329688 0.583594 0.053125 0.0921875
0 0.269531 0.596875 0.0546875 0.06875
0 0.396875 0.695312 0.05 0.078125
0 0.420312 0.545313 0.05625 0.071875
0 0.819531 0.441406 0.0609375 0.0859375
