0 0.80625 0.2 0.046875 0.046875
0 0.353125 0.352344 0.040625 0.0515625
0 0.352344 0.351562 0.0296875 0.03125
0 0.2375 0.3375 0.034375 0.034375
0 0.805469 0.311719 0.0640625 0.0671875
0 0.196094 0.325 0.0359375 0.05
0 0.2375 0.384375 0.040625 0.059375
0 0.278906 0.419531 0.0390625 0.0578125
0 0.776563 0.800781 0.05 0.0609375
0 0.801562 0.652344 0.046875 0.0515625
0 0.285156 0.259375 0.0453125 0.065625
0 0.849219 0.485938 0.0453125 0.053125
0 0.14375 0.460156 0.053125 0.0640625
0 0.191406 0.421094 0.0546875 0.0640625
0 0.410937 0.561719 0.040625 0.0546875
0 0.499219 0.873438 0.0484375 0.065625
0 0.425781 0.610937 0.0421875 0.05625
0 0.574219 0.336719 0.0390625 0.0546875
0 0.336719 0.382812 0.0421875 0.053125
0 0.636719 0.461719 0.0390625 0.0546875
0 0.689062 0.398438 0.0375 0.05
0 0.471094 0.591406 0.0421875 0.0609375
0 0.452344 0.314844 0.0453125 0.0640625
0 0.267969 0.470313 0.0328125 0.053125
0 0.325781 0.755469 0.0390625 0.0546875
0 0.313281 0.623438 0.0453125 0.05625
0 0.139844 0.521094 0.0453125 0.0609375
0 0.510938 0.791406 0.040625 0.0640625
0 0.610156 0.897656 0.0515625 0.0671875
0 0.3875 0.81875 0.04375 0.059375
0 0.475 0.822656 0.053125 0.0640625
0 0.214844 0.274219 0.0515625 0.0640625
0 0.684375 0.825781 0.046875 0.0640625
0 0.409375 0.664062 0.04375 0.0625
0 0.191406 0.367188 0.0453125 0.05625
0 0.328906 0.242188 0.0484375 0.05625
0 0.130469 0.405469 0.0515625 0.0578125
0 0.883594 0.597656 0.0453125 0.0609375
0 0.549219 0.614844 0.0421875 0.0609375
0 0.926562 0.5375 0.053125 0.065625
0 0.721875 0.498437 0.04375 0.065625
0 0.457031 0.870313 0.0390625 0.059375
0 0.496875 0.422656 0.0375 0.0515625
0 0.739844 0.754687 0.0453125 0.059375
0 0.300781 0.497656 0.0484375 0.0578125
0 0.359375 0.592188 0.04375 0.0625
0 0.696094 0.759375 0.0453125 0.0625
0 0.907812 0.357812 0.05 0.0625
0 0.760938 0.474219 0.046875 0.0671875
0 0.725 0.435937 0.046875 0.05625
0 0.766406 0.7125 0.0484375 0.0625
0 0.232812 0.574219 0.05 0.0640625
0 0.814844 0.767969 0.0515625 0.0703125
0 0.276563 0.602344 0.046875 0.0609375
0 0.801562 0.245312 0.046875 0.053125
0 0.635938 0.25625 0.04375 0.05
0 0.746875 0.653906 0.04375 0.0609375
0 0.569531 0.902344 0.0390625 0.0609375
0 0.352344 0.778125 0.0390625 0.05625
0 0.371094 0.51875 0.0453125 0.059375
0 0.429688 0.278125 0.04375 0.05625
0 0.529688 0.38125 0.04375 0.065625
0 0.597656 0.761719 0.0421875 0.0609375
0 0.734375 0.363281 0.04375 0.0609375
0 0.532812 0.44375 0.04375 0.059375
0 0.648438 0.292188 0.04375 0.05625
0 0.721094 0.863281 0.0453125 0.0640625
0 0.878125 0.416406 0.046875 0.0578125
0 0.803125 0.496094 0.05 0.0609375
0 0.854688 0.200781 0.046875 0.0578125
0 0.953906 0.476562 0.0484375 0.0625
0 0.394531 0.329688 0.0453125 0.0625
0 0.340625 0.721875 0.046875 0.0625
0 0.595312 0.304688 0.040625 0.053125
0 0.383594 0.766406 0.0421875 0.0578125
0 0.311719 0.43125 0.0484375 0.059375
0 0.254687 0.667188 0.046875 0.059375
0 0.465625 0.647656 0.04375 0.0578125
0 0.754687 0.289844 0.05 0.0609375
0 0.433594 0.758594 0.0453125 0.0609375
0 0.33125 0.290625 0.04375 0.059375
0 0.930469 0.26875 0.0421875 0.053125
0 0.455469 0.528906 0.0390625 0.0546875
0 0.49375 0.304688 0.040625 0.05625
0 0.396875 0.392969 0.046875 0.0546875
0 0.285937 0.545313 0.046875 0.0625
0 0.578906 0.520312 0.0453125 0.053125
0 0.345313 0.469531 0.046875 0.0640625
0 0.490625 0.471875 0.04375 0.053125
0 0.242969 0.520312 0.0515625 0.059375
0 0.715625 0.31875 0.046875 0.05625
0 0.842969 0.607031 0.0484375 0.0640625
0 0.828906 0.428125 0.0484375 0.059375
0 0.585156 0.576563 0.0453125 0.065625
0 0.569531 0.414062 0.0453125 0.053125
0 0.621875 0.34375 0.046875 0.0625
0 0.382031 0.26875 0.0453125 0.0625
0 0.808594 0.375781 0.0453125 0.0609375
0 0.621875 0.604688 0.04375 0.05625
0 0.757031 0.415625 0.0453125 0.0625
0 0.5375 0.496094 0.05 0.0578125
0 0.596875 0.225781 0.04375 0.0578125
0 0.478906 0.695312 0.0421875 0.053125
0 0.626562 0.803125 0.046875 0.0625
0 0.204688 0.482812 0.05 0.0625
0 0.429688 0.492188 0.046875 0.05625
0 0.39375 0.446094 0.05 0.0609375
0 0.504687 0.592188 0.04375 0.059375
0 0.694531 0.664844 0.0515625 0.0640625
0 0.554688 0.803125 0.046875 0.059375
0 0.623438 0.40625 0.046875 0.065625
0 0.695312 0.553906 0.040625 0.0609375
0 0.322656 0.567187 0.0453125 0.0625
0 0.679688 0.444531 0.05 0.0609375
0 0.670313 0.505469 0.05 0.0640625
0 0.507031 0.655469 0.0390625 0.0546875
0 0.653906 0.871875 0.0515625 0.065625
0 0.872656 0.30625 0.0484375 0.059375
0 0.732031 0.55625 0.0390625 0.05625
0 0.84375 0.546094 0.05 0.0609375
0 0.539844 0.292969 0.0453125 0.0578125
0 0.720312 0.800781 0.034375 0.0546875
0 0.707031 0.250781 0.0421875 0.0609375
0 0.500781 0.53125 0.0484375 0.059375
0 0.68125 0.199219 0.046875 0.0640625
0 0.85625 0.657031 0.046875 0.0578125
0 0.447656 0.379687 0.0390625 0.05
0 0.516406 0.707031 0.0453125 0.0609375
0 0.555469 0.853906 0.0421875 0.0546875
0 0.88125 0.248437 0.05 0.065625
0 0.254687 0.305469 0.040625 0.0546875
0 0.433594 0.805469 0.0421875 0.0578125
0 0.632031 0.65 0.0421875 0.05625
0 0.278125 0.728125 0.046875 0.059375
0 0.589063 0.467969 0.046875 0.0578125
0 0.553906 0.242969 0.0421875 0.0546875
0 0.921875 0.421875 0.046875 0.0625
0 0.605469 0.703125 0.0453125 0.059375
0 0.667969 0.334375 0.0484375 0.0625
0 0.491406 0.254687 0.0421875 0.053125
0 0.567187 0.730469 0.04375 0.0546875
0 0.442969 0.434375 0.0453125 0.059375
0 0.360938 0.654688 0.040625 0.053125
0 0.64375 0.553906 0.04375 0.0578125
0 0.544531 0.677344 0.0515625 0.0671875
0 0.480469 0.761719 0.0421875 0.0515625
0 0.492188 0.36875 0.040625 0.05625
0 0.292969 0.327344 0.0421875 0.0609375
0 0.670313 0.703906 0.040625 0.0546875
0 0.717969 0.607813 0.0484375 0.059375
0 0.382031 0.707812 0.0421875 0.059375
0 0.770312 0.617969 0.046875 0.0578125
0 0.78125 0.564844 0.05 0.0609375
0 0.628906 0.73125 0.0390625 0.05
0 0.617969 0.517187 0.0453125 0.059375
0 0.429688 0.707812 0.05 0.0625
0 0.317187 0.692969 0.040625 0.0546875
0 0.592188 0.829687 0.04375 0.053125
0 0.71875 0.710938 0.05 0.0625
0 0.90625 0.472656 0.05 0.0640625
0 0.882812 0.535156 0.046875 0.0640625
0 0.669531 0.610937 0.0484375 0.065625
0 0.542969 0.559375 0.0453125 0.0625
0 0.59375 0.649219 0.040625 0.0578125
