0 0.251563 0.519531 0.0625 0.104687
0 0.501562 0.301562 0.078125 0.103125
0 0.833594 0.540625 0.0609375 0.10625
0 0.286719 0.764844 0.0609375 0.0859375
0 0.846094 0.721094 0.0609375 0.0984375
0 0.78125 0.864844 0.059375 0.0703125
0 0.830469 0.808594 0.0640625 0.0890625
0 0.822656 0.450781 0.0671875 0.0984375
0 0.7125 0.878125 0.075 0.06875
0 0.602344 0.626562 0.0640625 0.103125
0 0.327344 0.372656 0.0640625 0.0984375
0 0.135937 0.724219 0.059375 0.0828125
0 0.757031 0.339063 0.0734375 0.084375
0 0.714063 0.69375 0.071875 0.08125
0 0.473437 0.380469 0.05625 0.0984375
0 0.496094 0.854688 0.0734375 0.090625
0 0.326562 0.840625 0.059375 0.096875
0 0.453125 0.463281 0.071875 0.0890625
0 0.4375 0.782812 0.06875 0.075
0 0.500781 0.5375 0.0640625 0.09375
0 0.425781 0.2625 0.0703125 0.1
0 0.397656 0.716406 0.0734375 0.0859375
0 0.675781 0.503906 0.0640625 0.101562
0 0.6 0.779688 0.071875 0.09375
0 0.83125 0.625 0.071875 0.08125
0 0.200781 0.672656 0.0671875 0.0984375
0 0.376563 0.439063 0.0625 0.096875
0 0.375781 0.184375 0.0734375 0.10625
0 0.557813 0.853906 0.071875 0.0890625
0 0.670313 0.810156 0.06875 0.0796875
0 0.563281 0.700781 0.0671875 0.0890625
0 0.265625 0.667969 0.071875 0.0828125
0 0.348437 0.277344 0.065625 0.0984375
0 0.892969 0.564844 0.0703125 0.0921875
0 0.74375 0.528906 0.075 0.101562
0 0.642969 0.882031 0.0640625 0.0953125
0 0.670313 0.583594 0.075 0.0953125
0 0.448438 0.635156 0.071875 0.0921875
0 0.307031 0.486719 0.0765625 0.0984375
0 0.627344 0.415625 0.0796875 0.103125
0 0.738281 0.623438 0.0640625 0.1
0 0.4125 0.841406 0.071875 0.0890625
0 0.278125 0.30625 0.075 0.103125
0 0.635938 0.713281 0.071875 0.0890625
0 0.363281 0.532812 0.0671875 0.08125
0 0.363281 0.634375 0.0734375 0.090625
0 0.242969 0.428125 0.0765625 0.096875
0 0.498437 0.675 0.071875 0.0875
0 0.604688 0.527344 0.078125 0.0953125
0 0.560156 0.251563 0.0734375 0.096875
0 0.504687 0.186719 0.08125 0.0953125
0 0.521094 0.766406 0.0734375 0.107813
0 0.566406 0.360156 0.0734375 0.0984375
0 0.433594 0.546875 0.0734375 0.103125
0 0.207813 0.770312 0.071875 0.078125
0 0.203125 0.48125 0.075 0.096875
0 0.745313 0.780469 0.071875 0.101562
0 0.185156 0.569531 0.0734375 0.0890625
0 0.392969 0.354688 0.0796875 0.1
0 0.542969 0.45625 0.0765625 0.096875
0 0.533594 0.621094 0.0734375 0.0796875
0 0.332031 0.74375 0.0734375 0.103125
0 0.657812 0.321875 0.071875 0.1
0 0.694531 0.407031 0.0796875 0.104687
0 0.307031 0.58125 0.0765625 0.09375
