0 0.936719 0.932031 0.0421875 0.0671875
0 0.224219 0.304688 0.0421875 0.071875
0 0.548437 0.603906 0.071875 0.0921875
0 0.322656 0.503906 0.0578125 0.0828125
0 0.498437 0.304688 0.0625 0.075
0 0.561719 0.167187 0.0640625 0.065625
0 0.773438 0.314844 0.059375 0.0859375
0 0.20625 0.377344 0.046875 0.0765625
0 0.673437 0.328906 0.059375 0.0921875
0 0.250781 0.389844 0.0578125 0.0734375
0 0.274219 0.55625 0.0609375 0.078125
0 0.322656 0.189844 0.0578125 0.0796875
0 0.500781 0.38125 0.0671875 0.08125
0 0.152344 0.428125 0.0578125 0.078125
0 0.317969 0.264844 0.0609375 0.0765625
0 0.2625 0.634375 0.059375 0.071875
0 0.25625 0.476562 0.0625 0.06875
0 0.382031 0.240625 0.0640625 0.071875
0 0.309375 0.43125 0.059375 0.08125
0 0.217969 0.533594 0.0546875 0.0859375
0 0.267969 0.307031 0.0640625 0.0921875
0 0.464063 0.220313 0.065625 0.0875
0 0.521875 0.75 0.0625 0.1
0 0.377344 0.553125 0.0578125 0.1
0 0.554688 0.426562 0.059375 0.0875
0 0.155469 0.509375 0.0546875 0.084375
0 0.208594 0.457812 0.0546875 0.071875
0 0.796094 0.488281 0.0671875 0.0796875
0 0.332031 0.350781 0.0578125 0.0828125
0 0.378906 0.636719 0.0578125 0.0921875
0 0.202344 0.628906 0.0546875 0.0796875
0 0.315625 0.672656 0.059375 0.0890625
0 0.690625 0.589063 0.06875 0.084375
0 0.446875 0.35 0.0625 0.084375
0 0.164062 0.578125 0.0625 0.071875
0 0.409375 0.722656 0.065625 0.0890625
0 0.610937 0.464844 0.0625 0.0890625
0 0.435937 0.525781 0.059375 0.0828125
0 0.457812 0.765625 0.0625 0.1
0 0.388281 0.467969 0.0609375 0.0859375
0 0.619531 0.289844 0.0671875 0.0828125
0 0.438281 0.627344 0.0640625 0.0859375
0 0.389844 0.378125 0.0609375 0.078125
0 0.666406 0.514844 0.0640625 0.0859375
0 0.753906 0.548437 0.0703125 0.096875
0 0.615625 0.376563 0.065625 0.075
0 0.723437 0.269531 0.071875 0.0890625
0 0.620313 0.192969 0.06875 0.0921875
0 0.498437 0.65625 0.0625 0.103125
0 0.58125 0.691406 0.071875 0.0953125
0 0.558594 0.328125 0.0703125 0.078125
0 0.495313 0.558594 0.065625 0.0984375
0 0.632812 0.634375 0.071875 0.0875
0 0.607031 0.55625 0.0734375 0.08125
0 0.494531 0.467969 0.0703125 0.0828125
0 0.532031 0.235156 0.0640625 0.0734375
0 0.270312 0.228906 0.0625 0.0828125
0 0.544531 0.516406 0.0640625 0.0984375
0 0.41875 0.28125 0.065625 0.08125
0 0.433594 0.43125 0.0640625 0.09375
0 0.733594 0.467969 0.0734375 0.0890625
0 0.805469 0.397656 0.0734375 0.0953125
0 0.324219 0.598437 0.0671875 0.078125
0 0.682031 0.204688 0.0703125 0.084375
0 0.66875 0.429688 0.075 0.0875
0 0.732813 0.380469 0.075 0.0890625
