0 0.322656 0.902344 0.0484375 0.0640625
0 0.575 0.635938 0.040625 0.05625
0 0.236719 0.864844 0.0484375 0.0609375
0 0.700781 0.515625 0.0515625 0.05625
0 0.68125 0.31875 0.046875 0.05625
0 0.192188 0.851562 0.046875 0.059375
0 0.458594 0.197656 0.0421875 0.0515625
0 0.485156 0.825781 0.0484375 0.0640625
0 0.357031 0.813281 0.0453125 0.0640625
0 0.614844 0.103125 0.0484375 0.05625
0 0.666406 0.201562 0.0484375 0.05625
0 0.673437 0.582812 0.05 0.065625
0 0.524219 0.107813 0.0515625 0.053125
0 0.313281 0.523438 0.0421875 0.05625
0 0.264062 0.401563 0.046875 0.05625
0 0.565625 0.449219 0.046875 0.0609375
0 0.424219 0.31875 0.0484375 0.0625
0 0.474219 0.638281 0.0421875 0.0609375
0 0.546875 0.298438 0.04375 0.0625
0 0.5125 0.7625 0.05 0.0625
0 0.563281 0.7625 0.0515625 0.0625
0 0.33125 0.844531 0.04375 0.0609375
0 0.208594 0.647656 0.0359375 0.0578125
0 0.298438 0.808594 0.040625 0.0609375
0 0.235156 0.919531 0.0453125 0.0640625
0 0.489062 0.588281 0.05 0.0578125
0 0.297656 0.577344 0.0390625 0.0546875
0 0.725 0.459375 0.053125 0.06875
0 0.646094 0.136719 0.0453125 0.0640625
0 0.278125 0.749219 0.04375 0.0578125
0 0.648438 0.253906 0.046875 0.0640625
0 0.422656 0.233594 0.0515625 0.0609375
0 0.239844 0.649219 0.0421875 0.0515625
0 0.559375 0.134375 0.046875 0.0625
0 0.196094 0.908594 0.0421875 0.0609375
0 0.635156 0.3125 0.0484375 0.065625
0 0.448438 0.732813 0.05 0.065625
0 0.296875 0.689062 0.04375 0.059375
0 0.64375 0.644531 0.053125 0.0640625
0 0.394531 0.825 0.0484375 0.065625
0 0.3625 0.742188 0.046875 0.0625
0 0.24375 0.467187 0.040625 0.05625
0 0.324219 0.633594 0.0453125 0.0578125
0 0.502344 0.509375 0.0421875 0.05625
0 0.199219 0.717188 0.0421875 0.05625
0 0.210938 0.796094 0.040625 0.0578125
0 0.589063 0.691406 0.05 0.0609375
0 0.396094 0.598437 0.0484375 0.0625
0 0.278906 0.93125 0.0484375 0.059375
0 0.399219 0.29375 0.0421875 0.05625
0 0.575781 0.194531 0.0484375 0.0640625
0 0.546094 0.363281 0.0453125 0.0640625
0 0.683594 0.425781 0.0515625 0.0640625
0 0.609375 0.589063 0.05 0.06875
0 0.485156 0.697656 0.0453125 0.0640625
0 0.496875 0.221094 0.04375 0.0609375
0 0.383594 0.344531 0.0421875 0.0609375
0 0.282031 0.629687 0.0390625 0.059375
0 0.339844 0.577344 0.0453125 0.0578125
0 0.491406 0.15 0.0484375 0.065625
0 0.532812 0.189063 0.040625 0.0625
0 0.658594 0.476562 0.0484375 0.0625
0 0.652344 0.364062 0.0546875 0.0625
0 0.24375 0.703125 0.046875 0.0625
0 0.432813 0.480469 0.04375 0.0609375
0 0.592188 0.399219 0.053125 0.0671875
0 0.303125 0.354688 0.04375 0.05625
0 0.23125 0.542969 0.040625 0.0578125
0 0.346094 0.688281 0.0453125 0.0609375
0 0.285156 0.867188 0.0484375 0.0625
0 0.570312 0.0671875 0.04375 0.05625
0 0.340625 0.35625 0.04375 0.05625
0 0.253906 0.810938 0.0421875 0.059375
0 0.634375 0.419531 0.046875 0.0640625
0 0.441406 0.819531 0.0515625 0.0640625
0 0.166406 0.817969 0.0421875 0.0578125
0 0.457812 0.401563 0.046875 0.0625
0 0.379687 0.542969 0.040625 0.0546875
0 0.515625 0.645312 0.053125 0.0625
0 0.470313 0.329688 0.04375 0.05625
0 0.545313 0.591406 0.046875 0.0640625
0 0.279687 0.459375 0.0375 0.059375
0 0.457812 0.274219 0.046875 0.0609375
0 0.3125 0.407031 0.04375 0.0578125
0 0.414844 0.545313 0.0484375 0.059375
0 0.460156 0.53125 0.0484375 0.0625
0 0.270312 0.514844 0.04375 0.0609375
0 0.367188 0.629687 0.04375 0.053125
0 0.342187 0.496875 0.046875 0.065625
0 0.607813 0.471094 0.05 0.0640625
0 0.421094 0.379687 0.0484375 0.05
0 0.379687 0.476562 0.04375 0.059375
0 0.507031 0.345313 0.0453125 0.059375
0 0.470313 0.446875 0.046875 0.065625
0 0.257031 0.586719 0.0421875 0.0640625
0 0.616406 0.221875 0.0484375 0.059375
0 0.586719 0.342969 0.0515625 0.0609375
0 0.540625 0.24375 0.04375 0.053125
0 0.539844 0.532031 0.0484375 0.0578125
0 0.542969 0.703125 0.0484375 0.065625
0 0.507031 0.283594 0.0421875 0.0640625
0 0.58125 0.519531 0.05 0.0640625
0 0.313281 0.471094 0.0484375 0.0578125
0 0.707031 0.366406 0.0515625 0.0640625
0 0.15625 0.8875 0.040625 0.0625
0 0.51875 0.451562 0.04375 0.059375
0 0.240625 0.757812 0.040625 0.05625
0 0.389062 0.682031 0.05 0.0640625
0 0.358594 0.417969 0.0484375 0.0640625
0 0.179688 0.753125 0.040625 0.053125
0 0.405469 0.73125 0.0484375 0.0625
0 0.58125 0.260938 0.046875 0.065625
0 0.442969 0.603125 0.0515625 0.0625
0 0.508594 0.396094 0.0484375 0.0640625
0 0.316406 0.749219 0.0453125 0.0609375
0 0.432031 0.660937 0.0484375 0.0625
0 0.633594 0.535937 0.0515625 0.0625
0 0.417969 0.435156 0.0421875 0.0640625
0 0.217187 0.598437 0.040625 0.059375
