0 0.021875 0.989844 0.04375 0.0203125
0 0.620313 0.476562 0.04375 0.053125
0 0.703906 0.376563 0.0421875 0.065625
0 0.153125 0.384375 0.05 0.0625
0 0.563281 0.316406 0.0484375 0.0578125
0 0.271094 0.757031 0.0421875 0.0609375
0 0.5625 0.761719 0.04375 0.0515625
0 0.750781 0.501562 0.0546875 0.05625
0 0.425781 0.614844 0.0453125 0.0515625
0 0.849219 0.574219 0.0546875 0.0640625
0 0.171875 0.411719 0.040625 0.0640625
0 0.878906 0.528906 0.0515625 0.0640625
0 0.552344 0.489844 0.0421875 0.0578125
0 0.336719 0.501562 0.0421875 0.053125
0 0.6125 0.323438 0.046875 0.053125
0 0.475781 0.600781 0.0484375 0.0515625
0 0.435156 0.563281 0.0421875 0.0640625
0 0.164062 0.460938 0.046875 0.05625
0 0.385938 0.725781 0.04375 0.0515625
0 0.463281 0.334375 0.0453125 0.059375
0 0.324219 0.783594 0.0453125 0.0484375
0 0.913281 0.641406 0.0390625 0.0671875
0 0.410937 0.4375 0.040625 0.0625
0 0.251563 0.559375 0.046875 0.059375
0 0.541406 0.260938 0.0484375 0.059375
0 0.911719 0.477344 0.0453125 0.0609375
0 0.329688 0.746094 0.05 0.0609375
0 0.661719 0.363281 0.0546875 0.0640625
0 0.623438 0.688281 0.040625 0.0609375
0 0.592969 0.526563 0.0484375 0.05625
0 0.608594 0.760938 0.0421875 0.0625
0 0.289844 0.728125 0.0421875 0.05625
0 0.721875 0.6875 0.046875 0.065625
0 0.35625 0.340625 0.04375 0.065625
0 0.638281 0.422656 0.0515625 0.0609375
0 0.904688 0.557813 0.05 0.059375
0 0.571094 0.575 0.0484375 0.065625
0 0.436719 0.702344 0.0421875 0.0546875
0 0.874219 0.708594 0.0546875 0.0671875
0 0.126563 0.534375 0.05 0.0625
0 0.171875 0.639844 0.04375 0.0546875
0 0.370313 0.773438 0.040625 0.059375
0 0.509375 0.329688 0.04375 0.065625
0 0.778906 0.392969 0.0640625 0.101562
0 0.6375 0.529688 0.05 0.065625
0 0.290625 0.592188 0.04375 0.053125
0 0.7125 0.56875 0.05 0.065625
0 0.497656 0.657031 0.0484375 0.0640625
0 0.679688 0.69375 0.046875 0.059375
0 0.821875 0.650781 0.05625 0.0671875
0 0.119531 0.629687 0.0453125 0.05625
0 0.544531 0.375 0.0453125 0.0625
0 0.795313 0.589063 0.04375 0.0625
0 0.134375 0.66875 0.04375 0.05625
0 0.407031 0.326562 0.0453125 0.065625
0 0.446875 0.278906 0.040625 0.0640625
0 0.228906 0.767969 0.0390625 0.0515625
0 0.440625 0.501562 0.046875 0.05625
0 0.302344 0.649219 0.0484375 0.0578125
0 0.371094 0.475781 0.0453125 0.0640625
0 0.704687 0.736719 0.046875 0.0546875
0 0.24375 0.35 0.046875 0.05625
0 0.192188 0.560156 0.046875 0.0609375
0 0.366406 0.572656 0.0453125 0.0609375
0 0.746875 0.729688 0.046875 0.05625
0 0.407813 0.780469 0.04375 0.0609375
0 0.55625 0.652344 0.053125 0.0640625
0 0.797656 0.528906 0.0484375 0.0609375
0 0.530469 0.439844 0.0453125 0.0640625
0 0.527344 0.546094 0.0546875 0.0671875
0 0.396875 0.664844 0.04375 0.0609375
0 0.217187 0.671094 0.040625 0.0578125
0 0.758594 0.546094 0.0453125 0.0609375
0 0.321094 0.553125 0.0421875 0.059375
0 0.497656 0.3875 0.0484375 0.0625
0 0.255469 0.707031 0.0421875 0.0578125
0 0.335156 0.603125 0.0421875 0.059375
0 0.803125 0.7125 0.05 0.05625
0 0.222656 0.470313 0.0453125 0.0625
0 0.58125 0.438281 0.05 0.0671875
0 0.392969 0.525 0.0484375 0.059375
0 0.509375 0.75625 0.046875 0.0625
0 0.295312 0.464844 0.04375 0.0578125
0 0.221875 0.614062 0.04375 0.0625
0 0.455469 0.442187 0.0484375 0.05625
0 0.457812 0.651563 0.04375 0.05625
0 0.703906 0.621875 0.0484375 0.059375
0 0.259375 0.654688 0.04375 0.053125
0 0.492188 0.278125 0.04375 0.05625
0 0.75 0.603906 0.04375 0.0578125
0 0.533594 0.704687 0.0453125 0.05625
0 0.697656 0.44375 0.0484375 0.0625
0 0.207031 0.7375 0.0421875 0.059375
0 0.595312 0.640625 0.05 0.065625
0 0.10625 0.428906 0.04375 0.0609375
0 0.333594 0.429688 0.0453125 0.059375
0 0.45625 0.757812 0.046875 0.0625
0 0.164844 0.579687 0.0453125 0.059375
0 0.167187 0.510156 0.04375 0.0578125
0 0.35625 0.6875 0.046875 0.0625
0 0.657812 0.75 0.04375 0.059375
0 0.0914062 0.575781 0.0453125 0.0609375
0 0.669531 0.574219 0.0421875 0.0609375
0 0.69375 0.504687 0.05 0.0625
0 0.440625 0.390625 0.05 0.0625
0 0.642969 0.642187 0.0515625 0.0625
0 0.582812 0.707812 0.046875 0.0625
0 0.617188 0.583594 0.046875 0.0578125
0 0.282813 0.510156 0.04375 0.0640625
0 0.532031 0.596094 0.0453125 0.0578125
0 0.48125 0.546875 0.04375 0.065625
0 0.319531 0.375781 0.0515625 0.0640625
0 0.607031 0.388281 0.0515625 0.0609375
0 0.0929687 0.486719 0.0453125 0.0609375
0 0.282031 0.410937 0.0453125 0.065625
0 0.182812 0.684375 0.0375 0.05625
0 0.479688 0.696094 0.04375 0.0578125
0 0.767969 0.660937 0.0515625 0.0625
0 0.495313 0.482812 0.046875 0.059375
0 0.39375 0.384375 0.040625 0.0625
