0 0.742969 0.426562 0.0578125 0.08125
0 0.547656 0.872656 0.0515625 0.0671875
0 0.34375 0.440625 0.05625 0.075
0 0.799219 0.650781 0.0515625 0.0859375
0 0.223438 0.325 0.053125 0.084375
0 0.739062 0.628125 0.0625 0.0625
0 0.864062 0.689062 0.0625 0.059375
0 0.667188 0.759375 0.053125 0.065625
0 0.600781 0.758594 0.0515625 0.0703125
0 0.426562 0.491406 0.053125 0.0828125
0 0.727344 0.783594 0.0546875 0.0828125
0 0.358594 0.767969 0.0453125 0.0734375
0 0.310156 0.246875 0.0515625 0.071875
0 0.207813 0.685938 0.046875 0.06875
0 0.564062 0.610156 0.0625 0.0609375
0 0.622656 0.64375 0.0578125 0.075
0 0.621094 0.900781 0.0546875 0.0734375
0 0.325 0.342969 0.05625 0.0796875
0 0.514063 0.8125 0.053125 0.06875
0 0.396875 0.367969 0.05 0.0828125
0 0.599219 0.292188 0.0609375 0.078125
0 0.830469 0.761719 0.0453125 0.0671875
0 0.4 0.289062 0.046875 0.0875
0 0.486719 0.489062 0.0640625 0.075
0 0.461719 0.317187 0.0515625 0.075
0 0.292969 0.551562 0.0453125 0.071875
0 0.83125 0.553125 0.065625 0.078125
0 0.720312 0.683594 0.053125 0.0609375
0 0.727344 0.371875 0.0640625 0.084375
0 0.513281 0.564062 0.0578125 0.075
0 0.475781 0.235938 0.0609375 0.084375
0 0.734375 0.86875 0.05625 0.071875
0 0.511719 0.291406 0.0609375 0.0890625
0 0.21875 0.619531 0.053125 0.0671875
0 0.682813 0.664844 0.059375 0.0828125
0 0.777344 0.341406 0.0609375 0.0953125
0 0.264062 0.480469 0.053125 0.0765625
0 0.309375 0.401563 0.053125 0.06875
0 0.635938 0.705469 0.059375 0.0640625
0 0.285937 0.629687 0.046875 0.075
0 0.713281 0.575 0.0609375 0.071875
0 0.475781 0.846094 0.0578125 0.0609375
0 0.498437 0.371875 0.0625 0.084375
0 0.779688 0.803125 0.053125 0.065625
0 0.371875 0.517969 0.05625 0.0796875
0 0.192969 0.415625 0.0421875 0.06875
0 0.335156 0.651563 0.0515625 0.06875
0 0.671094 0.426562 0.0609375 0.09375
0 0.63125 0.485156 0.059375 0.0765625
0 0.240625 0.732031 0.053125 0.0734375
0 0.800781 0.469531 0.0609375 0.0703125
0 0.658594 0.339063 0.0609375 0.0875
0 0.4 0.66875 0.05625 0.078125
0 0.232031 0.407031 0.0484375 0.0765625
0 0.328125 0.580469 0.0625 0.0859375
0 0.648438 0.24375 0.05625 0.090625
0 0.370313 0.207031 0.05 0.0890625
0 0.769531 0.561719 0.0515625 0.0828125
0 0.384375 0.714063 0.053125 0.065625
0 0.571875 0.677344 0.0625 0.0734375
0 0.447656 0.566406 0.0609375 0.0703125
0 0.203125 0.489062 0.05625 0.06875
0 0.560938 0.388281 0.0625 0.0890625
0 0.858594 0.475781 0.0578125 0.0796875
0 0.439844 0.407813 0.0609375 0.08125
0 0.558594 0.141406 0.0703125 0.0953125
0 0.453906 0.778906 0.0546875 0.0671875
0 0.528906 0.75 0.0546875 0.075
0 0.328125 0.491406 0.05 0.0640625
0 0.783594 0.242188 0.0703125 0.1
0 0.632812 0.81875 0.05625 0.06875
0 0.679688 0.871875 0.05625 0.0625
0 0.542188 0.457031 0.053125 0.0703125
0 0.465625 0.716406 0.0625 0.0671875
0 0.19375 0.563281 0.046875 0.0640625
0 0.16875 0.628906 0.053125 0.0703125
0 0.307813 0.730469 0.05 0.0734375
0 0.708594 0.179688 0.0703125 0.0875
0 0.271094 0.680469 0.0484375 0.0671875
0 0.391406 0.59375 0.0578125 0.08125
0 0.510156 0.642187 0.0671875 0.084375
0 0.653906 0.576563 0.0609375 0.078125
0 0.454688 0.658594 0.053125 0.0859375
0 0.403125 0.789844 0.059375 0.0671875
0 0.571094 0.228906 0.0703125 0.0859375
0 0.242188 0.547656 0.053125 0.0703125
0 0.567187 0.83125 0.0625 0.06875
0 0.71875 0.257812 0.078125 0.1
0 0.719531 0.5 0.0578125 0.08125
0 0.824219 0.397656 0.0640625 0.0796875
0 0.620313 0.398438 0.065625 0.096875
0 0.621875 0.16875 0.06875 0.1
0 0.569531 0.532031 0.0609375 0.0796875
0 0.425 0.146875 0.065625 0.084375
