0 0.260156 0.417188 0.0359375 0.04375
0 0.735937 0.246094 0.05 0.0515625
0 0.705469 0.722656 0.0453125 0.0515625
0 0.740625 0.755469 0.0375 0.0578125
0 0.429688 0.5875 0.03125 0.040625
0 0.70625 0.767969 0.04375 0.0578125
0 0.446875 0.576563 0.046875 0.053125
0 0.489062 0.9 0.04375 0.05
0 0.249219 0.605469 0.0359375 0.0328125
0 0.648438 0.850781 0.0375 0.0421875
0 0.61875 0.816406 0.04375 0.0484375
0 0.210156 0.516406 0.0359375 0.0484375
0 0.464844 0.847656 0.0421875 0.0515625
0 0.8 0.421094 0.04375 0.0578125
0 0.7625 0.75625 0.03125 0.05
0 0.780469 0.719531 0.0421875 0.0484375
0 0.459375 0.224219 0.04375 0.0515625
0 0.246094 0.578125 0.0421875 0.0625
0 0.217187 0.567187 0.028125 0.05
0 0.553906 0.128125 0.0390625 0.05
0 0.6125 0.220313 0.046875 0.0625
0 0.2875 0.383594 0.040625 0.0578125
0 0.702344 0.186719 0.0359375 0.0515625
0 0.388281 0.771094 0.0515625 0.0640625
0 0.310937 0.785156 0.040625 0.0453125
0 0.492969 0.604688 0.0421875 0.053125
0 0.674219 0.538281 0.0359375 0.0484375
0 0.786719 0.521875 0.0453125 0.059375
0 0.236719 0.528125 0.0421875 0.053125
0 0.807813 0.489062 0.028125 0.040625
0 0.435156 0.388281 0.0390625 0.0546875
0 0.6625 0.3875 0.04375 0.05625
0 0.614062 0.792969 0.040625 0.0515625
0 0.540625 0.902344 0.04375 0.0578125
0 0.176563 0.571875 0.05 0.059375
0 0.377344 0.247656 0.0359375 0.0484375
0 0.81875 0.678906 0.046875 0.0546875
0 0.640625 0.645312 0.04375 0.05625
0 0.602344 0.4875 0.0453125 0.05625
0 0.361719 0.357031 0.0359375 0.0484375
0 0.690625 0.348437 0.05 0.059375
0 0.542969 0.171094 0.0453125 0.0640625
0 0.336719 0.485156 0.0390625 0.0546875
0 0.459375 0.297656 0.040625 0.0578125
0 0.571094 0.782812 0.0421875 0.053125
0 0.299219 0.66875 0.0421875 0.05
0 0.410156 0.223438 0.0390625 0.059375
0 0.400781 0.871094 0.0453125 0.0578125
0 0.659375 0.788281 0.046875 0.0546875
0 0.434375 0.134375 0.03125 0.05625
0 0.635938 0.289844 0.04375 0.0609375
0 0.388281 0.620313 0.0421875 0.05625
0 0.602344 0.742969 0.0453125 0.0609375
0 0.444531 0.186719 0.0390625 0.0484375
0 0.560156 0.670313 0.0453125 0.0625
0 0.426562 0.803906 0.040625 0.0484375
0 0.603125 0.878125 0.04375 0.05625
0 0.463281 0.785156 0.0390625 0.0515625
0 0.517187 0.816406 0.040625 0.0578125
0 0.764063 0.211719 0.05625 0.0734375
0 0.485938 0.271094 0.05 0.0640625
0 0.403906 0.390625 0.0390625 0.05
0 0.571094 0.0367187 0.0515625 0.0671875
0 0.378906 0.313281 0.0421875 0.0578125
0 0.28125 0.441406 0.040625 0.0578125
0 0.305469 0.259375 0.0359375 0.053125
0 0.347656 0.755469 0.0421875 0.0609375
0 0.504687 0.552344 0.05 0.0609375
0 0.48125 0.363281 0.046875 0.0640625
0 0.840625 0.367188 0.05 0.06875
0 0.802344 0.332031 0.0515625 0.0671875
0 0.742188 0.395312 0.0375 0.05625
0 0.349219 0.132031 0.0390625 0.0546875
0 0.271094 0.253125 0.0359375 0.053125
0 0.671875 0.1375 0.046875 0.05625
0 0.514844 0.675781 0.0421875 0.0578125
0 0.732031 0.467969 0.0421875 0.0578125
0 0.183594 0.440625 0.0390625 0.059375
0 0.559375 0.534375 0.046875 0.0625
0 0.430469 0.09375 0.0359375 0.046875
0 0.407813 0.455469 0.040625 0.0546875
0 0.446875 0.879687 0.040625 0.05625
0 0.727344 0.81875 0.0453125 0.059375
0 0.333594 0.377344 0.0390625 0.0515625
0 0.38125 0.65625 0.04375 0.05
0 0.553906 0.855469 0.0421875 0.0546875
0 0.321875 0.329688 0.0375 0.053125
0 0.720312 0.580469 0.040625 0.0578125
0 0.353125 0.846875 0.04375 0.053125
0 0.186719 0.644531 0.0484375 0.0578125
0 0.778906 0.45625 0.0453125 0.05625
0 0.716406 0.64375 0.0421875 0.05625
0 0.330469 0.703906 0.0453125 0.0515625
0 0.69375 0.249219 0.046875 0.0609375
0 0.396875 0.551562 0.040625 0.053125
0 0.654688 0.740625 0.053125 0.0625
0 0.540625 0.0867188 0.040625 0.0578125
0 0.458594 0.7125 0.0421875 0.059375
0 0.546094 0.745313 0.0453125 0.059375
0 0.565625 0.582031 0.046875 0.0578125
0 0.316406 0.557031 0.0390625 0.0546875
0 0.284375 0.603125 0.04375 0.05625
0 0.428906 0.5 0.0390625 0.046875
0 0.171094 0.49375 0.0421875 0.059375
0 0.510938 0.142969 0.040625 0.0546875
0 0.271094 0.682813 0.0390625 0.05625
0 0.520312 0.478125 0.040625 0.059375
0 0.446094 0.466406 0.0421875 0.0546875
0 0.50625 0.736719 0.04375 0.0578125
0 0.269531 0.320312 0.0453125 0.059375
0 0.59375 0.282031 0.04375 0.0609375
0 0.796875 0.604688 0.040625 0.059375
0 0.339063 0.23125 0.04375 0.05625
0 0.246094 0.802344 0.0453125 0.0578125
0 0.489062 0.09375 0.04375 0.05625
0 0.615625 0.401563 0.046875 0.0625
0 0.692187 0.61875 0.04375 0.05625
0 0.707031 0.3 0.0390625 0.059375
0 0.577344 0.425 0.0421875 0.05625
0 0.567187 0.363281 0.046875 0.0609375
0 0.642969 0.577344 0.0421875 0.0546875
0 0.658594 0.18125 0.0484375 0.0625
0 0.60625 0.691406 0.04375 0.0546875
0 0.364844 0.404687 0.0359375 0.053125
0 0.51875 0.241406 0.046875 0.0640625
0 0.714063 0.529688 0.04375 0.05625
0 0.69375 0.483594 0.046875 0.0578125
0 0.76875 0.579687 0.04375 0.05625
0 0.692187 0.855469 0.040625 0.0546875
0 0.640625 0.466406 0.046875 0.0609375
0 0.478125 0.420312 0.046875 0.059375
0 0.242188 0.471094 0.040625 0.0609375
0 0.71875 0.357812 0.0375 0.05625
0 0.623438 0.529688 0.04375 0.053125
0 0.294531 0.488281 0.0390625 0.0578125
0 0.479688 0.504687 0.04375 0.05625
0 0.417969 0.660937 0.0390625 0.05625
0 0.23125 0.667188 0.04375 0.053125
0 0.229687 0.307031 0.0375 0.0546875
0 0.254687 0.3625 0.0375 0.05
0 0.38125 0.114844 0.040625 0.0546875
0 0.44375 0.74375 0.04375 0.053125
0 0.517969 0.328125 0.0453125 0.059375
0 0.369531 0.19375 0.0421875 0.05625
0 0.36875 0.49375 0.040625 0.053125
0 0.207031 0.371094 0.0359375 0.0578125
0 0.53125 0.386719 0.04375 0.0609375
0 0.353906 0.296875 0.0328125 0.053125
0 0.713281 0.432031 0.0484375 0.0578125
0 0.417969 0.278906 0.0421875 0.0515625
0 0.417188 0.342969 0.040625 0.0546875
0 0.564062 0.228906 0.053125 0.0703125
0 0.495313 0.1875 0.04375 0.059375
0 0.771094 0.646875 0.0421875 0.0625
0 0.40625 0.704687 0.040625 0.053125
0 0.60625 0.603906 0.04375 0.0546875
0 0.621875 0.342969 0.05 0.0671875
0 0.5875 0.169531 0.046875 0.0578125
0 0.405469 0.169531 0.0390625 0.0546875
0 0.454688 0.0664062 0.04375 0.0578125
0 0.328906 0.630469 0.0421875 0.0546875
0 0.354688 0.542188 0.040625 0.053125
0 0.466406 0.151562 0.0390625 0.05625
0 0.544531 0.285156 0.0515625 0.0640625
0 0.332031 0.433594 0.0390625 0.0609375
0 0.220313 0.734375 0.046875 0.059375
