0 0.609375 0.877344 0.028125 0.0265625
0 0.646875 0.264844 0.028125 0.0265625
0 0.68125 0.789062 0.025 0.03125
0 0.692187 0.58125 0.025 0.046875
0 0.667188 0.785937 0.034375 0.04375
0 0.576563 0.809375 0.025 0.046875
0 0.655469 0.727344 0.0296875 0.0484375
0 0.698438 0.625781 0.03125 0.0390625
0 0.532812 0.305469 0.025 0.0328125
0 0.563281 0.446875 0.0296875 0.03125
0 0.294531 0.120312 0.0359375 0.0375
0 0.291406 0.501562 0.0359375 0.053125
0 0.286719 0.649219 0.0359375 0.0484375
0 0.45 0.700781 0.028125 0.0421875
0 0.732813 0.449219 0.028125 0.0359375
0 0.614062 0.360938 0.025 0.03125
0 0.775 0.30625 0.028125 0.046875
0 0.697656 0.373437 0.0328125 0.0375
0 0.363281 0.325 0.0359375 0.04375
0 0.710938 0.201562 0.034375 0.0375
0 0.248437 0.610156 0.0375 0.0359375
0 0.640625 0.632031 0.028125 0.0390625
0 0.548437 0.688281 0.03125 0.0421875
0 0.648438 0.207031 0.028125 0.0390625
0 0.495313 0.0664062 0.034375 0.0359375
0 0.183594 0.335156 0.0296875 0.0515625
0 0.210938 0.329688 0.028125 0.040625
0 0.557031 0.289844 0.0328125 0.0328125
0 0.24375 0.470313 0.034375 0.053125
0 0.717969 0.353125 0.0328125 0.0375
0 0.645312 0.396875 0.0375 0.040625
0 0.224219 0.415625 0.0359375 0.0375
0 0.304688 0.457031 0.0375 0.0484375
0 0.401563 0.477344 0.034375 0.0484375
0 0.621094 0.110937 0.0328125 0.05
0 0.257812 0.523438 0.0375 0.0375
0 0.555469 0.194531 0.0296875 0.0390625
0 0.676562 0.192969 0.028125 0.0453125
0 0.74375 0.424219 0.034375 0.0453125
0 0.675781 0.136719 0.0328125 0.0421875
0 0.710938 0.141406 0.034375 0.0484375
0 0.480469 0.15 0.0328125 0.040625
0 0.601562 0.317969 0.021875 0.0484375
0 0.571094 0.401563 0.0296875 0.046875
0 0.499219 0.452344 0.0328125 0.0453125
0 0.626562 0.221875 0.028125 0.04375
0 0.222656 0.511719 0.0359375 0.0390625
0 0.507031 0.635156 0.0296875 0.0515625
0 0.448438 0.894531 0.034375 0.0578125
0 0.402344 0.895312 0.0390625 0.05
0 0.414062 0.865625 0.0375 0.053125
0 0.186719 0.490625 0.0359375 0.05
0 0.426562 0.552344 0.0375 0.0484375
0 0.628906 0.815625 0.0390625 0.053125
0 0.260938 0.247656 0.034375 0.0484375
0 0.584375 0.696094 0.034375 0.0421875
0 0.186719 0.282813 0.0296875 0.04375
0 0.575781 0.535937 0.0359375 0.046875
0 0.475 0.848437 0.034375 0.05
0 0.582031 0.480469 0.0328125 0.0359375
0 0.233594 0.272656 0.0359375 0.0421875
0 0.269531 0.576563 0.0359375 0.04375
0 0.601562 0.735156 0.034375 0.0390625
0 0.371094 0.596094 0.0359375 0.0484375
0 0.71875 0.603125 0.03125 0.046875
0 0.544531 0.0992187 0.0328125 0.0390625
0 0.7375 0.573438 0.034375 0.046875
0 0.474219 0.347656 0.0359375 0.0359375
0 0.648438 0.501562 0.034375 0.04375
0 0.434375 0.189844 0.034375 0.0484375
0 0.459375 0.530469 0.03125 0.0515625
0 0.466406 0.160938 0.0328125 0.04375
0 0.210938 0.460156 0.034375 0.0390625
0 0.783594 0.264844 0.0328125 0.0453125
0 0.194531 0.238281 0.0390625 0.0515625
0 0.588281 0.427344 0.0328125 0.0453125
0 0.573438 0.115625 0.034375 0.046875
0 0.728125 0.229687 0.034375 0.046875
0 0.68125 0.482031 0.034375 0.0390625
0 0.497656 0.889063 0.0328125 0.053125
0 0.61875 0.629687 0.034375 0.05
0 0.528906 0.592969 0.0328125 0.0453125
0 0.636719 0.772656 0.0359375 0.0484375
0 0.758594 0.496094 0.0328125 0.0453125
0 0.709375 0.559375 0.03125 0.04375
0 0.621094 0.158594 0.0359375 0.0484375
0 0.497656 0.519531 0.0390625 0.0515625
0 0.488281 0.614844 0.0359375 0.0453125
0 0.552344 0.327344 0.0265625 0.0484375
0 0.610937 0.853906 0.034375 0.0453125
0 0.33125 0.720312 0.034375 0.05
0 0.274219 0.396875 0.0359375 0.04375
0 0.507812 0.0929687 0.0375 0.0453125
0 0.333594 0.127344 0.0359375 0.0453125
0 0.477344 0.1125 0.0328125 0.040625
0 0.339844 0.435156 0.0390625 0.0453125
0 0.382812 0.139844 0.034375 0.0484375
0 0.336719 0.345313 0.0328125 0.05
0 0.333594 0.171094 0.0328125 0.0421875
0 0.301562 0.314063 0.034375 0.04375
0 0.583594 0.357812 0.0359375 0.040625
0 0.667188 0.23125 0.03125 0.046875
0 0.690625 0.266406 0.03125 0.0421875
0 0.364844 0.1625 0.0359375 0.05
0 0.449219 0.828906 0.0359375 0.0453125
0 0.582031 0.317969 0.0328125 0.0421875
0 0.420312 0.16875 0.03125 0.0375
0 0.421094 0.340625 0.0359375 0.0375
0 0.355469 0.882031 0.0390625 0.0515625
0 0.328906 0.296875 0.0359375 0.040625
0 0.459375 0.950781 0.034375 0.0546875
0 0.555469 0.916406 0.0359375 0.0546875
0 0.541406 0.871094 0.0328125 0.0546875
0 0.288281 0.273438 0.0328125 0.046875
0 0.402344 0.207813 0.0359375 0.053125
0 0.729688 0.3875 0.034375 0.0375
0 0.695312 0.322656 0.03125 0.0421875
0 0.651563 0.167969 0.03125 0.0421875
0 0.573438 0.853906 0.0375 0.0484375
0 0.519531 0.728906 0.0359375 0.0546875
0 0.444531 0.126563 0.0328125 0.046875
0 0.755469 0.266406 0.0328125 0.0421875
0 0.294531 0.228906 0.0328125 0.0421875
0 0.671094 0.2875 0.0296875 0.0375
0 0.729688 0.648438 0.0375 0.05
0 0.459375 0.235156 0.034375 0.0453125
0 0.309375 0.805469 0.040625 0.0546875
0 0.189844 0.425 0.0328125 0.04375
0 0.414844 0.70625 0.0359375 0.05
0 0.464844 0.0578125 0.0359375 0.04375
0 0.421094 0.665625 0.0359375 0.05
0 0.514844 0.676562 0.0359375 0.04375
0 0.515625 0.496094 0.03125 0.0421875
0 0.31875 0.204688 0.0375 0.046875
0 0.752344 0.358594 0.0328125 0.0484375
0 0.225 0.555469 0.0375 0.0484375
0 0.167969 0.373437 0.0359375 0.053125
0 0.290625 0.171875 0.0375 0.046875
0 0.355469 0.283594 0.0359375 0.0453125
0 0.386719 0.507812 0.0359375 0.040625
0 0.565625 0.772656 0.03125 0.0484375
0 0.203906 0.374219 0.0359375 0.0453125
0 0.504687 0.955469 0.0375 0.0515625
0 0.635156 0.301562 0.0328125 0.04375
0 0.610937 0.517187 0.034375 0.04375
0 0.478125 0.271875 0.034375 0.04375
0 0.686719 0.528906 0.0359375 0.0484375
0 0.680469 0.440625 0.0296875 0.046875
0 0.301562 0.553906 0.034375 0.0484375
0 0.575781 0.167969 0.0296875 0.0453125
0 0.622656 0.433594 0.0328125 0.0390625
0 0.658594 0.604688 0.0296875 0.04375
0 0.496875 0.192969 0.034375 0.0515625
0 0.370313 0.642969 0.03125 0.0453125
0 0.355469 0.842969 0.0359375 0.0484375
0 0.454688 0.305469 0.034375 0.0421875
0 0.355469 0.684375 0.0359375 0.04375
0 0.292188 0.705469 0.0375 0.0546875
0 0.417188 0.11875 0.03125 0.04375
0 0.336719 0.392969 0.0359375 0.0453125
0 0.349219 0.497656 0.0359375 0.0453125
0 0.390625 0.353125 0.0375 0.05
0 0.621094 0.257812 0.0328125 0.04375
0 0.55 0.480469 0.034375 0.0484375
0 0.317969 0.513281 0.0359375 0.0453125
0 0.488281 0.39375 0.0328125 0.046875
0 0.648438 0.453906 0.034375 0.0453125
0 0.471875 0.75625 0.034375 0.053125
0 0.548437 0.369531 0.0375 0.0453125
0 0.66875 0.365625 0.034375 0.04375
0 0.557031 0.577344 0.0296875 0.0453125
0 0.549219 0.154687 0.0328125 0.04375
0 0.534375 0.211719 0.034375 0.0421875
0 0.666406 0.33125 0.0296875 0.040625
0 0.627344 0.679688 0.0328125 0.046875
0 0.4 0.582812 0.0375 0.046875
0 0.255469 0.310937 0.0390625 0.04375
0 0.60625 0.3875 0.034375 0.04375
0 0.596094 0.780469 0.0328125 0.0421875
0 0.528125 0.071875 0.0375 0.040625
0 0.5375 0.769531 0.0375 0.0546875
0 0.422656 0.308594 0.0359375 0.0453125
0 0.370313 0.740625 0.0375 0.046875
0 0.320312 0.254687 0.0375 0.04375
0 0.253125 0.660937 0.034375 0.05
0 0.295312 0.357812 0.034375 0.046875
0 0.617969 0.473437 0.0328125 0.04375
0 0.492188 0.316406 0.03125 0.0453125
0 0.50625 0.767969 0.03125 0.0484375
0 0.622656 0.592969 0.0328125 0.0421875
0 0.394531 0.428906 0.0359375 0.0453125
0 0.471094 0.578125 0.0359375 0.05
0 0.578906 0.652344 0.0359375 0.0453125
0 0.402344 0.758594 0.0328125 0.0484375
0 0.592188 0.601562 0.034375 0.046875
0 0.523438 0.91875 0.034375 0.05
0 0.39375 0.270312 0.034375 0.046875
0 0.63125 0.566406 0.03125 0.0453125
0 0.371875 0.395312 0.034375 0.046875
0 0.378125 0.546094 0.034375 0.0421875
0 0.664062 0.557813 0.034375 0.04375
0 0.528906 0.451562 0.0296875 0.04375
0 0.507812 0.559375 0.0375 0.046875
0 0.742969 0.311719 0.0328125 0.0390625
0 0.705469 0.474219 0.0296875 0.0453125
0 0.78125 0.349219 0.03125 0.0421875
0 0.326562 0.658594 0.034375 0.0484375
0 0.5375 0.253906 0.034375 0.0453125
0 0.555469 0.730469 0.0328125 0.0484375
0 0.430469 0.491406 0.0359375 0.0484375
0 0.403125 0.633594 0.034375 0.0484375
0 0.542188 0.641406 0.034375 0.0453125
0 0.470313 0.478125 0.034375 0.046875
0 0.444531 0.266406 0.0359375 0.0484375
0 0.34375 0.61875 0.034375 0.046875
0 0.517187 0.282031 0.034375 0.0484375
0 0.453125 0.379687 0.034375 0.04375
0 0.511719 0.132031 0.0328125 0.0421875
0 0.371875 0.779688 0.0375 0.05
0 0.553125 0.817187 0.0375 0.05
0 0.364062 0.457031 0.034375 0.0484375
0 0.585938 0.242188 0.034375 0.04375
0 0.440625 0.592969 0.034375 0.0453125
0 0.703906 0.4125 0.0359375 0.040625
0 0.600781 0.207031 0.0296875 0.0390625
0 0.392969 0.678125 0.0359375 0.05
0 0.453906 0.63125 0.0359375 0.046875
0 0.392969 0.817969 0.0390625 0.0515625
0 0.678906 0.746875 0.0390625 0.053125
0 0.640625 0.342969 0.03125 0.0421875
0 0.242188 0.376563 0.034375 0.046875
0 0.535937 0.54375 0.034375 0.046875
0 0.73125 0.510938 0.034375 0.046875
0 0.428125 0.435156 0.034375 0.0484375
0 0.598437 0.558594 0.034375 0.0421875
0 0.415625 0.38125 0.034375 0.046875
0 0.5 0.245312 0.03125 0.04375
0 0.505469 0.810156 0.0359375 0.0484375
0 0.4625 0.43125 0.034375 0.04375
0 0.653906 0.671875 0.0328125 0.04375
0 0.430469 0.784375 0.0359375 0.04375
0 0.517969 0.349219 0.0328125 0.0515625
0 0.480469 0.675781 0.0359375 0.0515625
0 0.304688 0.599219 0.040625 0.0546875
0 0.441406 0.735937 0.0328125 0.046875
0 0.267969 0.436719 0.0359375 0.0515625
0 0.519531 0.410156 0.0359375 0.0484375
0 0.46875 0.8 0.034375 0.046875
0 0.342187 0.560156 0.034375 0.0484375
