0 0.715625 0.721875 0.05 0.053125
0 0.626562 0.644531 0.05 0.0796875
0 0.604688 0.828906 0.046875 0.0546875
0 0.7125 0.727344 0.040625 0.0296875
0 0.3375 0.597656 0.059375 0.0578125
0 0.25 0.447656 0.040625 0.0578125
0 0.673437 0.789844 0.059375 0.0609375
0 0.815625 0.590625 0.03125 0.040625
0 0.424219 0.500781 0.0515625 0.0546875
0 0.7 0.689844 0.046875 0.0671875
0 0.621094 0.703906 0.0390625 0.0515625
0 0.878125 0.696875 0.046875 0.065625
0 0.235156 0.491406 0.0359375 0.0484375
0 0.424219 0.725781 0.0421875 0.0609375
0 0.445312 0.420312 0.0375 0.05625
0 0.474219 0.400781 0.0515625 0.0765625
0 0.138281 0.648438 0.0453125 0.0625
0 0.598437 0.499219 0.0625 0.0640625
0 0.344531 0.246094 0.0421875 0.0546875
0 0.608594 0.857031 0.0390625 0.0421875
0 0.738281 0.435937 0.0484375 0.0625
0 0.689062 0.467187 0.046875 0.0625
0 0.309375 0.644531 0.034375 0.0421875
0 0.524219 0.309375 0.0484375 0.06875
0 0.563281 0.65 0.0515625 0.065625
0 0.529688 0.391406 0.0625 0.0859375
0 0.707812 0.805469 0.040625 0.0484375
0 0.710938 0.185156 0.053125 0.0609375
0 0.425 0.366406 0.04375 0.0734375
0 0.889844 0.634375 0.0671875 0.078125
0 0.588281 0.4125 0.0515625 0.06875
0 0.964844 0.516406 0.0609375 0.0796875
0 0.576563 0.330469 0.059375 0.0953125
0 0.160156 0.739844 0.0515625 0.0578125
0 0.524219 0.639063 0.0390625 0.059375
0 0.549219 0.236719 0.0640625 0.0796875
0 0.771875 0.847656 0.04375 0.0609375
0 0.524219 0.526563 0.0515625 0.06875
0 0.514844 0.589844 0.0515625 0.0609375
0 0.725781 0.534375 0.0546875 0.0625
0 0.652344 0.19375 0.0484375 0.078125
0 0.435156 0.664062 0.0390625 0.059375
0 0.803906 0.425 0.0578125 0.065625
0 0.396875 0.23125 0.04375 0.06875
0 0.357031 0.303125 0.0546875 0.08125
0 0.538281 0.461719 0.0546875 0.0671875
0 0.771875 0.727344 0.046875 0.0578125
0 0.857813 0.757812 0.053125 0.059375
0 0.121094 0.6 0.0453125 0.0625
0 0.339063 0.665625 0.05 0.065625
0 0.764844 0.689844 0.0484375 0.0640625
0 0.451562 0.272656 0.053125 0.0640625
0 0.175 0.370313 0.05 0.06875
0 0.684375 0.321875 0.046875 0.06875
0 0.310156 0.342187 0.0453125 0.05625
0 0.809375 0.682813 0.046875 0.065625
0 0.671875 0.5125 0.05 0.0625
0 0.805469 0.476562 0.0515625 0.05625
0 0.745313 0.277344 0.05 0.0796875
0 0.669531 0.860937 0.0515625 0.053125
0 0.230469 0.641406 0.0515625 0.0734375
0 0.580469 0.75625 0.0578125 0.0625
0 0.89375 0.545313 0.05625 0.0625
0 0.275781 0.489062 0.0546875 0.078125
0 0.428125 0.549219 0.05 0.0640625
0 0.692969 0.24375 0.0546875 0.071875
0 0.696094 0.403125 0.0484375 0.071875
0 0.304688 0.407813 0.053125 0.071875
0 0.102344 0.467969 0.0421875 0.0546875
0 0.794531 0.290625 0.0515625 0.071875
0 0.129688 0.5 0.04375 0.065625
0 0.240625 0.392969 0.046875 0.0640625
0 0.367969 0.371875 0.0515625 0.065625
0 0.728906 0.624219 0.0546875 0.0671875
0 0.607031 0.21875 0.0546875 0.075
0 0.524219 0.703906 0.0515625 0.0671875
0 0.245312 0.29375 0.059375 0.071875
0 0.108594 0.539844 0.0484375 0.0609375
0 0.775 0.607031 0.046875 0.0578125
0 0.745313 0.367188 0.059375 0.071875
0 0.578906 0.582031 0.0578125 0.0703125
0 0.778125 0.549219 0.053125 0.0703125
0 0.803125 0.353906 0.053125 0.0703125
0 0.64375 0.457031 0.05625 0.0734375
0 0.399219 0.420312 0.0515625 0.06875
0 0.632812 0.3375 0.059375 0.065625
0 0.200781 0.529688 0.0484375 0.0625
0 0.129688 0.430469 0.05 0.0640625
0 0.684375 0.589063 0.05 0.0625
0 0.532031 0.778125 0.0421875 0.05625
0 0.482031 0.317187 0.0453125 0.059375
0 0.334375 0.705469 0.04375 0.0546875
0 0.325 0.528906 0.05 0.0703125
0 0.416406 0.617969 0.0484375 0.0640625
0 0.467969 0.736719 0.0421875 0.0609375
0 0.466406 0.201562 0.0671875 0.1
0 0.75625 0.478125 0.046875 0.065625
0 0.734375 0.903125 0.05 0.0625
0 0.25625 0.535156 0.046875 0.0578125
0 0.810156 0.742188 0.0484375 0.059375
0 0.476562 0.692969 0.053125 0.0640625
0 0.483594 0.545313 0.0515625 0.065625
0 0.382812 0.479688 0.046875 0.0625
0 0.470313 0.603125 0.05 0.0625
0 0.195312 0.44375 0.05 0.0625
0 0.375 0.707031 0.05 0.0578125
0 0.484375 0.463281 0.053125 0.0671875
0 0.782031 0.807813 0.0515625 0.0625
0 0.832812 0.810156 0.05 0.0640625
