0 0.525781 0.850781 0.0484375 0.0578125
0 0.3125 0.261719 0.05 0.0671875
0 0.236719 0.721875 0.0390625 0.053125
0 0.295312 0.713281 0.0375 0.0515625
0 0.3875 0.827344 0.046875 0.0609375
0 0.351562 0.185937 0.046875 0.084375
0 0.700781 0.421094 0.0546875 0.0609375
0 0.274219 0.310156 0.0546875 0.0703125
0 0.423438 0.142969 0.05625 0.0703125
0 0.472656 0.201562 0.0515625 0.06875
0 0.688281 0.696094 0.0421875 0.0640625
0 0.473437 0.6375 0.05 0.05625
0 0.8625 0.436719 0.059375 0.0671875
0 0.176563 0.357031 0.059375 0.0578125
0 0.501562 0.321875 0.053125 0.065625
0 0.384375 0.602344 0.05 0.0609375
0 0.675 0.614844 0.053125 0.0703125
0 0.203125 0.294531 0.05 0.0578125
0 0.564844 0.498437 0.0546875 0.06875
0 0.898438 0.585156 0.053125 0.0671875
0 0.100781 0.328125 0.0484375 0.071875
0 0.525781 0.177344 0.0578125 0.0734375
0 0.253125 0.422656 0.053125 0.0609375
0 0.658594 0.3 0.0484375 0.0625
0 0.460938 0.750781 0.040625 0.0609375
0 0.742188 0.284375 0.04375 0.065625
0 0.625781 0.8375 0.0546875 0.065625
0 0.947656 0.559375 0.0515625 0.0625
0 0.348437 0.492188 0.046875 0.071875
0 0.559375 0.245312 0.053125 0.06875
0 0.220313 0.46875 0.046875 0.065625
0 0.864844 0.516406 0.0484375 0.0734375
0 0.667188 0.546875 0.046875 0.065625
0 0.545313 0.794531 0.05 0.0671875
0 0.797656 0.4375 0.0546875 0.078125
0 0.285156 0.583594 0.0515625 0.0671875
0 0.425 0.405469 0.059375 0.0734375
0 0.338281 0.320312 0.0546875 0.06875
0 0.146875 0.279687 0.05625 0.075
0 0.496094 0.582812 0.0515625 0.065625
0 0.439844 0.809375 0.0484375 0.05625
0 0.847656 0.363281 0.0515625 0.0703125
0 0.771094 0.538281 0.0515625 0.0703125
0 0.315625 0.525781 0.05 0.0640625
0 0.859375 0.591406 0.05 0.0703125
0 0.265625 0.664062 0.04375 0.059375
0 0.227344 0.529688 0.0546875 0.0625
0 0.84375 0.649219 0.059375 0.0671875
0 0.744531 0.465625 0.0453125 0.06875
0 0.458594 0.266406 0.0484375 0.0703125
0 0.311719 0.782031 0.0484375 0.0640625
0 0.558594 0.929688 0.0484375 0.059375
0 0.414062 0.229687 0.05625 0.065625
0 0.392969 0.298438 0.0515625 0.06875
0 0.409375 0.467969 0.053125 0.0640625
0 0.575781 0.180469 0.0578125 0.0671875
0 0.757812 0.390625 0.053125 0.075
0 0.235938 0.358594 0.053125 0.0671875
0 0.795313 0.336719 0.05 0.0765625
0 0.582031 0.422656 0.0515625 0.0671875
0 0.464063 0.455469 0.05625 0.0609375
0 0.257812 0.492969 0.05 0.0703125
0 0.240625 0.179688 0.071875 0.075
0 0.645312 0.238281 0.046875 0.0671875
0 0.421094 0.775781 0.0484375 0.0640625
0 0.746875 0.707812 0.05 0.065625
0 0.603125 0.539844 0.05625 0.0703125
0 0.239844 0.255469 0.0546875 0.0671875
0 0.574219 0.834375 0.0484375 0.05625
0 0.521875 0.444531 0.05625 0.0671875
0 0.659375 0.7875 0.053125 0.06875
0 0.219531 0.642187 0.0421875 0.05625
0 0.716406 0.588281 0.0515625 0.0703125
0 0.45625 0.880469 0.046875 0.0640625
0 0.552344 0.319531 0.0515625 0.0671875
0 0.499219 0.905469 0.0515625 0.0640625
0 0.933594 0.482812 0.0484375 0.071875
0 0.591406 0.352344 0.0515625 0.0703125
0 0.357031 0.860156 0.0453125 0.0515625
0 0.439844 0.585156 0.0546875 0.0640625
0 0.483594 0.391406 0.0515625 0.0703125
0 0.495313 0.517187 0.053125 0.075
0 0.38125 0.367969 0.05625 0.0703125
0 0.717188 0.521094 0.053125 0.0640625
0 0.355469 0.425781 0.0546875 0.0671875
0 0.703906 0.753906 0.0515625 0.0640625
0 0.645312 0.416406 0.05 0.0703125
0 0.442969 0.339063 0.0515625 0.065625
0 0.497656 0.811719 0.0515625 0.0671875
0 0.619531 0.280469 0.0546875 0.0703125
0 0.603906 0.774219 0.0546875 0.0671875
0 0.272656 0.770312 0.0453125 0.05625
0 0.721094 0.353125 0.0546875 0.075
0 0.774219 0.628906 0.0546875 0.0703125
0 0.645312 0.676562 0.05 0.06875
0 0.389844 0.532031 0.0546875 0.0703125
0 0.422656 0.639844 0.0484375 0.0640625
0 0.64375 0.349219 0.053125 0.0609375
0 0.328906 0.714063 0.0484375 0.059375
0 0.30625 0.450781 0.053125 0.0640625
0 0.378906 0.714063 0.0515625 0.059375
0 0.553906 0.5625 0.0484375 0.0625
0 0.214062 0.59375 0.05 0.0625
0 0.570312 0.728125 0.053125 0.0625
0 0.315625 0.630469 0.053125 0.0671875
0 0.79375 0.685938 0.059375 0.0625
0 0.525781 0.703906 0.0546875 0.0671875
0 0.808594 0.578125 0.0515625 0.06875
0 0.536719 0.633594 0.0546875 0.0671875
0 0.530469 0.375781 0.0515625 0.0734375
0 0.419531 0.700781 0.0484375 0.0640625
0 0.404687 0.879687 0.05 0.065625
0 0.820312 0.516406 0.053125 0.0734375
0 0.436719 0.528906 0.0546875 0.0703125
0 0.586719 0.670313 0.0546875 0.06875
0 0.51875 0.753906 0.053125 0.0640625
0 0.340625 0.819531 0.04375 0.0546875
0 0.709375 0.655469 0.053125 0.0703125
0 0.50625 0.25625 0.053125 0.06875
0 0.345313 0.578125 0.053125 0.06875
0 0.615625 0.614062 0.05625 0.06875
0 0.628906 0.489844 0.0515625 0.0671875
0 0.641406 0.739062 0.0546875 0.065625
0 0.290625 0.3875 0.05625 0.06875
0 0.360938 0.779688 0.053125 0.0625
0 0.467969 0.696875 0.0546875 0.065625
0 0.371875 0.655469 0.05 0.0640625
