0 0.628125 0.804688 0.028125 0.028125
0 0.464844 0.520312 0.0296875 0.05
0 0.651563 0.632812 0.034375 0.04375
0 0.208594 0.265625 0.0359375 0.04375
0 0.767187 0.639063 0.040625 0.04375
0 0.85625 0.432813 0.0375 0.04375
0 0.635156 0.765625 0.0328125 0.05
0 0.682813 0.617188 0.034375 0.034375
0 0.64375 0.714063 0.034375 0.0375
0 0.889063 0.416406 0.034375 0.0484375
0 0.126563 0.340625 0.03125 0.046875
0 0.429688 0.68125 0.034375 0.046875
0 0.238281 0.8 0.0328125 0.0375
0 0.1375 0.539062 0.034375 0.046875
0 0.876562 0.492188 0.0375 0.04375
0 0.302344 0.900781 0.0296875 0.0390625
0 0.682031 0.128125 0.0296875 0.05
0 0.355469 0.236719 0.0390625 0.0390625
0 0.910156 0.357031 0.0265625 0.0421875
0 0.619531 0.4375 0.0296875 0.034375
0 0.498437 0.250781 0.034375 0.0515625
0 0.363281 0.19375 0.0359375 0.046875
0 0.928125 0.435937 0.040625 0.046875
0 0.785156 0.189844 0.0328125 0.0546875
0 0.703125 0.635938 0.034375 0.04375
0 0.702344 0.360156 0.0359375 0.0390625
0 0.726562 0.220313 0.03125 0.046875
0 0.650781 0.235156 0.0328125 0.0546875
0 0.641406 0.285937 0.0421875 0.046875
0 0.654688 0.779688 0.03125 0.0375
0 0.867969 0.355469 0.0328125 0.0453125
0 0.164062 0.689062 0.034375 0.04375
0 0.499219 0.335156 0.0390625 0.0484375
0 0.882031 0.45 0.0265625 0.034375
0 0.167187 0.280469 0.034375 0.0546875
0 0.5125 0.703125 0.034375 0.046875
0 0.160156 0.382031 0.0421875 0.0421875
0 0.753906 0.246094 0.0328125 0.0515625
0 0.933594 0.469531 0.0265625 0.0359375
0 0.5625 0.460938 0.034375 0.053125
0 0.39375 0.192969 0.034375 0.0515625
0 0.320312 0.614844 0.0375 0.0390625
0 0.7625 0.588281 0.025 0.0359375
0 0.458594 0.4 0.0359375 0.046875
0 0.646094 0.364062 0.0421875 0.04375
0 0.422656 0.723437 0.0359375 0.04375
0 0.488281 0.724219 0.0390625 0.0421875
0 0.439063 0.828906 0.034375 0.0359375
0 0.459375 0.289062 0.034375 0.053125
0 0.338281 0.538281 0.0359375 0.0421875
0 0.825781 0.525 0.0328125 0.05
0 0.814844 0.467187 0.0328125 0.046875
0 0.692969 0.434375 0.0328125 0.04375
0 0.85625 0.689062 0.03125 0.034375
0 0.2 0.528125 0.034375 0.040625
0 0.324219 0.6875 0.0359375 0.040625
0 0.0875 0.579687 0.0375 0.046875
0 0.235156 0.232812 0.0359375 0.053125
0 0.151562 0.345313 0.0375 0.053125
0 0.752344 0.354688 0.0328125 0.046875
0 0.276563 0.79375 0.028125 0.05
0 0.55 0.584375 0.0375 0.05
0 0.667188 0.296094 0.034375 0.0453125
0 0.396875 0.695312 0.034375 0.04375
0 0.803906 0.288281 0.0328125 0.0515625
0 0.739062 0.444531 0.03125 0.0515625
0 0.896875 0.560156 0.034375 0.0421875
0 0.857031 0.571875 0.0390625 0.04375
0 0.589063 0.425781 0.034375 0.0484375
0 0.328906 0.203906 0.0390625 0.0515625
0 0.332031 0.307813 0.0390625 0.046875
0 0.829687 0.672656 0.034375 0.0453125
0 0.265625 0.380469 0.034375 0.0484375
0 0.282813 0.864062 0.03125 0.04375
0 0.814844 0.575 0.0359375 0.046875
0 0.524219 0.614062 0.0359375 0.04375
0 0.373437 0.883594 0.0375 0.0359375
0 0.184375 0.661719 0.034375 0.0484375
0 0.323438 0.851562 0.034375 0.040625
0 0.186719 0.717188 0.0328125 0.04375
0 0.171875 0.758594 0.0375 0.0421875
0 0.575 0.670313 0.034375 0.0375
0 0.334375 0.267188 0.034375 0.053125
0 0.20625 0.805469 0.034375 0.0484375
0 0.438281 0.546094 0.0359375 0.0515625
0 0.771875 0.44375 0.034375 0.05
0 0.15625 0.815625 0.034375 0.040625
0 0.530469 0.816406 0.0359375 0.0484375
0 0.473437 0.166406 0.0375 0.0484375
0 0.610937 0.230469 0.034375 0.0484375
0 0.821094 0.25625 0.0359375 0.05625
0 0.378125 0.725 0.034375 0.04375
0 0.674219 0.497656 0.0359375 0.0421875
0 0.752344 0.185937 0.0328125 0.053125
0 0.334375 0.416406 0.034375 0.0515625
0 0.471875 0.799219 0.034375 0.0390625
0 0.392969 0.853125 0.0328125 0.040625
0 0.839063 0.36875 0.034375 0.053125
0 0.507812 0.123438 0.0375 0.05625
0 0.435937 0.232031 0.0375 0.0578125
0 0.171094 0.547656 0.0328125 0.0421875
0 0.264062 0.253125 0.034375 0.05
0 0.569531 0.541406 0.0328125 0.0515625
0 0.601562 0.753125 0.034375 0.0375
0 0.334375 0.367188 0.034375 0.04375
0 0.704687 0.166406 0.040625 0.0546875
0 0.647656 0.675781 0.0359375 0.0453125
0 0.866406 0.654688 0.0328125 0.046875
0 0.0960938 0.403125 0.0359375 0.053125
0 0.399219 0.379687 0.0359375 0.053125
0 0.569531 0.607031 0.0296875 0.0390625
0 0.229687 0.578125 0.0375 0.05
0 0.870313 0.539062 0.03125 0.05
0 0.475 0.480469 0.0375 0.0453125
0 0.133594 0.279687 0.0359375 0.053125
0 0.680469 0.210156 0.0359375 0.0421875
0 0.514844 0.207031 0.0328125 0.0515625
0 0.221875 0.396094 0.034375 0.0515625
0 0.35625 0.446875 0.034375 0.040625
0 0.489844 0.771094 0.0296875 0.0421875
0 0.248437 0.852344 0.0375 0.0390625
0 0.216406 0.75625 0.0390625 0.04375
0 0.190625 0.417188 0.03125 0.053125
0 0.683594 0.674219 0.0328125 0.0484375
0 0.105469 0.492188 0.0390625 0.053125
0 0.308594 0.520312 0.0359375 0.04375
0 0.425781 0.307813 0.0359375 0.046875
0 0.515625 0.553906 0.028125 0.0484375
0 0.359375 0.850781 0.03125 0.0453125
0 0.792188 0.689844 0.03125 0.0453125
0 0.217187 0.332812 0.03125 0.05
0 0.934375 0.647656 0.034375 0.0484375
0 0.754687 0.396094 0.0375 0.0515625
0 0.136719 0.567969 0.0390625 0.0421875
0 0.797656 0.492188 0.0390625 0.05
0 0.744531 0.714844 0.0359375 0.0390625
0 0.657812 0.407813 0.034375 0.053125
0 0.634375 0.597656 0.0375 0.0421875
0 0.534375 0.332812 0.034375 0.05
0 0.732813 0.51875 0.03125 0.04375
0 0.546094 0.410937 0.0296875 0.053125
0 0.610937 0.18125 0.0375 0.05
0 0.253125 0.685938 0.034375 0.05
0 0.357031 0.615625 0.0296875 0.04375
0 0.733594 0.601562 0.0359375 0.046875
0 0.239063 0.298438 0.0375 0.046875
0 0.764063 0.683594 0.034375 0.0390625
0 0.496875 0.590625 0.03125 0.04375
0 0.570312 0.740625 0.034375 0.05
0 0.778906 0.540625 0.0359375 0.046875
0 0.228906 0.667188 0.0359375 0.046875
0 0.366406 0.678125 0.0359375 0.0375
0 0.429688 0.641406 0.034375 0.0421875
0 0.346875 0.720312 0.03125 0.040625
0 0.340625 0.872656 0.0375 0.0359375
0 0.591406 0.330469 0.0359375 0.0453125
0 0.13125 0.435156 0.034375 0.0484375
0 0.709375 0.73125 0.034375 0.034375
0 0.25625 0.820312 0.0375 0.0375
0 0.797656 0.614844 0.0359375 0.0421875
0 0.690625 0.329688 0.034375 0.04375
0 0.570312 0.789062 0.034375 0.046875
0 0.702344 0.274219 0.0359375 0.0484375
0 0.863281 0.605469 0.0328125 0.0421875
0 0.624219 0.405469 0.0390625 0.0546875
0 0.539062 0.510156 0.034375 0.0484375
0 0.43125 0.378125 0.034375 0.04375
0 0.603125 0.464844 0.0375 0.0453125
0 0.395312 0.242188 0.0375 0.05
0 0.240625 0.608594 0.0375 0.0390625
0 0.38125 0.639844 0.0375 0.0484375
0 0.280469 0.444531 0.0390625 0.0546875
0 0.328906 0.650781 0.0390625 0.0421875
0 0.519531 0.658594 0.0328125 0.0421875
0 0.816406 0.425 0.0359375 0.05
0 0.28125 0.221094 0.0375 0.0546875
0 0.527344 0.471094 0.0359375 0.0484375
0 0.707031 0.690625 0.0328125 0.04375
0 0.409375 0.605469 0.034375 0.0453125
0 0.665625 0.453906 0.034375 0.0453125
0 0.146875 0.653125 0.034375 0.046875
0 0.651563 0.19375 0.0375 0.046875
0 0.458594 0.74375 0.0296875 0.04375
0 0.410156 0.821875 0.0328125 0.0375
0 0.359375 0.394531 0.034375 0.0484375
0 0.169531 0.605469 0.0328125 0.0453125
0 0.404687 0.566406 0.034375 0.0421875
0 0.341406 0.589063 0.0359375 0.046875
0 0.495313 0.294531 0.034375 0.0484375
0 0.523438 0.284375 0.03125 0.05
0 0.241406 0.483594 0.0359375 0.0453125
0 0.792188 0.325 0.03125 0.04375
0 0.674219 0.704687 0.0359375 0.0375
0 0.682031 0.750781 0.0390625 0.0453125
0 0.464844 0.667969 0.0328125 0.0453125
0 0.159375 0.430469 0.034375 0.0515625
0 0.540625 0.707031 0.03125 0.0421875
0 0.639844 0.476562 0.0359375 0.05
0 0.257031 0.767969 0.0328125 0.0390625
0 0.11875 0.66875 0.0375 0.040625
0 0.289062 0.830469 0.034375 0.0453125
0 0.467187 0.56875 0.034375 0.05
0 0.705469 0.527344 0.0328125 0.0453125
0 0.524219 0.74375 0.0359375 0.046875
0 0.207813 0.477344 0.034375 0.0515625
0 0.496875 0.521094 0.034375 0.0484375
0 0.272656 0.508594 0.0359375 0.0453125
0 0.35625 0.341406 0.034375 0.0484375
0 0.402344 0.519531 0.0359375 0.0453125
0 0.552344 0.64375 0.0328125 0.05
0 0.567187 0.294531 0.034375 0.0484375
0 0.434375 0.580469 0.03125 0.0390625
0 0.116406 0.609375 0.0390625 0.04375
0 0.382031 0.43125 0.0328125 0.05
0 0.616406 0.554688 0.0328125 0.046875
0 0.292188 0.39375 0.0375 0.04375
0 0.282813 0.3 0.034375 0.053125
0 0.608594 0.507812 0.0296875 0.04375
0 0.598437 0.279687 0.034375 0.05
0 0.522656 0.379687 0.0359375 0.046875
0 0.347656 0.791406 0.0328125 0.0421875
0 0.374219 0.767969 0.0359375 0.0421875
0 0.728125 0.657031 0.034375 0.0515625
0 0.275781 0.629687 0.0359375 0.05
0 0.442969 0.791406 0.0328125 0.0453125
0 0.367969 0.555469 0.0328125 0.0484375
0 0.444531 0.334375 0.0359375 0.053125
0 0.45625 0.442187 0.034375 0.046875
0 0.492188 0.388281 0.03125 0.0515625
0 0.496094 0.632031 0.0328125 0.0453125
0 0.463281 0.615625 0.0359375 0.04375
0 0.234375 0.71875 0.034375 0.046875
0 0.784375 0.371875 0.034375 0.05
0 0.757812 0.4875 0.034375 0.046875
0 0.604688 0.723437 0.0375 0.040625
0 0.342969 0.754687 0.0359375 0.04375
0 0.596875 0.579687 0.034375 0.05
0 0.153125 0.471094 0.0375 0.0453125
0 0.202344 0.60625 0.0390625 0.046875
0 0.417188 0.416406 0.0375 0.0484375
0 0.282813 0.346875 0.040625 0.046875
0 0.565625 0.35625 0.034375 0.046875
0 0.642969 0.560156 0.0296875 0.0421875
0 0.717188 0.472656 0.034375 0.0484375
0 0.304688 0.782812 0.034375 0.046875
0 0.313281 0.466406 0.0390625 0.0484375
0 0.488281 0.44375 0.0359375 0.05
0 0.601562 0.632812 0.034375 0.04375
0 0.279687 0.750781 0.034375 0.0453125
0 0.642187 0.522656 0.034375 0.0484375
0 0.290625 0.671875 0.0375 0.04375
0 0.239844 0.53125 0.0359375 0.04375
0 0.279687 0.711719 0.03125 0.0421875
0 0.417969 0.766406 0.0328125 0.0421875
0 0.253906 0.448438 0.0328125 0.046875
0 0.555469 0.177344 0.0390625 0.0515625
0 0.716406 0.567969 0.0328125 0.0453125
0 0.553906 0.25 0.0359375 0.05
0 0.680469 0.575 0.0328125 0.05
0 0.391406 0.288281 0.0359375 0.0515625
0 0.307031 0.583594 0.0390625 0.0546875
0 0.390625 0.472656 0.0375 0.0453125
0 0.705469 0.400781 0.0359375 0.0515625
0 0.280469 0.550781 0.0390625 0.0453125
0 0.354688 0.500781 0.0375 0.0453125
