0 0.553906 0.742969 0.0359375 0.0296875
0 0.457812 0.692969 0.0375 0.0453125
0 0.803125 0.741406 0.028125 0.0328125
0 0.344531 0.567969 0.0421875 0.0578125
0 0.675781 0.346094 0.0421875 0.0640625
0 0.705469 0.482812 0.0453125 0.046875
0 0.585938 0.871094 0.0375 0.0515625
0 0.271094 0.614844 0.0328125 0.0390625
0 0.375781 0.482812 0.0421875 0.05625
0 0.703906 0.482812 0.0296875 0.03125
0 0.554688 0.138281 0.034375 0.0515625
0 0.434375 0.807813 0.03125 0.040625
0 0.601562 0.152344 0.040625 0.0546875
0 0.489844 0.739062 0.0484375 0.053125
0 0.639063 0.202344 0.0375 0.0578125
0 0.528906 0.696094 0.0359375 0.0453125
0 0.507812 0.829687 0.04375 0.05
0 0.283594 0.594531 0.0390625 0.0546875
0 0.479688 0.809375 0.046875 0.05
0 0.592969 0.58125 0.0421875 0.04375
0 0.799219 0.289844 0.0515625 0.0703125
0 0.399219 0.563281 0.0453125 0.0578125
0 0.838281 0.730469 0.0484375 0.0515625
0 0.898438 0.423438 0.05625 0.059375
0 0.595312 0.213281 0.04375 0.0640625
0 0.685156 0.159375 0.0359375 0.05
0 0.901563 0.46875 0.046875 0.053125
0 0.200781 0.474219 0.0453125 0.0546875
0 0.598437 0.303125 0.05 0.071875
0 0.679688 0.673437 0.05 0.059375
0 0.510938 0.321094 0.05 0.0765625
0 0.65 0.292969 0.053125 0.0703125
0 0.598437 0.777344 0.04375 0.0546875
0 0.85 0.253125 0.053125 0.06875
0 0.930469 0.602344 0.0484375 0.0609375
0 0.926562 0.682813 0.05625 0.06875
0 0.592188 0.678125 0.04375 0.05625
0 0.675781 0.227344 0.0453125 0.0546875
0 0.558594 0.423438 0.0453125 0.071875
0 0.819531 0.592969 0.0515625 0.0640625
0 0.533594 0.639844 0.0453125 0.0640625
0 0.373437 0.125781 0.053125 0.0703125
0 0.421094 0.846094 0.0390625 0.0484375
0 0.775 0.757812 0.05 0.05625
0 0.704687 0.849219 0.034375 0.0453125
0 0.572656 0.617188 0.0453125 0.05
0 0.476562 0.385938 0.040625 0.0625
0 0.365625 0.705469 0.046875 0.0578125
0 0.457812 0.652344 0.040625 0.0484375
0 0.378906 0.832031 0.0390625 0.0546875
0 0.45625 0.535156 0.046875 0.0515625
0 0.746875 0.260156 0.05 0.0671875
0 0.814062 0.514063 0.05625 0.059375
0 0.341406 0.242969 0.0484375 0.0734375
0 0.551562 0.829687 0.040625 0.046875
0 0.573438 0.728125 0.046875 0.053125
0 0.625781 0.832031 0.0453125 0.0546875
0 0.846875 0.467969 0.05 0.0640625
0 0.260938 0.378125 0.04375 0.0625
0 0.683594 0.561719 0.0515625 0.0671875
0 0.766406 0.339844 0.0453125 0.0640625
0 0.334375 0.601562 0.04375 0.053125
0 0.496094 0.542188 0.0421875 0.05625
0 0.7875 0.629687 0.053125 0.065625
0 0.539062 0.554688 0.04375 0.053125
0 0.352344 0.651563 0.0390625 0.05
0 0.879687 0.557031 0.05 0.0609375
0 0.775 0.479688 0.053125 0.065625
0 0.396875 0.424219 0.05 0.0609375
0 0.247656 0.576563 0.0390625 0.05625
0 0.390625 0.744531 0.034375 0.0484375
0 0.354688 0.411719 0.046875 0.0578125
0 0.838281 0.4 0.0546875 0.0625
0 0.667188 0.857031 0.040625 0.0453125
0 0.704687 0.441406 0.053125 0.0671875
0 0.49375 0.582031 0.04375 0.0484375
0 0.389062 0.778906 0.040625 0.0390625
0 0.80625 0.708594 0.046875 0.0515625
0 0.871875 0.804688 0.04375 0.05625
0 0.291406 0.203125 0.0546875 0.084375
0 0.360156 0.303125 0.0453125 0.0625
0 0.826563 0.342969 0.05 0.0609375
0 0.317969 0.628906 0.0421875 0.0484375
0 0.553125 0.297656 0.04375 0.0671875
0 0.477344 0.478125 0.0453125 0.05
0 0.542188 0.228125 0.05 0.065625
0 0.653125 0.479688 0.05 0.0625
0 0.521875 0.778125 0.0375 0.05625
0 0.59375 0.377344 0.05625 0.0578125
0 0.353125 0.179688 0.05 0.06875
0 0.31875 0.735937 0.0375 0.046875
0 0.776563 0.414844 0.05625 0.0703125
0 0.423438 0.454688 0.04375 0.05625
0 0.448438 0.765625 0.0375 0.05
0 0.324219 0.282031 0.0359375 0.0609375
0 0.457031 0.180469 0.0453125 0.0671875
0 0.73125 0.378125 0.05 0.0625
0 0.767187 0.191406 0.05 0.0671875
0 0.30625 0.417188 0.04375 0.0625
0 0.274219 0.528125 0.0390625 0.05625
0 0.722656 0.313281 0.0515625 0.0671875
0 0.654688 0.605469 0.04375 0.0515625
0 0.270312 0.267188 0.046875 0.065625
0 0.441406 0.238281 0.0515625 0.0703125
0 0.403125 0.192188 0.053125 0.06875
0 0.638281 0.570312 0.0453125 0.05625
0 0.494531 0.653125 0.0453125 0.05625
0 0.632812 0.342187 0.046875 0.059375
0 0.621875 0.641406 0.046875 0.0546875
0 0.703906 0.648438 0.0390625 0.053125
0 0.870313 0.303906 0.05 0.0640625
0 0.622656 0.727344 0.0421875 0.0609375
0 0.526563 0.382812 0.05 0.0625
0 0.664844 0.76875 0.0421875 0.053125
0 0.51875 0.177344 0.05 0.0703125
0 0.33125 0.35625 0.046875 0.0625
0 0.719531 0.804688 0.0390625 0.05
0 0.286719 0.453906 0.0453125 0.0546875
0 0.567187 0.492188 0.05 0.059375
0 0.882812 0.355469 0.05 0.0640625
0 0.728125 0.517187 0.04375 0.053125
0 0.854688 0.675 0.053125 0.0625
0 0.353125 0.742969 0.034375 0.0484375
0 0.657812 0.422656 0.046875 0.0640625
0 0.228906 0.521094 0.0421875 0.0546875
0 0.707812 0.578906 0.04375 0.0515625
0 0.504687 0.432031 0.046875 0.0578125
0 0.867188 0.504687 0.04375 0.05625
0 0.417188 0.303125 0.04375 0.059375
0 0.230469 0.427344 0.0421875 0.0546875
0 0.74375 0.617969 0.046875 0.0484375
0 0.489844 0.236719 0.0546875 0.0703125
0 0.760156 0.56875 0.0484375 0.065625
0 0.422656 0.679688 0.0453125 0.053125
0 0.417188 0.517969 0.046875 0.0578125
0 0.345313 0.785937 0.040625 0.053125
0 0.29375 0.320312 0.040625 0.059375
0 0.367188 0.521875 0.046875 0.05625
0 0.560938 0.53125 0.04375 0.05
0 0.253125 0.480469 0.046875 0.0578125
0 0.390625 0.646094 0.04375 0.0546875
0 0.605469 0.535156 0.0484375 0.0609375
0 0.696094 0.717969 0.0421875 0.0484375
0 0.466406 0.616406 0.0421875 0.0515625
0 0.732031 0.702344 0.0421875 0.0546875
0 0.439844 0.56875 0.0421875 0.053125
0 0.883594 0.614844 0.0484375 0.0578125
0 0.457812 0.425781 0.04375 0.0609375
0 0.257031 0.317187 0.0453125 0.0625
0 0.382031 0.347656 0.0453125 0.0578125
0 0.296875 0.682031 0.040625 0.0453125
0 0.457812 0.108594 0.04375 0.0609375
0 0.395312 0.250781 0.05 0.0640625
0 0.383594 0.599219 0.0421875 0.0546875
0 0.424219 0.620313 0.0421875 0.05
0 0.520312 0.48125 0.046875 0.059375
0 0.308594 0.494531 0.0421875 0.0546875
0 0.341406 0.469531 0.0453125 0.0546875
0 0.332031 0.675 0.0359375 0.05
0 0.317187 0.541406 0.0375 0.0453125
0 0.607813 0.434375 0.05 0.065625
0 0.741406 0.459375 0.0515625 0.065625
0 0.455469 0.30625 0.0484375 0.0625
0 0.43125 0.363281 0.053125 0.0640625
