0 0.13125 0.714063 0.05625 0.06875
0 0.836719 0.664062 0.0546875 0.071875
0 0.298438 0.5 0.046875 0.065625
0 0.10625 0.400781 0.0625 0.0640625
0 0.233594 0.622656 0.0484375 0.0578125
0 0.286719 0.625781 0.0484375 0.0578125
0 0.260938 0.549219 0.05 0.0671875
0 0.347656 0.299219 0.0453125 0.0671875
0 0.8375 0.591406 0.05 0.0671875
0 0.249219 0.302344 0.0546875 0.0671875
0 0.514063 0.676562 0.05 0.059375
0 0.711719 0.574219 0.0453125 0.0609375
0 0.438281 0.724219 0.0515625 0.0703125
0 0.160938 0.538281 0.053125 0.0609375
0 0.288281 0.750781 0.0484375 0.0671875
0 0.191406 0.736719 0.0453125 0.0640625
0 0.747656 0.648438 0.0484375 0.065625
0 0.801562 0.421875 0.05 0.0625
0 0.194531 0.303906 0.0453125 0.0703125
0 0.625781 0.615625 0.0453125 0.059375
0 0.296094 0.325 0.0546875 0.0625
0 0.6125 0.4375 0.053125 0.0625
0 0.119531 0.473437 0.0546875 0.059375
0 0.411719 0.173438 0.0515625 0.065625
0 0.174219 0.401563 0.0515625 0.06875
0 0.714063 0.703125 0.05 0.059375
0 0.135937 0.665625 0.053125 0.06875
0 0.824219 0.489062 0.0515625 0.065625
0 0.367188 0.175 0.046875 0.065625
0 0.383594 0.594531 0.0484375 0.0703125
0 0.465625 0.130469 0.046875 0.0734375
0 0.875781 0.542188 0.0546875 0.065625
0 0.785156 0.626562 0.0484375 0.0625
0 0.66875 0.375781 0.05 0.0671875
0 0.457031 0.353125 0.0484375 0.071875
0 0.0898438 0.546094 0.0546875 0.0640625
0 0.410156 0.657031 0.0484375 0.0640625
0 0.0648438 0.60625 0.0453125 0.065625
0 0.560156 0.685156 0.0515625 0.0671875
0 0.211719 0.542188 0.0484375 0.065625
0 0.123438 0.592188 0.053125 0.06875
0 0.225 0.75625 0.05 0.06875
0 0.453906 0.2625 0.0546875 0.0625
0 0.319531 0.223438 0.0546875 0.0625
0 0.515625 0.160156 0.053125 0.0546875
0 0.329688 0.39375 0.05625 0.0625
0 0.484375 0.742969 0.05 0.0671875
0 0.410156 0.317187 0.0484375 0.06875
0 0.398438 0.257812 0.05 0.0625
0 0.660937 0.683594 0.05 0.0609375
0 0.361719 0.665625 0.0515625 0.06875
0 0.342969 0.542969 0.0515625 0.0671875
0 0.228906 0.246094 0.0515625 0.0640625
0 0.342187 0.457031 0.053125 0.0640625
0 0.489844 0.461719 0.0515625 0.0640625
0 0.634375 0.736719 0.046875 0.0640625
0 0.330469 0.617969 0.0546875 0.0734375
0 0.76875 0.579687 0.053125 0.065625
0 0.510938 0.376563 0.053125 0.065625
0 0.182812 0.607031 0.05 0.0640625
0 0.8 0.539844 0.053125 0.0640625
0 0.619531 0.367188 0.0484375 0.06875
0 0.505469 0.291406 0.0484375 0.0734375
0 0.250781 0.489062 0.0546875 0.065625
0 0.229687 0.428906 0.0625 0.0640625
0 0.528125 0.227344 0.05 0.0640625
0 0.770312 0.455469 0.046875 0.0640625
0 0.492188 0.604688 0.05 0.06875
0 0.575781 0.228906 0.0546875 0.0671875
0 0.719531 0.447656 0.0421875 0.0640625
0 0.586719 0.617188 0.0515625 0.065625
0 0.392969 0.516406 0.0515625 0.0703125
0 0.765625 0.382031 0.05 0.0609375
0 0.142188 0.353125 0.053125 0.06875
0 0.601562 0.299219 0.053125 0.0671875
0 0.534375 0.476562 0.05 0.0625
0 0.29375 0.434375 0.046875 0.059375
0 0.553906 0.298438 0.0515625 0.0625
0 0.479688 0.205469 0.053125 0.0609375
0 0.632031 0.234375 0.0484375 0.0625
0 0.319531 0.689062 0.0546875 0.06875
0 0.417188 0.391406 0.05 0.0640625
0 0.278906 0.378125 0.0453125 0.05625
0 0.658594 0.569531 0.0453125 0.0609375
0 0.564844 0.157813 0.0546875 0.065625
0 0.736719 0.508594 0.0515625 0.0640625
0 0.613281 0.560938 0.0515625 0.0625
0 0.532031 0.746094 0.0515625 0.0671875
0 0.659375 0.302344 0.05 0.0671875
0 0.090625 0.669531 0.053125 0.0671875
0 0.6375 0.500781 0.05 0.0671875
0 0.208594 0.675781 0.0453125 0.0609375
0 0.469531 0.650781 0.0515625 0.0671875
0 0.375781 0.354688 0.0515625 0.065625
0 0.39375 0.735937 0.053125 0.065625
0 0.217969 0.366406 0.0546875 0.0703125
0 0.44375 0.517187 0.053125 0.065625
0 0.78125 0.675 0.04375 0.05625
0 0.500781 0.541406 0.0515625 0.0671875
0 0.538281 0.620313 0.0484375 0.0625
0 0.592188 0.740625 0.05 0.0625
0 0.609375 0.680469 0.04375 0.0609375
0 0.342187 0.75625 0.05 0.059375
0 0.255469 0.6875 0.0546875 0.06875
0 0.185937 0.479688 0.053125 0.06875
0 0.689844 0.629687 0.0515625 0.06875
0 0.557813 0.566406 0.046875 0.0578125
0 0.682813 0.754687 0.046875 0.059375
0 0.583594 0.514063 0.0484375 0.065625
0 0.709375 0.315625 0.053125 0.06875
0 0.719531 0.379687 0.0484375 0.065625
0 0.389844 0.446094 0.0484375 0.0578125
0 0.280469 0.259375 0.0484375 0.0625
0 0.663281 0.444531 0.0515625 0.0640625
0 0.439844 0.45625 0.0484375 0.059375
0 0.683594 0.497656 0.0484375 0.0671875
0 0.444531 0.584375 0.0453125 0.065625
0 0.570312 0.421875 0.05 0.06875
0 0.55625 0.359375 0.053125 0.065625
