0 0.376563 0.824219 0.03125 0.0265625
0 0.572656 0.225 0.0265625 0.0375
0 0.415625 0.509375 0.03125 0.0375
0 0.404687 0.71875 0.03125 0.040625
0 0.646875 0.870313 0.028125 0.05
0 0.574219 0.574219 0.0296875 0.0359375
0 0.574219 0.336719 0.0296875 0.0328125
0 0.7625 0.692187 0.034375 0.053125
0 0.560938 0.523438 0.028125 0.040625
0 0.235938 0.361719 0.028125 0.0359375
0 0.332812 0.467187 0.028125 0.034375
0 0.471094 0.513281 0.0296875 0.0453125
0 0.416406 0.317969 0.0234375 0.0328125
0 0.735156 0.664062 0.0359375 0.046875
0 0.469531 0.729688 0.0328125 0.040625
0 0.196875 0.416406 0.028125 0.0390625
0 0.741406 0.804688 0.0328125 0.053125
0 0.715625 0.29375 0.0375 0.046875
0 0.340625 0.833594 0.034375 0.0359375
0 0.453125 0.930469 0.03125 0.0453125
0 0.214062 0.40625 0.028125 0.040625
0 0.535156 0.442187 0.0328125 0.04375
0 0.495313 0.692969 0.028125 0.0359375
0 0.275781 0.601562 0.0296875 0.0375
0 0.813281 0.382031 0.0265625 0.0546875
0 0.289844 0.4125 0.0296875 0.0375
0 0.375781 0.822656 0.0359375 0.0453125
0 0.348437 0.627344 0.034375 0.0453125
0 0.300781 0.438281 0.0265625 0.0390625
0 0.450781 0.648438 0.0328125 0.034375
0 0.707031 0.842188 0.0390625 0.05
0 0.285937 0.207813 0.025 0.03125
0 0.675781 0.721094 0.0390625 0.0390625
0 0.539062 0.699219 0.03125 0.0421875
0 0.274219 0.339063 0.0234375 0.040625
0 0.296094 0.302344 0.0296875 0.0359375
0 0.390625 0.477344 0.025 0.0453125
0 0.498437 0.505469 0.034375 0.0421875
0 0.201562 0.561719 0.034375 0.0359375
0 0.702344 0.757812 0.0296875 0.05
0 0.388281 0.302344 0.0328125 0.0421875
0 0.309375 0.534375 0.021875 0.0375
0 0.242188 0.385938 0.03125 0.04375
0 0.497656 0.725 0.0328125 0.0375
0 0.444531 0.496094 0.0296875 0.0390625
0 0.702344 0.664062 0.0359375 0.046875
0 0.665625 0.750781 0.034375 0.0390625
0 0.471094 0.703125 0.0328125 0.0375
0 0.51875 0.246875 0.03125 0.040625
0 0.734375 0.375781 0.03125 0.0421875
0 0.359375 0.226562 0.03125 0.040625
0 0.436719 0.340625 0.0328125 0.046875
0 0.6625 0.196875 0.03125 0.040625
0 0.55 0.611719 0.034375 0.0421875
0 0.325 0.885938 0.034375 0.040625
0 0.475 0.391406 0.034375 0.0390625
0 0.527344 0.879687 0.0328125 0.05
0 0.6 0.207813 0.03125 0.0375
0 0.195312 0.500781 0.034375 0.0515625
0 0.735156 0.338281 0.0328125 0.0421875
0 0.303906 0.745313 0.0390625 0.04375
0 0.613281 0.461719 0.0328125 0.0453125
0 0.446094 0.542188 0.0296875 0.04375
0 0.684375 0.576563 0.034375 0.04375
0 0.307031 0.346094 0.0265625 0.0359375
0 0.532812 0.639844 0.03125 0.0390625
0 0.415625 0.158594 0.0375 0.0515625
0 0.517187 0.291406 0.03125 0.0421875
0 0.63125 0.546094 0.0375 0.0453125
0 0.514063 0.153906 0.03125 0.0453125
0 0.408594 0.378906 0.0359375 0.0390625
0 0.551562 0.551562 0.03125 0.04375
0 0.292188 0.566406 0.028125 0.0421875
0 0.564062 0.7 0.028125 0.040625
0 0.488281 0.614844 0.0328125 0.0453125
0 0.352344 0.177344 0.0296875 0.0421875
0 0.557813 0.845312 0.034375 0.04375
0 0.658594 0.525 0.0328125 0.0375
0 0.542188 0.389844 0.028125 0.0359375
0 0.586719 0.547656 0.0359375 0.0421875
0 0.392969 0.799219 0.0328125 0.0421875
0 0.309375 0.617969 0.03125 0.0390625
0 0.346875 0.914062 0.03125 0.040625
0 0.251563 0.517187 0.034375 0.0375
0 0.807813 0.505469 0.03125 0.0390625
0 0.392188 0.557813 0.03125 0.040625
0 0.171094 0.483594 0.0265625 0.0421875
0 0.310156 0.377344 0.0296875 0.0421875
0 0.416406 0.532812 0.0359375 0.04375
0 0.436719 0.871094 0.0328125 0.0453125
0 0.432813 0.619531 0.034375 0.0453125
0 0.535937 0.792188 0.03125 0.04375
0 0.702344 0.415625 0.0296875 0.040625
0 0.332031 0.401563 0.0296875 0.040625
0 0.603125 0.415625 0.03125 0.046875
0 0.325781 0.297656 0.0328125 0.0484375
0 0.409375 0.675781 0.034375 0.0421875
0 0.721875 0.717188 0.0375 0.04375
0 0.259375 0.635156 0.03125 0.0390625
0 0.585156 0.376563 0.0359375 0.04375
0 0.595312 0.764063 0.03125 0.040625
0 0.238281 0.321875 0.0296875 0.0375
0 0.56875 0.792188 0.0375 0.046875
0 0.452344 0.121875 0.0328125 0.04375
0 0.608594 0.820312 0.0328125 0.05
0 0.759375 0.36875 0.03125 0.046875
0 0.351562 0.469531 0.03125 0.0328125
0 0.5875 0.628125 0.03125 0.040625
0 0.654688 0.778906 0.034375 0.0421875
0 0.271875 0.446875 0.03125 0.046875
0 0.439844 0.749219 0.0328125 0.0453125
0 0.2625 0.291406 0.03125 0.0453125
0 0.405469 0.753906 0.0359375 0.0453125
0 0.809375 0.544531 0.03125 0.0453125
0 0.509375 0.424219 0.034375 0.0484375
0 0.390625 0.870313 0.03125 0.04375
0 0.749219 0.410156 0.0328125 0.0421875
0 0.597656 0.504687 0.0296875 0.04375
0 0.50625 0.789844 0.034375 0.0421875
0 0.33125 0.358594 0.03125 0.0421875
0 0.258594 0.729688 0.0296875 0.046875
0 0.475781 0.767187 0.0296875 0.046875
0 0.340625 0.258594 0.028125 0.0390625
0 0.161719 0.442187 0.0328125 0.05
0 0.366406 0.260938 0.0328125 0.0375
0 0.690625 0.45625 0.03125 0.04375
0 0.285937 0.69375 0.034375 0.046875
0 0.632812 0.238281 0.028125 0.0421875
0 0.289844 0.813281 0.0359375 0.0421875
0 0.700781 0.367188 0.0296875 0.046875
0 0.217187 0.33125 0.028125 0.04375
0 0.530469 0.517187 0.0359375 0.05
0 0.267188 0.558594 0.03125 0.0390625
0 0.417188 0.8375 0.028125 0.04375
0 0.303125 0.246875 0.034375 0.04375
0 0.405469 0.245312 0.0328125 0.04375
0 0.480469 0.90625 0.0328125 0.040625
0 0.738281 0.521875 0.0328125 0.04375
0 0.622656 0.767187 0.0296875 0.040625
0 0.321875 0.660937 0.028125 0.04375
0 0.583594 0.44375 0.0328125 0.0375
0 0.291406 0.644531 0.0296875 0.0390625
0 0.289844 0.520312 0.0296875 0.040625
0 0.671875 0.346875 0.034375 0.04375
0 0.690625 0.260938 0.034375 0.046875
0 0.196094 0.367188 0.0296875 0.04375
0 0.773438 0.503906 0.03125 0.0421875
0 0.302344 0.171875 0.0328125 0.046875
0 0.334375 0.207813 0.03125 0.04375
0 0.351562 0.798437 0.03125 0.046875
0 0.475 0.857813 0.03125 0.040625
0 0.644531 0.467969 0.0328125 0.0390625
0 0.446875 0.383594 0.03125 0.0484375
0 0.453906 0.290625 0.0296875 0.040625
0 0.511719 0.471094 0.0328125 0.0390625
0 0.203125 0.447656 0.03125 0.0390625
0 0.391406 0.355469 0.0296875 0.0421875
0 0.545313 0.291406 0.034375 0.0421875
0 0.660937 0.645312 0.034375 0.04375
0 0.347656 0.74375 0.0296875 0.046875
0 0.48125 0.578906 0.034375 0.0453125
0 0.828906 0.424219 0.0328125 0.0421875
0 0.820312 0.582812 0.034375 0.046875
0 0.691406 0.533594 0.0328125 0.0453125
0 0.754687 0.595312 0.03125 0.0375
0 0.38125 0.908594 0.03125 0.0390625
0 0.640625 0.682813 0.034375 0.04375
0 0.378125 0.753125 0.03125 0.0375
0 0.3875 0.195312 0.034375 0.05
0 0.485938 0.357031 0.034375 0.0453125
0 0.378125 0.149219 0.034375 0.0390625
0 0.360156 0.319531 0.0296875 0.0421875
0 0.516406 0.617188 0.0296875 0.04375
0 0.457812 0.202344 0.034375 0.0453125
0 0.316406 0.592969 0.0328125 0.0453125
0 0.136719 0.395312 0.0328125 0.04375
0 0.391406 0.404687 0.0328125 0.046875
0 0.333594 0.554688 0.0296875 0.04375
0 0.320312 0.811719 0.03125 0.0421875
0 0.367188 0.370313 0.034375 0.046875
0 0.428125 0.223438 0.03125 0.040625
0 0.480469 0.467187 0.0328125 0.04375
0 0.633594 0.378125 0.0359375 0.04375
0 0.428125 0.708594 0.03125 0.0453125
0 0.539844 0.7375 0.0328125 0.04375
0 0.632812 0.335156 0.03125 0.0421875
0 0.242969 0.264844 0.0296875 0.0453125
0 0.320312 0.703125 0.028125 0.040625
0 0.707812 0.496875 0.03125 0.040625
0 0.66875 0.389062 0.03125 0.04375
0 0.752344 0.555469 0.0328125 0.0421875
0 0.778906 0.410937 0.0296875 0.040625
0 0.20625 0.272656 0.03125 0.0421875
0 0.753125 0.447656 0.03125 0.0390625
0 0.554688 0.66875 0.03125 0.040625
0 0.30625 0.835938 0.03125 0.03125
0 0.263281 0.669531 0.0296875 0.0359375
0 0.480469 0.316406 0.0359375 0.0421875
0 0.778906 0.569531 0.0296875 0.0453125
0 0.514844 0.833594 0.0328125 0.0421875
0 0.653125 0.592969 0.034375 0.0484375
0 0.680469 0.617188 0.0328125 0.040625
0 0.353125 0.582812 0.034375 0.046875
0 0.580469 0.663281 0.0296875 0.0421875
0 0.56875 0.747656 0.034375 0.0421875
0 0.483594 0.134375 0.0328125 0.0375
0 0.679688 0.485938 0.03125 0.040625
0 0.533594 0.35 0.0359375 0.046875
0 0.6 0.692969 0.03125 0.0453125
0 0.248437 0.582812 0.03125 0.034375
0 0.620313 0.628906 0.03125 0.0453125
0 0.73125 0.484375 0.03125 0.040625
0 0.641406 0.421875 0.0359375 0.046875
0 0.60625 0.314063 0.03125 0.046875
0 0.721094 0.578125 0.0328125 0.04375
0 0.792969 0.467969 0.0328125 0.0453125
0 0.440625 0.829687 0.03125 0.04375
0 0.567187 0.48125 0.034375 0.046875
0 0.565625 0.417969 0.034375 0.0421875
0 0.490625 0.194531 0.03125 0.0453125
0 0.632812 0.511719 0.03125 0.0453125
0 0.421875 0.583594 0.03125 0.0453125
0 0.266406 0.235156 0.0296875 0.0453125
0 0.453125 0.439844 0.034375 0.0421875
0 0.453125 0.242969 0.034375 0.0421875
0 0.421875 0.470313 0.034375 0.046875
0 0.222656 0.53125 0.0328125 0.046875
0 0.389844 0.604688 0.0328125 0.040625
0 0.479688 0.816406 0.034375 0.0453125
0 0.729688 0.434375 0.03125 0.04375
0 0.416406 0.928906 0.0328125 0.0453125
0 0.303906 0.475 0.0328125 0.040625
0 0.429688 0.28125 0.03125 0.04375
0 0.382031 0.521875 0.0359375 0.04375
0 0.229687 0.486719 0.034375 0.0421875
0 0.367188 0.436719 0.034375 0.0484375
0 0.479688 0.271875 0.034375 0.05
0 0.390625 0.64375 0.03125 0.04375
0 0.369531 0.711719 0.0296875 0.0421875
0 0.349219 0.68125 0.0328125 0.04375
0 0.339844 0.498437 0.0328125 0.04375
0 0.265625 0.484375 0.03125 0.040625
