0 0.821094 0.509375 0.0515625 0.06875
0 0.773438 0.58125 0.046875 0.06875
0 0.724219 0.740625 0.0453125 0.071875
0 0.675781 0.689062 0.0453125 0.084375
0 0.774219 0.753906 0.0359375 0.0828125
0 0.873438 0.746094 0.040625 0.0734375
0 0.823438 0.353125 0.04375 0.075
0 0.626562 0.817969 0.046875 0.0703125
0 0.700781 0.595312 0.0515625 0.084375
0 0.778906 0.679688 0.0390625 0.059375
0 0.779688 0.364062 0.05625 0.075
0 0.580469 0.814844 0.0609375 0.0765625
0 0.878125 0.55625 0.04375 0.06875
0 0.674219 0.769531 0.0515625 0.0640625
0 0.842188 0.41875 0.040625 0.0625
0 0.571094 0.7375 0.0703125 0.090625
0 0.163281 0.721875 0.0890625 0.121875
0 0.770312 0.50625 0.053125 0.071875
0 0.820312 0.557031 0.040625 0.0515625
0 0.528125 0.396094 0.0625 0.0796875
0 0.448438 0.71875 0.075 0.09375
0 0.683594 0.85625 0.0578125 0.0625
0 0.803906 0.428906 0.0515625 0.0765625
0 0.863281 0.676562 0.0421875 0.065625
0 0.749219 0.444531 0.0546875 0.0921875
0 0.55 0.644531 0.0625 0.101562
0 0.740625 0.667188 0.05 0.0875
0 0.721875 0.236719 0.059375 0.0890625
0 0.80625 0.630469 0.04375 0.0640625
0 0.297656 0.835938 0.0828125 0.103125
0 0.6 0.564062 0.065625 0.09375
0 0.694531 0.441406 0.0578125 0.0859375
0 0.645312 0.314844 0.059375 0.101562
0 0.666406 0.217187 0.0609375 0.0875
0 0.842969 0.621094 0.0453125 0.0734375
0 0.6625 0.559375 0.0625 0.071875
0 0.628906 0.657812 0.0546875 0.103125
0 0.513281 0.719531 0.0671875 0.0984375
0 0.629687 0.742188 0.05625 0.075
0 0.757812 0.284375 0.053125 0.078125
0 0.815625 0.685938 0.053125 0.06875
0 0.273438 0.5875 0.08125 0.109375
0 0.71875 0.353125 0.05625 0.103125
0 0.490625 0.626562 0.071875 0.09375
0 0.603125 0.24375 0.0625 0.109375
0 0.542969 0.552344 0.0703125 0.110937
0 0.385938 0.334375 0.075 0.103125
0 0.415625 0.633594 0.084375 0.0859375
0 0.196094 0.613281 0.117188 0.139062
0 0.634375 0.470313 0.0625 0.103125
0 0.510938 0.272656 0.065625 0.101562
0 0.438281 0.441406 0.0703125 0.101562
0 0.514063 0.484375 0.071875 0.09375
0 0.578906 0.477344 0.0703125 0.0984375
0 0.375781 0.542969 0.0796875 0.0921875
0 0.370313 0.841406 0.071875 0.114063
0 0.705469 0.517969 0.0546875 0.0765625
0 0.3375 0.639844 0.075 0.0953125
0 0.619531 0.380469 0.0609375 0.0984375
0 0.460938 0.546094 0.084375 0.110937
0 0.439844 0.291406 0.0734375 0.0984375
0 0.370313 0.439844 0.084375 0.0984375
0 0.296094 0.469531 0.0953125 0.104687
0 0.2625 0.741406 0.0875 0.101562
0 0.370313 0.733594 0.090625 0.117188
0 0.567969 0.328906 0.0640625 0.107813
0 0.51875 0.803125 0.065625 0.09375
0 0.484375 0.346094 0.078125 0.107813
0 0.453906 0.820312 0.0796875 0.115625
0 0.55625 0.195312 0.065625 0.096875
