0 0.500781 0.792188 0.0515625 0.075
0 0.527344 0.453906 0.0359375 0.0484375
0 0.420312 0.884375 0.040625 0.046875
0 0.828125 0.208594 0.034375 0.0609375
0 0.16875 0.0289063 0.05 0.0578125
0 0.827344 0.642187 0.0359375 0.040625
0 0.342187 0.715625 0.05 0.0625
0 0.76875 0.742188 0.04375 0.04375
0 0.261719 0.508594 0.0421875 0.0578125
0 0.125781 0.345313 0.0546875 0.0875
0 0.473437 0.747656 0.034375 0.0421875
0 0.517187 0.928906 0.053125 0.0609375
0 0.846875 0.590625 0.040625 0.059375
0 0.378125 0.7375 0.04375 0.046875
0 0.323438 0.375781 0.05625 0.0671875
0 0.225 0.463281 0.05 0.0609375
0 0.752344 0.628906 0.0421875 0.0546875
0 0.0929687 0.267969 0.0421875 0.0671875
0 0.63125 0.817969 0.040625 0.0484375
0 0.610937 0.573438 0.04375 0.0625
0 0.865625 0.521875 0.05625 0.0625
0 0.19375 0.760156 0.05625 0.0609375
0 0.3625 0.569531 0.046875 0.0609375
0 0.554688 0.789844 0.0375 0.0546875
0 0.825781 0.271875 0.0484375 0.065625
0 0.119531 0.247656 0.0515625 0.0734375
0 0.214062 0.814062 0.05 0.059375
0 0.348437 0.866406 0.046875 0.0578125
0 0.375 0.825 0.053125 0.065625
0 0.61875 0.271094 0.046875 0.0640625
0 0.351562 0.124219 0.053125 0.0609375
0 0.475 0.364062 0.04375 0.0625
0 0.669531 0.734375 0.0484375 0.059375
0 0.174219 0.464063 0.0484375 0.06875
0 0.310937 0.488281 0.05 0.0609375
0 0.332812 0.742969 0.05 0.0578125
0 0.453125 0.466406 0.046875 0.0578125
0 0.734375 0.182812 0.05625 0.065625
0 0.336719 0.0726563 0.0453125 0.0578125
0 0.3875 0.15625 0.053125 0.071875
0 0.795313 0.236719 0.053125 0.0671875
0 0.639844 0.6125 0.0453125 0.059375
0 0.395312 0.854688 0.05 0.05625
0 0.813281 0.6125 0.0421875 0.053125
0 0.5 0.100781 0.05625 0.0671875
0 0.149219 0.191406 0.0578125 0.0703125
0 0.107813 0.674219 0.05 0.0640625
0 0.149219 0.739844 0.0546875 0.0671875
0 0.625 0.420312 0.053125 0.065625
0 0.311719 0.185937 0.0546875 0.071875
0 0.4125 0.516406 0.053125 0.0578125
0 0.171875 0.274219 0.05625 0.0828125
0 0.596875 0.226562 0.05 0.071875
0 0.196875 0.701563 0.05625 0.0625
0 0.522656 0.66875 0.0453125 0.065625
0 0.432813 0.221875 0.05 0.06875
0 0.242969 0.308594 0.0484375 0.0734375
0 0.767187 0.811719 0.05 0.0578125
0 0.239844 0.121875 0.0515625 0.06875
0 0.129688 0.594531 0.05 0.0671875
0 0.85 0.467187 0.05 0.065625
0 0.282031 0.652344 0.0515625 0.0640625
0 0.3625 0.517969 0.05 0.0671875
0 0.45625 0.296094 0.05625 0.0765625
0 0.488281 0.234375 0.0484375 0.065625
0 0.476562 0.870313 0.05 0.0625
0 0.221094 0.614062 0.0546875 0.065625
0 0.090625 0.48125 0.05625 0.071875
0 0.448438 0.414844 0.05 0.0609375
0 0.360156 0.217969 0.0515625 0.0734375
0 0.846094 0.335156 0.0515625 0.0671875
0 0.444531 0.686719 0.0484375 0.0578125
0 0.0835937 0.405469 0.0515625 0.0734375
0 0.878906 0.399219 0.0453125 0.0640625
0 0.792969 0.675 0.0515625 0.059375
0 0.571875 0.597656 0.04375 0.0640625
0 0.38125 0.890625 0.046875 0.04375
0 0.670313 0.155469 0.053125 0.0703125
0 0.271094 0.582812 0.0546875 0.0625
0 0.169531 0.640625 0.0515625 0.065625
0 0.497656 0.304688 0.0453125 0.071875
0 0.610156 0.64375 0.0484375 0.0625
0 0.411719 0.589063 0.0546875 0.06875
0 0.807031 0.450781 0.0578125 0.0640625
0 0.155469 0.51875 0.0546875 0.06875
0 0.435937 0.84375 0.04375 0.05625
0 0.484375 0.710156 0.053125 0.0671875
0 0.574219 0.435937 0.0546875 0.065625
0 0.797656 0.389844 0.0484375 0.0609375
0 0.665625 0.390625 0.05 0.075
0 0.178906 0.576563 0.0484375 0.065625
0 0.589844 0.8375 0.0515625 0.0625
0 0.526563 0.16875 0.0625 0.075
0 0.645312 0.782812 0.04375 0.05625
0 0.330469 0.808594 0.0484375 0.0609375
0 0.2875 0.102344 0.059375 0.0734375
0 0.547656 0.252344 0.0515625 0.0734375
0 0.689062 0.228906 0.046875 0.0703125
0 0.58125 0.496875 0.046875 0.065625
0 0.779688 0.588281 0.053125 0.0609375
0 0.0820312 0.55625 0.0546875 0.071875
0 0.673437 0.633594 0.05 0.0640625
0 0.21875 0.39375 0.059375 0.06875
0 0.388281 0.394531 0.0515625 0.0671875
0 0.428906 0.803906 0.0515625 0.0609375
0 0.278125 0.370313 0.05 0.0625
0 0.371875 0.632812 0.05 0.065625
0 0.279687 0.429688 0.05 0.065625
0 0.679688 0.0851562 0.046875 0.0671875
0 0.50625 0.546094 0.05 0.0609375
0 0.633594 0.205469 0.0484375 0.0640625
0 0.703906 0.729688 0.0421875 0.053125
0 0.558594 0.1 0.0546875 0.075
0 0.735937 0.28125 0.053125 0.071875
0 0.329688 0.615625 0.05 0.065625
0 0.29375 0.70625 0.05 0.0625
0 0.232812 0.540625 0.05 0.065625
0 0.428125 0.347656 0.053125 0.0671875
0 0.4625 0.530469 0.053125 0.0703125
0 0.40625 0.459375 0.05 0.065625
0 0.723437 0.571094 0.053125 0.0703125
0 0.355469 0.452344 0.0515625 0.0703125
0 0.532812 0.382812 0.046875 0.065625
0 0.821094 0.551562 0.0484375 0.065625
0 0.720312 0.396875 0.05625 0.059375
0 0.651563 0.703906 0.04375 0.0546875
0 0.421094 0.740625 0.0515625 0.0625
0 0.542188 0.317969 0.053125 0.0671875
0 0.282813 0.785156 0.053125 0.0609375
0 0.759375 0.441406 0.05625 0.0640625
0 0.421094 0.653906 0.0453125 0.0609375
0 0.390625 0.696094 0.05625 0.0671875
0 0.45625 0.166406 0.05625 0.0734375
0 0.673437 0.558594 0.053125 0.0671875
0 0.595312 0.154687 0.05625 0.078125
0 0.457031 0.596094 0.0453125 0.0609375
0 0.482031 0.645312 0.0515625 0.065625
0 0.717969 0.626562 0.0453125 0.059375
0 0.540625 0.8375 0.04375 0.053125
0 0.795313 0.328125 0.05 0.0625
0 0.20625 0.334375 0.053125 0.0625
0 0.578125 0.741406 0.05 0.0609375
0 0.521094 0.789062 0.0453125 0.0625
0 0.763281 0.365625 0.0546875 0.071875
0 0.760156 0.507812 0.0515625 0.065625
0 0.669531 0.292188 0.0546875 0.065625
0 0.660156 0.457031 0.0546875 0.0671875
0 0.59375 0.299219 0.05 0.0703125
0 0.495313 0.425 0.046875 0.065625
0 0.574219 0.678906 0.0484375 0.0609375
0 0.70625 0.50625 0.053125 0.065625
0 0.419531 0.921094 0.0484375 0.0546875
0 0.528906 0.609375 0.0546875 0.0625
0 0.29375 0.244531 0.05625 0.0734375
0 0.317969 0.544531 0.0515625 0.0640625
0 0.577344 0.371875 0.0546875 0.06875
0 0.732031 0.679688 0.0421875 0.053125
0 0.634375 0.332031 0.05 0.0640625
0 0.36875 0.339844 0.05625 0.0703125
0 0.25 0.757031 0.053125 0.0609375
0 0.397656 0.2875 0.0578125 0.059375
0 0.544531 0.517969 0.0484375 0.0609375
0 0.692969 0.682031 0.0484375 0.0609375
0 0.621094 0.732031 0.0484375 0.0609375
0 0.482031 0.808594 0.0515625 0.0609375
0 0.529688 0.726562 0.04375 0.059375
0 0.279687 0.842969 0.053125 0.0671875
0 0.495313 0.489062 0.05 0.065625
0 0.632812 0.505469 0.05 0.0640625
0 0.317969 0.313281 0.0484375 0.0734375
0 0.704687 0.3375 0.065625 0.06875
