0 0.577344 0.732813 0.0640625 0.065625
0 0.346875 0.574219 0.053125 0.0671875
0 0.300781 0.603906 0.0453125 0.0765625
0 0.404687 0.624219 0.053125 0.0671875
0 0.325781 0.514844 0.0578125 0.0765625
0 0.210938 0.664844 0.05625 0.0703125
0 0.322656 0.714063 0.0546875 0.075
0 0.191406 0.524219 0.0515625 0.0734375
0 0.446875 0.678906 0.0625 0.0796875
0 0.503125 0.620313 0.05625 0.071875
0 0.646875 0.780469 0.0625 0.0890625
0 0.469531 0.825 0.0546875 0.08125
0 0.478906 0.464063 0.0609375 0.08125
0 0.328125 0.338281 0.0625 0.0765625
0 0.748438 0.611719 0.06875 0.0859375
0 0.553906 0.578906 0.0609375 0.0734375
0 0.621875 0.626562 0.05625 0.084375
0 0.377344 0.757031 0.0515625 0.0765625
0 0.3125 0.435937 0.053125 0.08125
0 0.757812 0.514063 0.065625 0.08125
0 0.253906 0.541406 0.0671875 0.0734375
0 0.686719 0.654688 0.0609375 0.075
0 0.410156 0.704687 0.0609375 0.071875
0 0.650781 0.420312 0.0640625 0.1
0 0.563281 0.660937 0.0609375 0.08125
0 0.39375 0.532031 0.05625 0.0796875
0 0.514063 0.310937 0.065625 0.084375
0 0.635938 0.696875 0.0625 0.065625
0 0.23125 0.469531 0.05625 0.0734375
0 0.8 0.642187 0.06875 0.090625
0 0.75625 0.305469 0.065625 0.107813
0 0.4125 0.457812 0.065625 0.075
0 0.433594 0.591406 0.0546875 0.0828125
0 0.608594 0.296094 0.0671875 0.0984375
0 0.44375 0.390625 0.065625 0.08125
0 0.217969 0.594531 0.0546875 0.0671875
0 0.346094 0.646875 0.0515625 0.075
0 0.799219 0.380469 0.0671875 0.0953125
0 0.536719 0.502344 0.0671875 0.0765625
0 0.614844 0.542188 0.0640625 0.0875
0 0.522656 0.696094 0.0515625 0.0859375
0 0.694531 0.490625 0.0671875 0.084375
0 0.492969 0.548437 0.0578125 0.075
0 0.865625 0.514844 0.071875 0.0828125
0 0.560938 0.235938 0.071875 0.090625
0 0.519531 0.389062 0.0671875 0.084375
0 0.269531 0.695312 0.0546875 0.06875
0 0.25625 0.404687 0.059375 0.078125
0 0.374219 0.282813 0.0671875 0.1
0 0.709375 0.372656 0.075 0.0921875
0 0.365625 0.403125 0.06875 0.084375
0 0.58125 0.370313 0.065625 0.096875
0 0.867188 0.614062 0.06875 0.090625
0 0.699219 0.732031 0.0671875 0.0734375
0 0.467969 0.746875 0.0578125 0.078125
0 0.417969 0.795313 0.0578125 0.075
0 0.595312 0.79375 0.059375 0.06875
0 0.684375 0.56875 0.059375 0.075
0 0.530469 0.778906 0.0578125 0.0796875
0 0.75625 0.43125 0.06875 0.0875
0 0.759375 0.692187 0.059375 0.078125
0 0.597656 0.455469 0.0703125 0.0859375
0 0.458594 0.294531 0.0671875 0.0984375
0 0.857813 0.430469 0.06875 0.104687
0 0.696875 0.284375 0.078125 0.09375
