0 0.761719 0.705469 0.0265625 0.0296875
0 0.589063 0.808594 0.028125 0.0453125
0 0.469531 0.56875 0.0265625 0.03125
0 0.305469 0.689844 0.0296875 0.0390625
0 0.589063 0.921875 0.025 0.034375
0 0.415625 0.351562 0.021875 0.03125
0 0.380469 0.85 0.0265625 0.034375
0 0.520312 0.634375 0.03125 0.03125
0 0.609375 0.903125 0.025 0.03125
0 0.489062 0.809375 0.03125 0.040625
0 0.53125 0.927344 0.03125 0.0390625
0 0.308594 0.746094 0.0328125 0.0453125
0 0.328906 0.73125 0.0296875 0.04375
0 0.577344 0.707031 0.0296875 0.0421875
0 0.641406 0.711719 0.0328125 0.0453125
0 0.471094 0.486719 0.0328125 0.0421875
0 0.582031 0.8625 0.0296875 0.03125
0 0.61875 0.828906 0.034375 0.0453125
0 0.542969 0.805469 0.0296875 0.0421875
0 0.632031 0.886719 0.0265625 0.0296875
0 0.5375 0.134375 0.03125 0.0375
0 0.561719 0.90625 0.0296875 0.046875
0 0.577344 0.767969 0.0359375 0.0390625
0 0.338281 0.765625 0.0265625 0.0375
0 0.540625 0.707812 0.03125 0.0375
0 0.414062 0.739844 0.03125 0.0421875
0 0.700781 0.775781 0.0296875 0.0421875
0 0.405469 0.861719 0.0328125 0.0390625
0 0.652344 0.809375 0.0296875 0.03125
0 0.635938 0.323438 0.034375 0.040625
0 0.6 0.485156 0.034375 0.0484375
0 0.723437 0.740625 0.028125 0.04375
0 0.272656 0.714063 0.0328125 0.040625
0 0.648438 0.786719 0.03125 0.0390625
0 0.465625 0.515625 0.034375 0.034375
0 0.475781 0.661719 0.0296875 0.0453125
0 0.670313 0.604688 0.028125 0.04375
0 0.625781 0.745313 0.0359375 0.04375
0 0.51875 0.78125 0.034375 0.046875
0 0.546094 0.863281 0.0296875 0.0390625
0 0.261719 0.352344 0.0296875 0.0390625
0 0.498437 0.589063 0.025 0.034375
0 0.628125 0.66875 0.034375 0.046875
0 0.672656 0.771094 0.0296875 0.0390625
0 0.695312 0.391406 0.0375 0.0515625
0 0.345313 0.308594 0.03125 0.0484375
0 0.610937 0.702344 0.03125 0.0390625
0 0.725 0.565625 0.034375 0.04375
0 0.698438 0.627344 0.028125 0.0421875
0 0.4375 0.842969 0.028125 0.0421875
0 0.592188 0.739062 0.03125 0.040625
0 0.767969 0.680469 0.0328125 0.0359375
0 0.519531 0.890625 0.0265625 0.0375
0 0.539844 0.674219 0.0296875 0.0390625
0 0.35 0.450781 0.03125 0.0453125
0 0.353906 0.397656 0.0359375 0.0390625
0 0.385938 0.221094 0.03125 0.0390625
0 0.561719 0.439844 0.0359375 0.0453125
0 0.623438 0.2875 0.034375 0.046875
0 0.434375 0.878125 0.03125 0.040625
0 0.382031 0.328906 0.0296875 0.0328125
0 0.439844 0.758594 0.0296875 0.0390625
0 0.617969 0.79375 0.0296875 0.034375
0 0.496875 0.851562 0.03125 0.034375
0 0.328125 0.794531 0.028125 0.0359375
0 0.345313 0.702344 0.03125 0.0390625
0 0.703906 0.683594 0.0328125 0.0421875
0 0.664844 0.477344 0.0328125 0.0390625
0 0.385938 0.691406 0.028125 0.0390625
0 0.5125 0.376563 0.034375 0.04375
0 0.476562 0.2375 0.034375 0.046875
0 0.416406 0.813281 0.0265625 0.0328125
0 0.460938 0.824219 0.03125 0.0359375
0 0.696094 0.732813 0.0328125 0.0375
0 0.564844 0.829687 0.0296875 0.040625
0 0.384375 0.807813 0.028125 0.0375
0 0.738281 0.703125 0.0296875 0.0375
0 0.494531 0.557813 0.0328125 0.04375
0 0.579687 0.671875 0.034375 0.04375
0 0.370313 0.725781 0.03125 0.0390625
0 0.660156 0.304688 0.0328125 0.040625
0 0.653125 0.409375 0.034375 0.046875
0 0.735937 0.792969 0.034375 0.0421875
0 0.68125 0.813281 0.034375 0.0453125
0 0.465625 0.873438 0.03125 0.0375
0 0.647656 0.625 0.0359375 0.04375
0 0.660156 0.445312 0.0296875 0.040625
0 0.40625 0.269531 0.034375 0.0421875
0 0.404687 0.789062 0.028125 0.0375
0 0.757031 0.592188 0.0359375 0.04375
0 0.358594 0.783594 0.0296875 0.0328125
0 0.359375 0.560938 0.028125 0.040625
0 0.365625 0.484375 0.028125 0.0375
0 0.709375 0.808594 0.034375 0.0390625
0 0.240625 0.498437 0.0375 0.040625
0 0.267188 0.479688 0.028125 0.040625
0 0.4625 0.919531 0.03125 0.0390625
0 0.358594 0.83125 0.0296875 0.0375
0 0.422656 0.467187 0.0328125 0.04375
0 0.65625 0.741406 0.03125 0.0421875
0 0.259375 0.585156 0.034375 0.0453125
0 0.334375 0.627344 0.03125 0.0453125
0 0.378906 0.632812 0.0296875 0.040625
0 0.304688 0.640625 0.034375 0.040625
0 0.501562 0.509375 0.034375 0.040625
0 0.664844 0.353125 0.0359375 0.05
0 0.509375 0.159375 0.034375 0.046875
0 0.389062 0.184375 0.034375 0.046875
0 0.529688 0.325781 0.03125 0.0390625
0 0.325781 0.553906 0.0296875 0.0359375
0 0.535156 0.460156 0.0328125 0.0453125
0 0.497656 0.478906 0.0328125 0.0484375
0 0.475 0.421875 0.034375 0.05
0 0.435937 0.678906 0.03125 0.0453125
0 0.435937 0.79375 0.03125 0.0375
0 0.521875 0.834375 0.034375 0.0375
0 0.495313 0.685938 0.028125 0.03125
0 0.623438 0.453125 0.03125 0.04375
0 0.421875 0.571094 0.03125 0.0453125
0 0.342969 0.524219 0.0328125 0.0453125
0 0.774219 0.64375 0.0359375 0.04375
0 0.447656 0.596875 0.0328125 0.040625
0 0.358594 0.203125 0.0296875 0.046875
0 0.696094 0.583594 0.0328125 0.0421875
0 0.571875 0.61875 0.03125 0.04375
0 0.471875 0.697656 0.03125 0.0390625
0 0.373437 0.595312 0.03125 0.04375
0 0.653906 0.667969 0.0296875 0.0390625
0 0.278906 0.521094 0.0328125 0.0421875
0 0.722656 0.602344 0.0296875 0.0390625
0 0.409375 0.692969 0.03125 0.0390625
0 0.507812 0.665625 0.03125 0.040625
0 0.682031 0.667188 0.0296875 0.040625
0 0.649219 0.582812 0.0328125 0.04375
0 0.595312 0.627344 0.03125 0.0421875
0 0.545313 0.533594 0.03125 0.0453125
0 0.564062 0.561719 0.03125 0.0390625
0 0.466406 0.782031 0.0296875 0.0390625
0 0.315625 0.588281 0.03125 0.0390625
0 0.283594 0.34375 0.0296875 0.04375
0 0.440625 0.636719 0.03125 0.0453125
0 0.344531 0.582031 0.0296875 0.0359375
0 0.596094 0.439844 0.0328125 0.0421875
0 0.547656 0.642187 0.0328125 0.04375
0 0.553906 0.739062 0.0296875 0.0375
0 0.257812 0.314063 0.03125 0.046875
0 0.667188 0.695312 0.03125 0.034375
0 0.398438 0.492188 0.03125 0.046875
0 0.389062 0.446094 0.034375 0.0359375
0 0.303906 0.252344 0.0328125 0.0484375
0 0.408594 0.614844 0.0328125 0.0421875
0 0.234375 0.43125 0.03125 0.040625
0 0.617188 0.214844 0.034375 0.0453125
0 0.332031 0.66875 0.0296875 0.040625
0 0.385938 0.744531 0.03125 0.0328125
0 0.660937 0.51875 0.03125 0.046875
0 0.578906 0.279687 0.0328125 0.04375
0 0.282813 0.6125 0.03125 0.04375
0 0.392188 0.567187 0.03125 0.04375
0 0.326562 0.280469 0.034375 0.0484375
0 0.296094 0.476562 0.0328125 0.046875
0 0.628906 0.546094 0.0296875 0.0453125
0 0.286719 0.557813 0.0328125 0.040625
0 0.597656 0.319531 0.0296875 0.0515625
0 0.261719 0.396875 0.0328125 0.040625
0 0.285937 0.294531 0.0375 0.0453125
0 0.430469 0.507812 0.0328125 0.040625
0 0.492969 0.753125 0.0296875 0.040625
0 0.397656 0.416406 0.0328125 0.0421875
0 0.54375 0.180469 0.034375 0.0484375
0 0.259375 0.440625 0.03125 0.04375
0 0.378906 0.529688 0.0328125 0.04375
0 0.689062 0.442969 0.03125 0.0484375
0 0.442187 0.253125 0.03125 0.04375
0 0.385156 0.38125 0.0328125 0.05
0 0.614844 0.358594 0.0359375 0.0515625
0 0.59375 0.180469 0.034375 0.0484375
0 0.467187 0.740625 0.03125 0.040625
0 0.320312 0.377344 0.03125 0.0453125
0 0.728906 0.640625 0.0328125 0.040625
0 0.523438 0.728906 0.03125 0.0359375
0 0.360156 0.666406 0.0296875 0.0421875
0 0.639844 0.492969 0.0296875 0.0484375
0 0.442187 0.710156 0.028125 0.0359375
0 0.447656 0.205469 0.0328125 0.0453125
0 0.6125 0.517969 0.03125 0.0421875
0 0.289844 0.386719 0.0265625 0.0421875
0 0.560156 0.316406 0.0328125 0.0453125
0 0.470313 0.169531 0.034375 0.0390625
0 0.501562 0.254687 0.03125 0.046875
0 0.484375 0.619531 0.03125 0.0390625
0 0.567969 0.15625 0.0328125 0.046875
0 0.410156 0.529688 0.0328125 0.04375
0 0.450781 0.545313 0.0359375 0.040625
0 0.322656 0.417188 0.0328125 0.040625
0 0.434375 0.391406 0.034375 0.0453125
0 0.534375 0.292188 0.034375 0.046875
0 0.590625 0.242969 0.03125 0.0484375
0 0.617188 0.407813 0.034375 0.046875
0 0.409375 0.653906 0.03125 0.0421875
0 0.342969 0.350781 0.0390625 0.0421875
0 0.420312 0.178906 0.034375 0.0484375
0 0.692969 0.478906 0.0328125 0.0421875
0 0.599219 0.55625 0.0328125 0.046875
0 0.566406 0.208594 0.0296875 0.0453125
0 0.23125 0.342187 0.034375 0.04375
0 0.539062 0.59375 0.034375 0.040625
0 0.621094 0.591406 0.0328125 0.0421875
0 0.678125 0.558594 0.0375 0.0421875
0 0.26875 0.259375 0.0375 0.040625
0 0.502344 0.295312 0.0328125 0.04375
0 0.500781 0.342969 0.0328125 0.0453125
0 0.510938 0.419531 0.034375 0.0484375
0 0.290625 0.419531 0.03125 0.0390625
0 0.376563 0.294531 0.03125 0.0484375
0 0.482812 0.377344 0.034375 0.0453125
0 0.578906 0.525781 0.0296875 0.0421875
0 0.440625 0.292969 0.034375 0.0453125
0 0.445312 0.436719 0.034375 0.0453125
0 0.3125 0.507031 0.03125 0.0421875
0 0.554688 0.255469 0.034375 0.0484375
0 0.528906 0.21875 0.0328125 0.046875
0 0.228906 0.385156 0.0359375 0.0484375
0 0.471875 0.282031 0.03125 0.0484375
0 0.307031 0.326562 0.0328125 0.04375
0 0.403125 0.323438 0.03125 0.046875
0 0.528125 0.496875 0.03125 0.0375
0 0.642187 0.247656 0.03125 0.0484375
0 0.55 0.355469 0.034375 0.0453125
0 0.355469 0.260156 0.0328125 0.0515625
0 0.417969 0.221094 0.0359375 0.0484375
0 0.579687 0.349219 0.034375 0.0421875
0 0.691406 0.521094 0.0328125 0.0421875
0 0.567969 0.484375 0.0359375 0.05
0 0.332031 0.236719 0.0296875 0.0484375
0 0.580469 0.396094 0.0359375 0.0453125
0 0.442187 0.347656 0.034375 0.0484375
0 0.467969 0.321875 0.0328125 0.046875
0 0.492969 0.196875 0.0328125 0.053125
