0 0.645312 0.636719 0.03125 0.0421875
0 0.310156 0.5125 0.0453125 0.053125
0 0.478125 0.2125 0.046875 0.0625
0 0.799219 0.449219 0.0484375 0.0578125
0 0.657031 0.500781 0.0390625 0.0484375
0 0.289062 0.809375 0.03125 0.046875
0 0.625 0.611719 0.040625 0.0546875
0 0.198437 0.425781 0.0375 0.0578125
0 0.310937 0.2 0.04375 0.053125
0 0.561719 0.598437 0.0484375 0.059375
0 0.697656 0.425781 0.0421875 0.0609375
0 0.524219 0.248437 0.0515625 0.0625
0 0.399219 0.261719 0.0453125 0.0640625
0 0.152344 0.709375 0.0453125 0.046875
0 0.360938 0.161719 0.04375 0.0578125
0 0.648438 0.307813 0.040625 0.059375
0 0.588281 0.636719 0.0390625 0.0453125
0 0.520312 0.604688 0.040625 0.046875
0 0.239063 0.575781 0.05 0.0609375
0 0.310156 0.1375 0.0421875 0.059375
0 0.557031 0.183594 0.0515625 0.0578125
0 0.102344 0.510156 0.0421875 0.0578125
0 0.302344 0.324219 0.0515625 0.0640625
0 0.539062 0.715625 0.0375 0.05625
0 0.5125 0.164844 0.05 0.0671875
0 0.365625 0.425781 0.05 0.0640625
0 0.347656 0.623438 0.0390625 0.059375
0 0.164844 0.550781 0.0484375 0.0609375
0 0.407031 0.439063 0.0390625 0.046875
0 0.184375 0.500781 0.04375 0.0609375
0 0.515625 0.369531 0.05 0.0609375
0 0.363281 0.910156 0.0484375 0.0515625
0 0.788281 0.503906 0.0390625 0.0546875
0 0.484375 0.314063 0.040625 0.053125
0 0.752344 0.335156 0.0359375 0.0640625
0 0.273438 0.540625 0.040625 0.059375
0 0.610937 0.421875 0.046875 0.0625
0 0.752344 0.441406 0.0453125 0.0546875
0 0.31875 0.692187 0.04375 0.05625
0 0.310156 0.639063 0.0453125 0.05625
0 0.44375 0.841406 0.040625 0.0515625
0 0.313281 0.258594 0.0484375 0.0640625
0 0.636719 0.248437 0.0453125 0.0625
0 0.253906 0.732031 0.0453125 0.0609375
0 0.158594 0.672656 0.0421875 0.0578125
0 0.757031 0.489844 0.0453125 0.0578125
0 0.483594 0.578906 0.0453125 0.0609375
0 0.685938 0.26875 0.046875 0.065625
0 0.596875 0.214844 0.040625 0.0640625
0 0.575781 0.352344 0.0484375 0.0640625
0 0.427344 0.867188 0.0421875 0.053125
0 0.408594 0.526563 0.0421875 0.0625
0 0.641406 0.169531 0.0453125 0.0609375
0 0.661719 0.682031 0.0453125 0.0546875
0 0.311719 0.578125 0.0453125 0.0625
0 0.569531 0.257031 0.0484375 0.0578125
0 0.559375 0.410937 0.046875 0.065625
0 0.257812 0.367969 0.046875 0.0609375
0 0.432813 0.21875 0.046875 0.059375
0 0.726562 0.389062 0.05 0.0625
0 0.703906 0.765625 0.0453125 0.053125
0 0.620313 0.680469 0.04375 0.0578125
0 0.610937 0.513281 0.046875 0.0640625
0 0.788281 0.646094 0.0484375 0.0609375
0 0.454688 0.154687 0.05 0.065625
0 0.445312 0.619531 0.046875 0.0578125
0 0.110937 0.432031 0.046875 0.0609375
0 0.545313 0.664844 0.040625 0.0609375
0 0.636719 0.815625 0.0421875 0.053125
0 0.641406 0.473437 0.0515625 0.065625
0 0.685938 0.342187 0.046875 0.0625
0 0.4375 0.34375 0.053125 0.065625
0 0.473437 0.514844 0.04375 0.0578125
0 0.107813 0.3 0.046875 0.065625
0 0.296094 0.74375 0.0421875 0.059375
0 0.233594 0.239844 0.0484375 0.0640625
0 0.449219 0.459375 0.0515625 0.0625
0 0.401563 0.582812 0.04375 0.05625
0 0.794531 0.564062 0.0453125 0.059375
0 0.61875 0.366406 0.04375 0.0609375
0 0.779688 0.389844 0.04375 0.0609375
0 0.735937 0.651563 0.04375 0.059375
0 0.222656 0.696094 0.0453125 0.0546875
0 0.339844 0.46875 0.0453125 0.059375
0 0.758594 0.602344 0.0453125 0.0609375
0 0.389062 0.382031 0.053125 0.0640625
0 0.179688 0.325 0.05 0.06875
0 0.766406 0.694531 0.0453125 0.0515625
0 0.653125 0.770312 0.046875 0.05625
0 0.432031 0.671094 0.0421875 0.0546875
0 0.482812 0.639063 0.046875 0.053125
0 0.615625 0.779688 0.040625 0.05
0 0.5875 0.469531 0.04375 0.0578125
0 0.7375 0.546094 0.05 0.0609375
0 0.280469 0.671094 0.0484375 0.0546875
0 0.446094 0.279687 0.0484375 0.0625
0 0.541406 0.813281 0.0421875 0.0546875
0 0.729688 0.286719 0.053125 0.0640625
0 0.197656 0.59375 0.0421875 0.0625
0 0.369531 0.664844 0.0453125 0.0546875
0 0.439063 0.567969 0.046875 0.0609375
0 0.457812 0.723437 0.05 0.065625
0 0.13125 0.564844 0.040625 0.0578125
0 0.355469 0.0960938 0.0484375 0.0640625
0 0.232031 0.499219 0.0421875 0.0609375
0 0.495313 0.803906 0.040625 0.0546875
0 0.682031 0.816406 0.0453125 0.0578125
0 0.438281 0.403906 0.0515625 0.0671875
0 0.580469 0.694531 0.0453125 0.0578125
0 0.680469 0.727344 0.0515625 0.0578125
0 0.157031 0.379687 0.0421875 0.05625
0 0.615625 0.860156 0.04375 0.0578125
0 0.348437 0.317187 0.046875 0.065625
0 0.594531 0.555469 0.0453125 0.0546875
0 0.54375 0.465625 0.04375 0.0625
0 0.694531 0.551562 0.0453125 0.059375
0 0.514844 0.504687 0.0453125 0.05625
0 0.832031 0.541406 0.0453125 0.0609375
0 0.40625 0.714063 0.05 0.0625
0 0.669531 0.592969 0.0453125 0.0609375
0 0.228906 0.391406 0.0421875 0.0578125
0 0.738281 0.739844 0.0515625 0.0671875
0 0.582031 0.889844 0.0421875 0.0546875
0 0.60625 0.302344 0.046875 0.0609375
0 0.504687 0.755469 0.04375 0.0578125
0 0.553125 0.848437 0.040625 0.05
0 0.355469 0.25 0.0484375 0.06875
0 0.484375 0.842188 0.040625 0.053125
0 0.410156 0.632031 0.0453125 0.0578125
0 0.278125 0.597656 0.040625 0.0515625
0 0.222656 0.315625 0.0453125 0.065625
0 0.391406 0.867188 0.0453125 0.059375
0 0.70625 0.502344 0.046875 0.0578125
0 0.182812 0.239844 0.05 0.0671875
0 0.379687 0.495313 0.046875 0.059375
0 0.332812 0.377344 0.04375 0.0578125
0 0.391406 0.755469 0.0421875 0.0546875
0 0.271094 0.470313 0.0453125 0.0625
0 0.43125 0.763281 0.04375 0.0578125
0 0.355469 0.716406 0.0453125 0.0578125
0 0.23125 0.803125 0.040625 0.059375
0 0.16875 0.608594 0.040625 0.0546875
0 0.320312 0.796875 0.040625 0.05
0 0.542188 0.909375 0.046875 0.059375
0 0.692187 0.646094 0.05 0.0609375
0 0.407031 0.155469 0.0484375 0.0640625
0 0.467187 0.896875 0.046875 0.059375
0 0.682813 0.178906 0.046875 0.0640625
0 0.294531 0.415625 0.0484375 0.0625
0 0.321875 0.857031 0.046875 0.0640625
0 0.565625 0.520312 0.046875 0.059375
0 0.19375 0.742188 0.04375 0.059375
0 0.11875 0.357031 0.04375 0.0609375
0 0.241406 0.174219 0.0515625 0.0703125
0 0.592969 0.744531 0.0421875 0.0546875
0 0.579687 0.804688 0.040625 0.053125
0 0.641406 0.561719 0.0484375 0.0609375
0 0.532031 0.561719 0.0515625 0.0640625
0 0.232031 0.624219 0.0453125 0.0578125
0 0.266406 0.294531 0.0515625 0.0640625
0 0.195312 0.655469 0.04375 0.0546875
0 0.533594 0.310937 0.0515625 0.065625
0 0.496094 0.447656 0.0484375 0.0671875
0 0.657031 0.405469 0.0484375 0.0640625
0 0.555469 0.760938 0.0453125 0.05625
0 0.269531 0.782031 0.0421875 0.0578125
0 0.635156 0.732031 0.0453125 0.0578125
0 0.707812 0.689062 0.053125 0.0625
0 0.416406 0.810156 0.0421875 0.0578125
0 0.507031 0.686719 0.0484375 0.0640625
0 0.344531 0.760938 0.0453125 0.059375
0 0.370313 0.807031 0.046875 0.0578125
0 0.504687 0.872656 0.040625 0.0546875
