0 0.172656 0.724219 0.0609375 0.0734375
0 0.553125 0.604688 0.071875 0.0875
0 0.200781 0.659375 0.0703125 0.071875
0 0.24375 0.739844 0.071875 0.0671875
0 0.382031 0.741406 0.0609375 0.0796875
0 0.785937 0.678906 0.06875 0.0765625
0 0.196094 0.578906 0.0703125 0.0953125
0 0.275781 0.589063 0.0609375 0.09375
0 0.341406 0.682031 0.0734375 0.0828125
0 0.338281 0.464844 0.0703125 0.0828125
0 0.653125 0.722656 0.06875 0.0765625
0 0.282031 0.205469 0.0828125 0.107813
0 0.698438 0.560938 0.06875 0.09375
0 0.271094 0.508594 0.0671875 0.101562
0 0.769531 0.401563 0.0765625 0.084375
0 0.839844 0.395312 0.0765625 0.096875
0 0.338281 0.570312 0.0734375 0.0875
0 0.430469 0.30625 0.0765625 0.109375
0 0.719531 0.719531 0.0609375 0.0921875
0 0.153125 0.40625 0.08125 0.096875
0 0.753906 0.23125 0.0796875 0.1125
0 0.5625 0.513281 0.071875 0.0859375
0 0.53125 0.440625 0.08125 0.1
0 0.271875 0.682031 0.065625 0.0921875
0 0.867969 0.55 0.0734375 0.078125
0 0.0984375 0.66875 0.078125 0.1
0 0.514844 0.321094 0.0765625 0.0890625
0 0.414062 0.65 0.06875 0.090625
0 0.409375 0.430469 0.075 0.107813
0 0.492969 0.647656 0.0703125 0.0765625
0 0.35 0.263281 0.078125 0.0953125
0 0.339063 0.366406 0.08125 0.0921875
0 0.841406 0.630469 0.0703125 0.0796875
0 0.134375 0.589844 0.075 0.0953125
0 0.797656 0.567187 0.0703125 0.0875
0 0.466406 0.378125 0.0796875 0.1
0 0.610937 0.645312 0.078125 0.0875
0 0.816406 0.490625 0.0703125 0.090625
0 0.409375 0.197656 0.075 0.101562
0 0.209375 0.347656 0.075 0.104687
0 0.464844 0.489844 0.0734375 0.0921875
0 0.629687 0.572656 0.071875 0.0859375
0 0.278906 0.307031 0.0796875 0.104687
0 0.257031 0.407813 0.0796875 0.109375
0 0.44375 0.728125 0.065625 0.09375
0 0.884375 0.454688 0.078125 0.1
0 0.675781 0.649219 0.0703125 0.0765625
0 0.799219 0.30625 0.0796875 0.1
0 0.415625 0.551562 0.078125 0.096875
0 0.641406 0.492188 0.0796875 0.096875
0 0.517187 0.735156 0.08125 0.101562
0 0.728125 0.33125 0.078125 0.10625
0 0.49375 0.232812 0.08125 0.11875
0 0.74375 0.621875 0.06875 0.0875
0 0.565625 0.233594 0.08125 0.0984375
0 0.482031 0.567187 0.0765625 0.1
0 0.603906 0.420312 0.0796875 0.096875
0 0.646094 0.246094 0.0828125 0.110937
0 0.58125 0.721094 0.075 0.0984375
0 0.320312 0.75625 0.071875 0.09375
0 0.191406 0.48125 0.0828125 0.1
0 0.69375 0.419531 0.078125 0.107813
0 0.74375 0.485938 0.078125 0.09375
0 0.58125 0.333594 0.08125 0.101562
0 0.655469 0.344531 0.0828125 0.0921875
