0 0.130469 0.519531 0.0421875 0.0421875
0 0.13125 0.520312 0.028125 0.028125
0 0.166406 0.378125 0.0484375 0.06875
0 0.798437 0.773438 0.053125 0.065625
0 0.2375 0.751562 0.046875 0.05625
0 0.113281 0.488281 0.0453125 0.0578125
0 0.846094 0.471094 0.0515625 0.0609375
0 0.909375 0.64375 0.04375 0.059375
0 0.572656 0.464063 0.0484375 0.065625
0 0.225781 0.401563 0.0515625 0.06875
0 0.121094 0.598437 0.0515625 0.0625
0 0.55 0.270312 0.05 0.065625
0 0.1875 0.635156 0.04375 0.0546875
0 0.830469 0.425781 0.0484375 0.0703125
0 0.602344 0.267188 0.0515625 0.075
0 0.548437 0.726562 0.046875 0.0625
0 0.659375 0.358594 0.05 0.0671875
0 0.857813 0.55 0.05625 0.059375
0 0.647656 0.28125 0.0453125 0.075
0 0.473437 0.232812 0.053125 0.065625
0 0.660937 0.421094 0.05 0.0640625
0 0.164062 0.577344 0.046875 0.0609375
0 0.272656 0.448438 0.0515625 0.0625
0 0.459375 0.745313 0.046875 0.065625
0 0.786719 0.551562 0.0515625 0.0625
0 0.465625 0.305469 0.046875 0.0765625
0 0.750781 0.774219 0.0515625 0.0609375
0 0.289062 0.660156 0.053125 0.0671875
0 0.769531 0.286719 0.0515625 0.0734375
0 0.785156 0.382031 0.0484375 0.0703125
0 0.853906 0.776563 0.0484375 0.05
0 0.596094 0.802344 0.0421875 0.0515625
0 0.648438 0.488281 0.05 0.0671875
0 0.597656 0.582812 0.0484375 0.065625
0 0.169531 0.514063 0.0484375 0.06875
0 0.89375 0.60625 0.05 0.065625
0 0.861719 0.657812 0.0515625 0.065625
0 0.675 0.669531 0.053125 0.0671875
0 0.602344 0.760156 0.0484375 0.0609375
0 0.182031 0.446094 0.0484375 0.0640625
0 0.351562 0.497656 0.046875 0.0640625
0 0.335156 0.765625 0.0484375 0.0625
0 0.485156 0.378906 0.0515625 0.0671875
0 0.2375 0.496094 0.053125 0.0671875
0 0.409375 0.760156 0.05 0.0609375
0 0.25625 0.310937 0.05 0.0625
0 0.767187 0.621875 0.053125 0.06875
0 0.440625 0.6375 0.053125 0.059375
0 0.639063 0.560156 0.05625 0.0671875
0 0.710938 0.719531 0.05 0.0671875
0 0.754687 0.520312 0.053125 0.0625
0 0.26875 0.715625 0.05 0.059375
0 0.5 0.734375 0.053125 0.065625
0 0.325 0.689844 0.05 0.0640625
0 0.4875 0.522656 0.053125 0.0671875
0 0.127344 0.429688 0.0515625 0.06875
0 0.569531 0.628906 0.0515625 0.0640625
0 0.635938 0.625781 0.046875 0.0640625
0 0.521094 0.578125 0.0484375 0.06875
0 0.208594 0.552344 0.0515625 0.0640625
0 0.14375 0.664062 0.046875 0.065625
0 0.446875 0.514844 0.04375 0.0609375
0 0.197656 0.719531 0.0453125 0.0640625
0 0.314063 0.452344 0.046875 0.0640625
0 0.296094 0.5125 0.0546875 0.06875
0 0.321875 0.267969 0.05 0.0671875
0 0.474219 0.682031 0.0484375 0.0609375
0 0.70625 0.267969 0.053125 0.0671875
0 0.427344 0.702344 0.0515625 0.0671875
0 0.352344 0.557031 0.0515625 0.0609375
0 0.683594 0.782031 0.0484375 0.0640625
0 0.677344 0.603906 0.0546875 0.0703125
0 0.208594 0.333594 0.0515625 0.0671875
0 0.508594 0.328906 0.0515625 0.0703125
0 0.51875 0.478906 0.053125 0.0609375
0 0.56875 0.344531 0.05625 0.0640625
0 0.308594 0.592188 0.0484375 0.065625
0 0.416406 0.35 0.0546875 0.065625
0 0.439844 0.403906 0.0578125 0.0640625
0 0.448438 0.582031 0.05 0.0640625
0 0.808594 0.664844 0.0515625 0.0640625
0 0.528125 0.68125 0.053125 0.05625
0 0.377344 0.717969 0.0484375 0.0640625
0 0.730469 0.342187 0.0546875 0.06875
0 0.278125 0.39375 0.05625 0.065625
0 0.876562 0.728906 0.053125 0.0640625
0 0.295312 0.763281 0.046875 0.0640625
0 0.367188 0.342187 0.05 0.0625
0 0.307031 0.328125 0.0546875 0.071875
0 0.3625 0.432813 0.053125 0.065625
0 0.228125 0.614062 0.05625 0.065625
0 0.398438 0.603125 0.046875 0.065625
0 0.392969 0.539062 0.0546875 0.071875
0 0.610156 0.389844 0.0515625 0.0703125
0 0.645312 0.740625 0.046875 0.0625
0 0.540625 0.416406 0.046875 0.0609375
0 0.830469 0.354688 0.0546875 0.071875
0 0.725781 0.579687 0.0546875 0.06875
0 0.79375 0.4875 0.046875 0.059375
0 0.694531 0.519531 0.0515625 0.0640625
0 0.5875 0.695312 0.053125 0.065625
0 0.23125 0.66875 0.04375 0.05625
0 0.704687 0.391406 0.05625 0.0640625
0 0.463281 0.469531 0.0546875 0.0671875
0 0.340625 0.639063 0.053125 0.065625
0 0.260156 0.55625 0.0515625 0.06875
0 0.757812 0.446094 0.053125 0.0671875
0 0.736719 0.667188 0.0484375 0.065625
0 0.608594 0.510156 0.0515625 0.0640625
0 0.550781 0.530469 0.0546875 0.0703125
0 0.567969 0.210938 0.0546875 0.0625
0 0.632031 0.695312 0.0515625 0.065625
0 0.814062 0.60625 0.05 0.0625
0 0.492188 0.628906 0.046875 0.0609375
0 0.3875 0.657031 0.05 0.0609375
0 0.767969 0.727344 0.0515625 0.0640625
0 0.409375 0.477344 0.05 0.0671875
0 0.33125 0.388281 0.053125 0.0671875
0 0.707812 0.457031 0.053125 0.0671875
0 0.372656 0.28125 0.0609375 0.075
