0 0.0164062 0.830469 0.0296875 0.0484375
0 0.176563 0.840625 0.04375 0.053125
0 0.607031 0.736719 0.0265625 0.0453125
0 0.575781 0.173438 0.0359375 0.040625
0 0.741406 0.7375 0.0515625 0.05625
0 0.633594 0.246094 0.0390625 0.0671875
0 0.309375 0.430469 0.028125 0.0484375
0 0.777344 0.745313 0.0296875 0.053125
0 0.748438 0.408594 0.021875 0.0390625
0 0.728125 0.685938 0.04375 0.05625
0 0.547656 0.799219 0.0421875 0.0609375
0 0.410156 0.500781 0.0359375 0.0484375
0 0.559375 0.402344 0.0375 0.0453125
0 0.826563 0.658594 0.046875 0.0578125
0 0.664062 0.575781 0.034375 0.0390625
0 0.4375 0.551562 0.040625 0.05
0 0.564844 0.753125 0.0390625 0.046875
0 0.41875 0.654688 0.040625 0.04375
0 0.463281 0.789844 0.0390625 0.0515625
0 0.599219 0.771094 0.0359375 0.0484375
0 0.441406 0.852344 0.0421875 0.0578125
0 0.79375 0.705469 0.040625 0.0546875
0 0.235938 0.452344 0.0375 0.0578125
0 0.3625 0.555469 0.040625 0.0578125
0 0.602344 0.4375 0.0390625 0.053125
0 0.638281 0.411719 0.0421875 0.0546875
0 0.447656 0.464063 0.0390625 0.053125
0 0.592969 0.65 0.0390625 0.05625
0 0.259375 0.520312 0.0375 0.053125
0 0.526563 0.227344 0.0375 0.0453125
0 0.335156 0.401563 0.0359375 0.05625
0 0.34375 0.6625 0.040625 0.053125
0 0.503125 0.25625 0.0375 0.046875
0 0.490625 0.325781 0.0375 0.0484375
0 0.364062 0.80625 0.0375 0.04375
0 0.575781 0.207813 0.0421875 0.05625
0 0.372656 0.452344 0.0359375 0.0515625
0 0.78125 0.464063 0.040625 0.053125
0 0.222656 0.503125 0.0390625 0.053125
0 0.404687 0.377344 0.034375 0.0453125
0 0.498437 0.198437 0.034375 0.046875
0 0.410156 0.234375 0.0359375 0.046875
0 0.728125 0.378125 0.034375 0.05
0 0.485938 0.567969 0.04375 0.0578125
0 0.297656 0.602344 0.0359375 0.0421875
0 0.707812 0.228906 0.034375 0.0515625
0 0.609375 0.208594 0.0375 0.0515625
0 0.727344 0.435937 0.0421875 0.053125
0 0.421875 0.334375 0.034375 0.05625
0 0.389844 0.177344 0.0328125 0.0484375
0 0.735156 0.580469 0.0359375 0.0515625
0 0.500781 0.685156 0.0421875 0.0546875
0 0.314844 0.288281 0.0359375 0.0484375
0 0.460938 0.148438 0.034375 0.040625
0 0.802344 0.432031 0.0390625 0.0546875
0 0.499219 0.83125 0.0390625 0.053125
0 0.794531 0.513281 0.0421875 0.0578125
0 0.594531 0.25625 0.0421875 0.059375
0 0.3 0.778125 0.046875 0.05625
0 0.807031 0.339844 0.0421875 0.0609375
0 0.382812 0.267188 0.0375 0.05
0 0.464844 0.589063 0.0390625 0.05
0 0.730469 0.63125 0.0390625 0.053125
0 0.671875 0.836719 0.0375 0.0453125
0 0.446094 0.261719 0.0328125 0.0546875
0 0.415625 0.284375 0.034375 0.046875
0 0.240625 0.639063 0.04375 0.053125
0 0.666406 0.629687 0.0421875 0.053125
0 0.635156 0.6625 0.0421875 0.053125
0 0.479688 0.229687 0.04375 0.05
0 0.339844 0.497656 0.0390625 0.0515625
0 0.269531 0.567969 0.0390625 0.0515625
0 0.517187 0.379687 0.040625 0.053125
0 0.654688 0.317969 0.0375 0.0515625
0 0.302344 0.385938 0.0359375 0.04375
0 0.521875 0.297656 0.040625 0.0578125
0 0.482031 0.867969 0.0421875 0.0515625
0 0.572656 0.878125 0.0421875 0.059375
0 0.404687 0.420312 0.0375 0.053125
0 0.485938 0.470313 0.040625 0.053125
0 0.257031 0.392188 0.0359375 0.053125
0 0.628125 0.491406 0.040625 0.0484375
0 0.520312 0.144531 0.034375 0.0515625
0 0.839063 0.371094 0.05 0.0609375
0 0.529688 0.591406 0.046875 0.0578125
0 0.377344 0.395312 0.0390625 0.05
0 0.564844 0.139844 0.0359375 0.0515625
0 0.58125 0.717969 0.040625 0.0546875
0 0.549219 0.346875 0.0421875 0.05625
0 0.707031 0.602344 0.0390625 0.0546875
0 0.678125 0.217969 0.040625 0.0515625
0 0.683594 0.180469 0.0421875 0.0453125
0 0.394531 0.328906 0.0328125 0.0484375
0 0.745313 0.803125 0.0375 0.05625
0 0.316406 0.346094 0.0390625 0.0546875
0 0.334375 0.598437 0.040625 0.05625
0 0.440625 0.40625 0.034375 0.046875
0 0.428125 0.755469 0.046875 0.0578125
0 0.470313 0.405469 0.0375 0.0515625
0 0.603906 0.0914062 0.0421875 0.0546875
0 0.577344 0.304688 0.0453125 0.05625
0 0.304688 0.566406 0.04375 0.0546875
0 0.271094 0.719531 0.0421875 0.0578125
0 0.515625 0.428125 0.040625 0.053125
0 0.641406 0.767969 0.0390625 0.0484375
0 0.364844 0.354688 0.0359375 0.05
0 0.711719 0.832812 0.0421875 0.05625
0 0.777344 0.571875 0.0421875 0.053125
0 0.521094 0.886719 0.0421875 0.0515625
0 0.467187 0.18125 0.034375 0.05
0 0.682031 0.760938 0.0453125 0.05625
0 0.228906 0.572656 0.0453125 0.0578125
0 0.496875 0.773438 0.040625 0.046875
0 0.644531 0.357031 0.0421875 0.0578125
0 0.632812 0.7125 0.04375 0.0625
0 0.54375 0.709375 0.04375 0.059375
0 0.707031 0.276563 0.0421875 0.053125
0 0.465625 0.505469 0.0375 0.0484375
0 0.392188 0.840625 0.0375 0.05
0 0.690625 0.536719 0.0375 0.0484375
0 0.782031 0.629687 0.0390625 0.05625
0 0.642969 0.8 0.0390625 0.04375
0 0.705469 0.358594 0.0421875 0.0546875
0 0.727344 0.530469 0.0390625 0.0515625
0 0.429688 0.616406 0.040625 0.0546875
0 0.35625 0.770312 0.0375 0.05
0 0.329688 0.450781 0.034375 0.0515625
0 0.707812 0.485938 0.040625 0.053125
0 0.552344 0.653906 0.0390625 0.0515625
0 0.442187 0.210938 0.0375 0.053125
0 0.289844 0.529688 0.0390625 0.05
0 0.552344 0.270312 0.0390625 0.053125
0 0.455469 0.654688 0.0390625 0.053125
0 0.582812 0.83125 0.040625 0.059375
0 0.391406 0.744531 0.0421875 0.0546875
0 0.45625 0.30625 0.0375 0.05
0 0.772656 0.235156 0.0453125 0.0671875
0 0.68125 0.704687 0.04375 0.053125
0 0.378906 0.495313 0.0359375 0.05
0 0.44375 0.695312 0.040625 0.053125
0 0.513281 0.505469 0.0390625 0.0515625
0 0.59375 0.378906 0.040625 0.0546875
0 0.541406 0.54375 0.0453125 0.05625
0 0.35 0.294531 0.034375 0.0484375
0 0.645312 0.529688 0.0375 0.053125
0 0.282031 0.655469 0.0453125 0.0546875
0 0.617188 0.30625 0.0375 0.05625
0 0.478906 0.732031 0.0421875 0.0515625
0 0.589844 0.532031 0.0453125 0.0609375
0 0.292969 0.480469 0.0390625 0.0546875
0 0.395312 0.542969 0.0375 0.0515625
0 0.379687 0.617969 0.040625 0.0546875
0 0.489844 0.119531 0.0359375 0.0515625
0 0.80625 0.596875 0.0375 0.05625
0 0.378906 0.6875 0.0453125 0.053125
0 0.630469 0.855469 0.0421875 0.0515625
0 0.542188 0.189063 0.034375 0.046875
0 0.658594 0.46875 0.0390625 0.05
0 0.280469 0.332031 0.0359375 0.0515625
0 0.63125 0.59375 0.040625 0.053125
0 0.592188 0.578125 0.040625 0.05
0 0.553906 0.482031 0.0390625 0.0546875
0 0.317187 0.679688 0.0375 0.05
0 0.419531 0.161719 0.0328125 0.0515625
0 0.680469 0.396094 0.0390625 0.0578125
0 0.455469 0.360156 0.0390625 0.0515625
0 0.742969 0.471875 0.0359375 0.053125
