0 0.267188 0.185937 0.090625 0.103125
0 0.475 0.832812 0.071875 0.10625
0 0.221094 0.939062 0.0796875 0.0875
0 0.400781 0.307031 0.0859375 0.0890625
0 0.23125 0.675 0.071875 0.090625
0 0.696875 0.157813 0.08125 0.090625
0 0.347656 0.209375 0.0796875 0.10625
0 0.173438 0.324219 0.071875 0.114063
0 0.251563 0.292188 0.06875 0.096875
0 0.414844 0.610937 0.0765625 0.09375
0 0.725781 0.603125 0.0703125 0.1125
0 0.753125 0.217969 0.084375 0.101562
0 0.173438 0.872656 0.071875 0.0984375
0 0.601562 0.482031 0.08125 0.117188
0 0.623438 0.122656 0.084375 0.120312
0 0.08125 0.333594 0.078125 0.120312
0 0.725 0.334375 0.084375 0.1
0 0.582031 0.611719 0.0828125 0.0921875
0 0.176563 0.600781 0.071875 0.104687
0 0.417188 0.200781 0.078125 0.117188
0 0.434375 0.403906 0.071875 0.0984375
0 0.4125 0.708594 0.075 0.0859375
0 0.478906 0.559375 0.0640625 0.115625
0 0.703906 0.7125 0.0796875 0.090625
0 0.0617188 0.4375 0.0796875 0.0875
0 0.203125 0.501562 0.08125 0.090625
0 0.373437 0.0960938 0.0875 0.114063
0 0.805469 0.339063 0.0734375 0.103125
0 0.238281 0.849219 0.0734375 0.0953125
0 0.473437 0.732031 0.071875 0.107813
0 0.266406 0.582812 0.0828125 0.1125
0 0.540625 0.0726563 0.084375 0.0921875
0 0.11875 0.51875 0.084375 0.10625
0 0.570312 0.282813 0.090625 0.115625
0 0.157813 0.699219 0.075 0.0859375
0 0.635156 0.340625 0.0796875 0.10625
0 0.278125 0.752344 0.084375 0.0953125
0 0.328125 0.855469 0.078125 0.0984375
0 0.567187 0.377344 0.0875 0.104687
0 0.734375 0.51875 0.078125 0.1125
0 0.64375 0.229687 0.084375 0.10625
0 0.536719 0.185937 0.0765625 0.096875
0 0.308594 0.917969 0.0765625 0.0953125
0 0.35625 0.76875 0.08125 0.10625
0 0.686719 0.440625 0.0796875 0.103125
0 0.798437 0.444531 0.0875 0.114063
0 0.232812 0.403125 0.08125 0.09375
0 0.345313 0.574219 0.078125 0.101562
0 0.641406 0.797656 0.0796875 0.101562
0 0.505469 0.452344 0.0828125 0.0921875
0 0.316406 0.314063 0.0828125 0.1
0 0.282813 0.476562 0.078125 0.1
0 0.357812 0.407813 0.0875 0.115625
0 0.121094 0.796875 0.0765625 0.109375
0 0.410156 0.495313 0.0890625 0.10625
0 0.463281 0.0992187 0.0796875 0.104687
0 0.489062 0.275781 0.084375 0.107813
0 0.14375 0.419531 0.078125 0.110937
0 0.620313 0.707812 0.084375 0.115625
0 0.565625 0.789062 0.0875 0.103125
0 0.654688 0.569531 0.090625 0.120312
0 0.396875 0.853906 0.0875 0.104687
0 0.309375 0.66875 0.08125 0.109375
0 0.535156 0.694531 0.0796875 0.114063
0 0.196094 0.767969 0.0859375 0.107813
