0 0.879687 0.341406 0.046875 0.0859375
0 0.424219 0.349219 0.0515625 0.0671875
0 0.224219 0.273438 0.0515625 0.06875
0 0.151562 0.3 0.046875 0.0625
0 0.807813 0.49375 0.046875 0.046875
0 0.874219 0.539844 0.0359375 0.0515625
0 0.723437 0.674219 0.034375 0.0546875
0 0.521094 0.126563 0.0515625 0.075
0 0.249219 0.191406 0.0546875 0.0671875
0 0.471875 0.215625 0.040625 0.078125
0 0.510938 0.613281 0.046875 0.0640625
0 0.298438 0.260156 0.05 0.0671875
0 0.502344 0.346875 0.0515625 0.065625
0 0.188281 0.323438 0.0546875 0.06875
0 0.547656 0.3625 0.0515625 0.065625
0 0.624219 0.202344 0.0546875 0.0765625
0 0.299219 0.595312 0.0515625 0.065625
0 0.360938 0.214844 0.053125 0.0640625
0 0.685156 0.257812 0.0421875 0.06875
0 0.610156 0.689062 0.0390625 0.059375
0 0.907031 0.488281 0.0390625 0.0609375
0 0.103906 0.614062 0.0515625 0.071875
0 0.314063 0.670313 0.053125 0.0625
0 0.225 0.377344 0.053125 0.0671875
0 0.260156 0.6375 0.0453125 0.0625
0 0.678125 0.421094 0.040625 0.0578125
0 0.750781 0.71875 0.0453125 0.059375
0 0.739062 0.767187 0.040625 0.05625
0 0.79375 0.655469 0.034375 0.0515625
0 0.749219 0.278906 0.0515625 0.0765625
0 0.75 0.367969 0.046875 0.0578125
0 0.1625 0.439844 0.053125 0.0703125
0 0.244531 0.439844 0.0421875 0.0609375
0 0.321875 0.54375 0.05 0.053125
0 0.308594 0.322656 0.0484375 0.0671875
0 0.394531 0.184375 0.0515625 0.078125
0 0.446875 0.460156 0.053125 0.0671875
0 0.576563 0.550781 0.046875 0.0578125
0 0.711719 0.467187 0.0453125 0.0625
0 0.275 0.453906 0.05 0.0640625
0 0.328125 0.165625 0.05625 0.059375
0 0.219531 0.521094 0.0453125 0.0640625
0 0.642969 0.267188 0.0515625 0.0625
0 0.528906 0.661719 0.0421875 0.0578125
0 0.369531 0.289844 0.0515625 0.0734375
0 0.154687 0.664062 0.04375 0.0625
0 0.638281 0.528125 0.0421875 0.059375
0 0.767969 0.650781 0.0421875 0.0515625
0 0.464844 0.392969 0.0484375 0.0609375
0 0.274219 0.707031 0.0484375 0.0640625
0 0.195312 0.690625 0.0375 0.05625
0 0.264844 0.342187 0.0484375 0.065625
0 0.335938 0.719531 0.05 0.0640625
0 0.210156 0.650781 0.0484375 0.0671875
0 0.516406 0.289062 0.0515625 0.071875
0 0.429688 0.285156 0.046875 0.0671875
0 0.241406 0.590625 0.0453125 0.059375
0 0.174219 0.253906 0.0484375 0.0671875
0 0.716406 0.54375 0.0421875 0.059375
0 0.821875 0.704687 0.04375 0.05625
0 0.259375 0.510938 0.05 0.0625
0 0.502344 0.471875 0.0515625 0.0625
0 0.690625 0.625 0.04375 0.059375
0 0.292969 0.403906 0.0546875 0.0640625
0 0.375 0.68125 0.046875 0.0625
0 0.651563 0.328125 0.05 0.06875
0 0.653906 0.655469 0.0453125 0.0546875
0 0.827344 0.441406 0.0484375 0.0671875
0 0.283594 0.153906 0.0484375 0.0640625
0 0.540625 0.430469 0.05 0.0609375
0 0.382812 0.363281 0.05 0.0703125
0 0.501562 0.553906 0.046875 0.0640625
0 0.55625 0.226562 0.053125 0.071875
0 0.483594 0.675 0.0484375 0.053125
0 0.530469 0.496875 0.0453125 0.053125
0 0.108594 0.453125 0.0515625 0.06875
0 0.746875 0.510156 0.046875 0.0640625
0 0.699219 0.379687 0.0484375 0.05625
0 0.707812 0.71875 0.040625 0.05625
0 0.182031 0.499219 0.0421875 0.0640625
0 0.388281 0.583594 0.0515625 0.0578125
0 0.782812 0.59375 0.04375 0.05625
0 0.470313 0.136719 0.053125 0.0609375
0 0.391406 0.477344 0.0484375 0.0640625
0 0.645312 0.404687 0.046875 0.0625
0 0.753906 0.428125 0.0484375 0.065625
0 0.844531 0.528125 0.0453125 0.053125
0 0.442969 0.670313 0.0484375 0.05
0 0.759375 0.567969 0.046875 0.0609375
0 0.654688 0.692187 0.0375 0.046875
0 0.819531 0.3875 0.0515625 0.0625
0 0.567187 0.302344 0.05 0.0671875
0 0.60625 0.341406 0.046875 0.0609375
0 0.570312 0.594531 0.04375 0.0578125
0 0.617969 0.586719 0.0453125 0.0546875
0 0.830469 0.636719 0.0453125 0.0609375
0 0.33125 0.491406 0.053125 0.0640625
0 0.604688 0.634375 0.046875 0.05625
0 0.542188 0.566406 0.040625 0.0546875
0 0.779688 0.783594 0.04375 0.0546875
0 0.670313 0.486719 0.04375 0.0640625
0 0.592969 0.40625 0.0484375 0.059375
0 0.346094 0.432031 0.0515625 0.0609375
0 0.566406 0.673437 0.0421875 0.059375
0 0.79375 0.541406 0.04375 0.0578125
0 0.732031 0.61875 0.0421875 0.05625
0 0.391406 0.536719 0.0453125 0.0578125
0 0.794531 0.738281 0.0421875 0.0578125
0 0.607031 0.483594 0.0453125 0.0609375
0 0.867188 0.598437 0.040625 0.059375
0 0.682813 0.548437 0.04375 0.059375
0 0.642969 0.459375 0.0484375 0.059375
0 0.144531 0.372656 0.0484375 0.0671875
0 0.45625 0.573438 0.04375 0.0625
0 0.842188 0.579687 0.040625 0.05625
0 0.457812 0.629687 0.04375 0.053125
0 0.457031 0.508594 0.0453125 0.0640625
