0 0.579687 0.195312 0.03125 0.034375
0 0.523438 0.107813 0.040625 0.05625
0 0.733594 0.517187 0.0234375 0.053125
0 0.716406 0.689844 0.0296875 0.0453125
0 0.338281 0.154687 0.0359375 0.05
0 0.467969 0.842969 0.0390625 0.0640625
0 0.286719 0.459375 0.0546875 0.053125
0 0.755469 0.388281 0.0515625 0.0640625
0 0.696875 0.274219 0.034375 0.0578125
0 0.378906 0.153906 0.0421875 0.0546875
0 0.729688 0.771094 0.03125 0.0484375
0 0.496875 0.15 0.040625 0.053125
0 0.367969 0.119531 0.0390625 0.0484375
0 0.510156 0.697656 0.0484375 0.0515625
0 0.457031 0.610937 0.0484375 0.075
0 0.739844 0.19375 0.0328125 0.05
0 0.553125 0.228125 0.0375 0.05625
0 0.7 0.764844 0.04375 0.0640625
0 0.309375 0.3 0.04375 0.05625
0 0.355469 0.182031 0.0484375 0.0671875
0 0.361719 0.0609375 0.0390625 0.05625
0 0.825 0.541406 0.03125 0.0515625
0 0.486719 0.110156 0.0390625 0.0515625
0 0.384375 0.575 0.05 0.059375
0 0.483594 0.911719 0.0390625 0.0484375
0 0.364062 0.63125 0.040625 0.059375
0 0.222656 0.521094 0.0421875 0.0546875
0 0.311719 0.563281 0.0390625 0.0578125
0 0.721094 0.208594 0.0328125 0.0453125
0 0.621875 0.436719 0.04375 0.0578125
0 0.3875 0.878125 0.04375 0.05625
0 0.399219 0.68125 0.0390625 0.05625
0 0.548437 0.7875 0.040625 0.05625
0 0.422656 0.796875 0.0515625 0.065625
0 0.314844 0.103125 0.0515625 0.0625
0 0.361719 0.827344 0.0421875 0.0546875
0 0.45625 0.167187 0.046875 0.059375
0 0.579687 0.929688 0.046875 0.05625
0 0.674219 0.803906 0.0484375 0.0703125
0 0.352344 0.247656 0.0515625 0.0671875
0 0.576563 0.390625 0.046875 0.05625
0 0.428906 0.2125 0.0453125 0.05625
0 0.428125 0.422656 0.040625 0.0546875
0 0.527344 0.916406 0.0421875 0.0515625
0 0.234375 0.371094 0.0375 0.0546875
0 0.339844 0.448438 0.0421875 0.05625
0 0.63125 0.316406 0.040625 0.0546875
0 0.432813 0.701563 0.053125 0.065625
0 0.674219 0.329688 0.0453125 0.059375
0 0.515625 0.05 0.046875 0.059375
0 0.401563 0.628125 0.05 0.065625
0 0.759375 0.300781 0.0375 0.0453125
0 0.853906 0.474219 0.0390625 0.0609375
0 0.817187 0.714063 0.05 0.06875
0 0.507031 0.814062 0.0578125 0.071875
0 0.453125 0.259375 0.040625 0.05
0 0.225 0.230469 0.04375 0.0640625
0 0.8125 0.778125 0.05625 0.0625
0 0.621875 0.196875 0.034375 0.053125
0 0.21875 0.407813 0.040625 0.05625
0 0.394531 0.266406 0.0390625 0.0578125
0 0.470313 0.670313 0.053125 0.06875
0 0.828906 0.478125 0.0453125 0.0625
0 0.772656 0.45 0.0484375 0.059375
0 0.48125 0.875781 0.04375 0.0515625
0 0.372656 0.764844 0.0421875 0.0609375
0 0.28125 0.525781 0.04375 0.0546875
0 0.614844 0.513281 0.0453125 0.0578125
0 0.232812 0.591406 0.0375 0.0578125
0 0.883594 0.303906 0.0484375 0.0609375
0 0.705469 0.515625 0.0484375 0.065625
0 0.458594 0.430469 0.0453125 0.0640625
0 0.464844 0.496875 0.0515625 0.0625
0 0.321094 0.640625 0.0453125 0.0625
0 0.807031 0.307813 0.0453125 0.05
0 0.33125 0.513281 0.04375 0.0609375
0 0.272656 0.402344 0.0421875 0.0609375
0 0.378906 0.442187 0.0453125 0.053125
0 0.878125 0.603906 0.053125 0.0703125
0 0.589844 0.767187 0.0421875 0.053125
0 0.322656 0.779688 0.0421875 0.065625
0 0.195312 0.290625 0.046875 0.065625
0 0.396094 0.739844 0.0453125 0.0640625
0 0.578906 0.853125 0.0484375 0.0625
0 0.658594 0.464063 0.0453125 0.065625
0 0.61875 0.815625 0.046875 0.0625
0 0.5125 0.33125 0.046875 0.059375
0 0.722656 0.452344 0.0453125 0.0640625
0 0.507031 0.482812 0.0515625 0.065625
0 0.26875 0.597656 0.05 0.0609375
0 0.460156 0.053125 0.0390625 0.05625
0 0.380469 0.503125 0.0484375 0.0625
0 0.417188 0.136719 0.046875 0.0578125
0 0.791406 0.398438 0.0328125 0.053125
0 0.545313 0.292969 0.040625 0.0578125
0 0.727344 0.3 0.0359375 0.053125
0 0.278906 0.210156 0.0421875 0.0609375
0 0.69375 0.589844 0.046875 0.0640625
0 0.557031 0.741406 0.0421875 0.0578125
0 0.433594 0.553906 0.0484375 0.0671875
0 0.328125 0.209375 0.0375 0.053125
0 0.30625 0.353125 0.04375 0.0625
0 0.519531 0.205469 0.0359375 0.0546875
0 0.354688 0.396094 0.0375 0.0546875
0 0.271875 0.717188 0.04375 0.0625
0 0.242969 0.654688 0.0453125 0.0625
0 0.59375 0.221094 0.04375 0.0578125
0 0.579687 0.121875 0.040625 0.05
0 0.616406 0.86875 0.0421875 0.05625
0 0.26875 0.14375 0.04375 0.059375
0 0.614062 0.367969 0.046875 0.0609375
0 0.367188 0.696094 0.0375 0.0578125
0 0.28125 0.278125 0.0375 0.053125
0 0.561719 0.0828125 0.0359375 0.05
0 0.630469 0.603125 0.0515625 0.059375
0 0.779688 0.340625 0.046875 0.0625
0 0.639063 0.677344 0.046875 0.0640625
0 0.615625 0.146094 0.040625 0.0546875
0 0.207031 0.460156 0.0421875 0.0609375
0 0.358594 0.309375 0.0390625 0.0625
0 0.670313 0.713281 0.04375 0.0578125
0 0.73125 0.255469 0.040625 0.0546875
0 0.549219 0.667188 0.0421875 0.059375
0 0.507812 0.571875 0.040625 0.0625
0 0.53125 0.375 0.04375 0.0625
0 0.592969 0.56875 0.0453125 0.059375
0 0.717188 0.346094 0.046875 0.0546875
0 0.555469 0.471094 0.0484375 0.0578125
0 0.464063 0.758594 0.053125 0.0640625
0 0.542188 0.54375 0.05 0.0625
0 0.467187 0.296875 0.040625 0.053125
0 0.65625 0.389844 0.04375 0.0578125
0 0.657031 0.164062 0.0390625 0.05625
0 0.39375 0.38125 0.046875 0.059375
0 0.682031 0.113281 0.0359375 0.0484375
0 0.657812 0.5375 0.05 0.0625
0 0.795313 0.553125 0.04375 0.059375
0 0.735937 0.595312 0.05 0.065625
0 0.403906 0.053125 0.0453125 0.053125
0 0.707812 0.142969 0.0375 0.0515625
0 0.478125 0.230469 0.0375 0.0484375
0 0.694531 0.670313 0.0484375 0.0625
0 0.425 0.907031 0.046875 0.0578125
0 0.708594 0.391406 0.0515625 0.0671875
0 0.313281 0.707031 0.0484375 0.0640625
0 0.657031 0.224219 0.0390625 0.0546875
0 0.570312 0.619531 0.04375 0.0609375
0 0.54375 0.16875 0.0375 0.053125
0 0.567187 0.33125 0.040625 0.053125
0 0.517969 0.253906 0.0421875 0.0515625
0 0.427344 0.304688 0.0421875 0.053125
0 0.728125 0.642969 0.040625 0.0546875
0 0.590625 0.683594 0.040625 0.0546875
0 0.590625 0.282031 0.046875 0.0578125
0 0.685156 0.19375 0.0390625 0.046875
0 0.617969 0.725 0.0421875 0.059375
0 0.780469 0.253125 0.0421875 0.053125
0 0.630469 0.257031 0.0421875 0.0546875
0 0.517969 0.632812 0.0515625 0.065625
0 0.520312 0.432031 0.046875 0.0546875
0 0.44375 0.360156 0.046875 0.0640625
0 0.780469 0.196875 0.0421875 0.059375
0 0.492188 0.371875 0.040625 0.059375
