0 0.68125 0.665625 0.04375 0.05625
0 0.682031 0.691406 0.0421875 0.0453125
0 0.601562 0.4875 0.040625 0.053125
0 0.423438 0.248437 0.04375 0.0625
0 0.653906 0.524219 0.0359375 0.0453125
0 0.296875 0.235938 0.0375 0.046875
0 0.274219 0.254687 0.0390625 0.05625
0 0.849219 0.464844 0.0453125 0.0578125
0 0.535937 0.548437 0.0375 0.046875
0 0.863281 0.703125 0.0296875 0.03125
0 0.713281 0.410937 0.0359375 0.0375
0 0.547656 0.297656 0.0515625 0.0640625
0 0.8625 0.576563 0.034375 0.053125
0 0.7 0.564844 0.034375 0.0484375
0 0.748438 0.685938 0.040625 0.059375
0 0.223438 0.260156 0.04375 0.0578125
0 0.300781 0.290625 0.0390625 0.05625
0 0.196875 0.685938 0.0375 0.059375
0 0.826563 0.690625 0.040625 0.05625
0 0.450781 0.525 0.0328125 0.05625
0 0.574219 0.396875 0.0359375 0.0625
0 0.785156 0.499219 0.0359375 0.0515625
0 0.472656 0.639844 0.0359375 0.0546875
0 0.348437 0.478906 0.040625 0.0546875
0 0.8 0.555469 0.040625 0.0578125
0 0.615625 0.539062 0.040625 0.053125
0 0.235938 0.423438 0.0375 0.053125
0 0.6375 0.671094 0.040625 0.0578125
0 0.822656 0.610937 0.0359375 0.05625
0 0.560156 0.689844 0.0421875 0.0609375
0 0.473437 0.547656 0.046875 0.0578125
0 0.486719 0.491406 0.0390625 0.0609375
0 0.746875 0.546094 0.0375 0.0578125
0 0.158594 0.639063 0.0421875 0.059375
0 0.527344 0.644531 0.0421875 0.0515625
0 0.671094 0.589844 0.0390625 0.0609375
0 0.385156 0.559375 0.0359375 0.059375
0 0.266406 0.330469 0.0328125 0.0515625
0 0.522656 0.342969 0.0390625 0.0578125
0 0.460938 0.592969 0.0375 0.0578125
0 0.427344 0.426562 0.0390625 0.05
0 0.877344 0.669531 0.0453125 0.0546875
0 0.304688 0.664062 0.0375 0.05625
0 0.413281 0.30625 0.0421875 0.05625
0 0.460156 0.319531 0.0359375 0.0546875
0 0.292188 0.701563 0.040625 0.053125
0 0.41875 0.682031 0.040625 0.0546875
0 0.266406 0.453125 0.0390625 0.046875
0 0.284375 0.476562 0.0375 0.053125
0 0.589844 0.586719 0.0484375 0.0578125
0 0.492969 0.371875 0.0359375 0.05625
0 0.55625 0.467187 0.046875 0.059375
0 0.584375 0.653906 0.040625 0.0515625
0 0.752344 0.458594 0.0421875 0.0546875
0 0.769531 0.595312 0.0421875 0.053125
0 0.403125 0.510938 0.0375 0.05
0 0.245312 0.480469 0.034375 0.0546875
0 0.825 0.51875 0.034375 0.05
0 0.179688 0.416406 0.034375 0.0453125
0 0.273438 0.367188 0.0375 0.053125
0 0.507812 0.452344 0.040625 0.0578125
0 0.158594 0.571094 0.0390625 0.0578125
0 0.639063 0.48125 0.0375 0.05
0 0.486719 0.307813 0.0421875 0.059375
0 0.385938 0.617969 0.040625 0.0546875
0 0.382812 0.68125 0.0375 0.053125
0 0.517969 0.391406 0.0421875 0.0609375
0 0.659375 0.39375 0.040625 0.05
0 0.161719 0.457812 0.0390625 0.05625
0 0.795313 0.645312 0.040625 0.059375
0 0.339063 0.571094 0.040625 0.0484375
0 0.157813 0.5125 0.0375 0.059375
0 0.396875 0.363281 0.040625 0.0578125
0 0.68125 0.496875 0.04375 0.046875
0 0.366406 0.295312 0.0421875 0.05625
0 0.240625 0.369531 0.034375 0.0546875
0 0.804688 0.444531 0.040625 0.0578125
0 0.577344 0.534375 0.0421875 0.053125
0 0.203125 0.31875 0.0375 0.05625
0 0.517969 0.59375 0.0359375 0.05625
0 0.675 0.446875 0.046875 0.05625
0 0.353125 0.596875 0.0375 0.05
0 0.458594 0.682813 0.0390625 0.053125
0 0.711719 0.455469 0.0390625 0.0484375
0 0.167969 0.353906 0.0390625 0.0546875
0 0.520312 0.691406 0.040625 0.0546875
0 0.320312 0.397656 0.040625 0.0546875
0 0.265625 0.5125 0.0375 0.046875
0 0.720312 0.517187 0.040625 0.053125
0 0.307813 0.432031 0.04375 0.0515625
0 0.346875 0.236719 0.04375 0.0640625
0 0.40625 0.466406 0.040625 0.0515625
0 0.457031 0.371875 0.0390625 0.059375
0 0.425 0.58125 0.040625 0.053125
0 0.367188 0.390625 0.0375 0.05
0 0.282031 0.411719 0.0359375 0.0484375
0 0.315625 0.528906 0.034375 0.0515625
0 0.35625 0.34375 0.040625 0.053125
0 0.61875 0.414062 0.046875 0.0625
0 0.553906 0.609375 0.0421875 0.053125
0 0.257031 0.579687 0.0390625 0.05
0 0.444531 0.46875 0.0390625 0.05625
0 0.34375 0.648438 0.0375 0.059375
0 0.594531 0.355469 0.0453125 0.0609375
0 0.228906 0.585156 0.0328125 0.0515625
0 0.478906 0.417188 0.0421875 0.05625
0 0.217187 0.54375 0.0375 0.05
0 0.244531 0.689062 0.0421875 0.05625
0 0.716406 0.610156 0.0390625 0.0546875
0 0.441406 0.634375 0.0390625 0.05625
0 0.53125 0.496875 0.046875 0.0625
0 0.353906 0.529688 0.0390625 0.053125
0 0.303906 0.605469 0.0390625 0.0515625
0 0.255469 0.624219 0.0390625 0.0546875
0 0.63125 0.609375 0.040625 0.05625
0 0.380469 0.435937 0.0390625 0.05625
