0 0.686719 0.636719 0.0296875 0.0484375
0 0.600781 0.600781 0.0390625 0.0546875
0 0.0429688 0.152344 0.0703125 0.107813
0 0.671094 0.576563 0.0359375 0.053125
0 0.433594 0.353906 0.0328125 0.0453125
0 0.576563 0.46875 0.0375 0.059375
0 0.76875 0.426562 0.0375 0.053125
0 0.664062 0.677344 0.034375 0.0546875
0 0.423438 0.633594 0.05625 0.0640625
0 0.3625 0.861719 0.046875 0.0546875
0 0.6125 0.65 0.040625 0.05
0 0.696875 0.391406 0.0375 0.0578125
0 0.398438 0.2625 0.053125 0.071875
0 0.742188 0.361719 0.03125 0.0359375
0 0.703125 0.65 0.034375 0.05
0 0.759375 0.546875 0.025 0.046875
0 0.522656 0.515625 0.0328125 0.053125
0 0.486719 0.266406 0.0421875 0.0796875
0 0.733594 0.566406 0.0328125 0.0453125
0 0.763281 0.209375 0.0296875 0.059375
0 0.721094 0.45 0.0328125 0.059375
0 0.525781 0.702344 0.0421875 0.0578125
0 0.632812 0.6875 0.034375 0.05625
0 0.721875 0.275 0.028125 0.05
0 0.630469 0.615625 0.0328125 0.04375
0 0.660937 0.364062 0.0375 0.0625
0 0.35 0.817969 0.046875 0.0640625
0 0.200781 0.317187 0.0546875 0.09375
0 0.202344 0.739844 0.0546875 0.0640625
0 0.692969 0.69375 0.0359375 0.05625
0 0.489062 0.690625 0.040625 0.059375
0 0.489844 0.520312 0.0421875 0.065625
0 0.594531 0.307813 0.0390625 0.059375
0 0.30625 0.852344 0.046875 0.0484375
0 0.6125 0.171875 0.040625 0.065625
0 0.303906 0.692187 0.0515625 0.06875
0 0.689062 0.483594 0.0375 0.0578125
0 0.244531 0.894531 0.0578125 0.0765625
0 0.524219 0.326562 0.0421875 0.0625
0 0.694531 0.284375 0.0453125 0.059375
0 0.747656 0.26875 0.0296875 0.05
0 0.540625 0.405469 0.04375 0.0609375
0 0.599219 0.71875 0.0390625 0.05625
0 0.463281 0.642187 0.0453125 0.0625
0 0.346875 0.6375 0.05 0.065625
0 0.319531 0.93125 0.0390625 0.059375
0 0.210938 0.622656 0.0625 0.0671875
0 0.745313 0.594531 0.03125 0.0390625
0 0.564844 0.724219 0.0421875 0.0578125
0 0.776563 0.317187 0.034375 0.05625
0 0.30625 0.440625 0.053125 0.075
0 0.728125 0.390625 0.03125 0.053125
0 0.400781 0.339844 0.0609375 0.0734375
0 0.591406 0.530469 0.0484375 0.0671875
0 0.717969 0.502344 0.0328125 0.0546875
0 0.417969 0.753906 0.0453125 0.0609375
0 0.435156 0.478125 0.0515625 0.065625
0 0.616406 0.283594 0.0359375 0.0546875
0 0.691406 0.584375 0.0265625 0.04375
0 0.260938 0.382031 0.05625 0.0765625
0 0.519531 0.385938 0.0421875 0.065625
0 0.76875 0.479688 0.034375 0.05625
0 0.439844 0.535156 0.0453125 0.0609375
0 0.482031 0.589063 0.0453125 0.059375
0 0.628906 0.535937 0.0328125 0.053125
0 0.417188 0.411719 0.053125 0.0765625
0 0.463281 0.402344 0.0515625 0.0703125
0 0.73125 0.635938 0.03125 0.05625
0 0.659375 0.522656 0.034375 0.0515625
0 0.351562 0.580469 0.05625 0.0765625
0 0.235156 0.553906 0.0578125 0.0734375
0 0.7 0.541406 0.034375 0.0484375
0 0.644531 0.221875 0.0484375 0.065625
0 0.257031 0.476562 0.0609375 0.0875
0 0.591406 0.373437 0.0421875 0.0625
0 0.292969 0.591406 0.0515625 0.0734375
0 0.33125 0.366406 0.053125 0.0796875
0 0.58125 0.5875 0.04375 0.0625
0 0.378906 0.753906 0.0484375 0.0609375
0 0.532031 0.2625 0.0484375 0.06875
0 0.616406 0.338281 0.0359375 0.0578125
0 0.355469 0.446094 0.0515625 0.0765625
0 0.657031 0.475781 0.0359375 0.0546875
0 0.628906 0.48125 0.0390625 0.059375
0 0.507031 0.753906 0.0421875 0.0578125
0 0.444531 0.264062 0.0515625 0.06875
0 0.255469 0.646094 0.0578125 0.0609375
0 0.742188 0.319531 0.0375 0.0578125
0 0.302344 0.515625 0.0578125 0.075
0 0.728906 0.216406 0.0390625 0.0546875
0 0.395312 0.519531 0.053125 0.0703125
0 0.538281 0.571094 0.0453125 0.0546875
0 0.778125 0.38125 0.034375 0.053125
0 0.434375 0.692969 0.046875 0.0671875
0 0.245312 0.797656 0.05625 0.0609375
0 0.25625 0.735156 0.053125 0.0640625
0 0.682031 0.217969 0.0421875 0.0609375
0 0.396875 0.808594 0.046875 0.0609375
0 0.469531 0.338281 0.0453125 0.0640625
0 0.392188 0.575781 0.040625 0.0578125
0 0.655469 0.305469 0.0390625 0.0578125
0 0.630469 0.572656 0.0359375 0.0484375
0 0.317969 0.761719 0.0484375 0.0640625
0 0.59375 0.240625 0.04375 0.0625
0 0.45625 0.796875 0.046875 0.0625
0 0.357812 0.679688 0.05 0.0625
0 0.567187 0.670313 0.040625 0.05625
0 0.545313 0.63125 0.04375 0.059375
0 0.494531 0.453125 0.0453125 0.059375
0 0.288281 0.816406 0.0515625 0.0671875
0 0.504687 0.63125 0.04375 0.059375
0 0.628906 0.397656 0.0359375 0.0546875
0 0.692969 0.33125 0.0359375 0.053125
0 0.455469 0.732031 0.0421875 0.0546875
0 0.667969 0.421094 0.0359375 0.0578125
0 0.703906 0.169531 0.0421875 0.0578125
