0 0.01875 0.985156 0.0375 0.0296875
0 0.598437 0.513281 0.05625 0.0703125
0 0.602344 0.696094 0.0484375 0.0765625
0 0.778125 0.65625 0.0375 0.071875
0 0.535937 0.659375 0.053125 0.090625
0 0.736719 0.713281 0.0421875 0.0671875
0 0.501562 0.625 0.046875 0.084375
0 0.713281 0.786719 0.0453125 0.0671875
0 0.651563 0.510156 0.053125 0.0796875
0 0.640625 0.71875 0.04375 0.0875
0 0.68125 0.413281 0.05 0.0828125
0 0.6875 0.5875 0.05 0.078125
0 0.54375 0.753125 0.05625 0.090625
0 0.639844 0.794531 0.0484375 0.0859375
0 0.740625 0.550781 0.05 0.0765625
0 0.628125 0.44375 0.053125 0.084375
0 0.583594 0.425781 0.0578125 0.0890625
0 0.444531 0.682031 0.0578125 0.0953125
0 0.65 0.639844 0.053125 0.0828125
0 0.707031 0.659375 0.0453125 0.078125
0 0.558594 0.592969 0.0578125 0.0859375
0 0.521094 0.428125 0.0640625 0.103125
0 0.628125 0.345313 0.059375 0.103125
0 0.688281 0.738281 0.0546875 0.0671875
0 0.753906 0.375781 0.0515625 0.0796875
0 0.421094 0.595312 0.0703125 0.1
0 0.475 0.783594 0.0625 0.0703125
0 0.447656 0.48125 0.0703125 0.103125
0 0.524219 0.823438 0.0515625 0.075
0 0.585938 0.76875 0.053125 0.06875
0 0.639063 0.259375 0.059375 0.0875
0 0.485156 0.707031 0.0609375 0.0734375
0 0.425781 0.758594 0.0671875 0.0859375
0 0.538281 0.511719 0.0609375 0.0734375
0 0.769531 0.463281 0.0484375 0.0890625
0 0.607813 0.596094 0.05 0.0765625
0 0.669531 0.203906 0.0546875 0.0890625
0 0.678906 0.834375 0.0546875 0.071875
0 0.685938 0.325781 0.053125 0.0859375
0 0.505469 0.242188 0.0765625 0.103125
0 0.757812 0.63125 0.05 0.0625
0 0.714063 0.509375 0.053125 0.075
0 0.375781 0.173438 0.0796875 0.096875
0 0.546875 0.338281 0.065625 0.0890625
0 0.569531 0.838281 0.0609375 0.0671875
0 0.804688 0.467969 0.040625 0.0578125
0 0.273438 0.320312 0.065625 0.1
0 0.203906 0.317187 0.0796875 0.1
0 0.410937 0.397656 0.06875 0.0953125
0 0.34375 0.265625 0.071875 0.096875
0 0.509375 0.15 0.06875 0.096875
0 0.619531 0.871875 0.0515625 0.071875
0 0.164062 0.225781 0.08125 0.0984375
0 0.807031 0.539062 0.0484375 0.065625
0 0.473437 0.357031 0.071875 0.104687
0 0.221094 0.502344 0.0671875 0.104687
0 0.346094 0.358594 0.0828125 0.101562
0 0.575781 0.246094 0.0671875 0.0796875
0 0.483594 0.554688 0.0703125 0.08125
0 0.2625 0.214844 0.0875 0.101562
0 0.592969 0.146094 0.0703125 0.0984375
0 0.254687 0.407813 0.08125 0.103125
0 0.0898438 0.214844 0.0765625 0.104687
0 0.103906 0.323438 0.0859375 0.10625
0 0.778906 0.578906 0.0453125 0.0609375
0 0.360156 0.520312 0.0765625 0.103125
0 0.448438 0.196094 0.06875 0.101562
0 0.329688 0.596875 0.08125 0.10625
0 0.405469 0.296094 0.0796875 0.101562
0 0.15625 0.442969 0.084375 0.114063
