0 0.753125 0.729688 0.0375 0.0375
0 0.605469 0.722656 0.0265625 0.0359375
0 0.675781 0.748438 0.0265625 0.0375
0 0.852344 0.560156 0.0421875 0.0546875
0 0.66875 0.800781 0.034375 0.0359375
0 0.632031 0.776563 0.0296875 0.0375
0 0.357812 0.464063 0.034375 0.04375
0 0.576563 0.455469 0.03125 0.0453125
0 0.398438 0.963281 0.034375 0.0359375
0 0.527344 0.851562 0.0421875 0.053125
0 0.241406 0.301562 0.0390625 0.05625
0 0.269531 0.319531 0.0453125 0.0640625
0 0.488281 0.638281 0.0359375 0.0390625
0 0.364062 0.300781 0.04375 0.0578125
0 0.850781 0.400781 0.0453125 0.0578125
0 0.509375 0.410156 0.0375 0.0421875
0 0.5375 0.372656 0.0375 0.0515625
0 0.773438 0.600781 0.04375 0.0578125
0 0.428906 0.667969 0.0390625 0.0421875
0 0.428906 0.529688 0.0359375 0.05
0 0.24375 0.247656 0.034375 0.0578125
0 0.5 0.796094 0.040625 0.0578125
0 0.507812 0.692969 0.034375 0.0453125
0 0.814844 0.655469 0.0390625 0.0421875
0 0.832812 0.615625 0.040625 0.05625
0 0.434375 0.48125 0.0375 0.05625
0 0.267188 0.238281 0.046875 0.0609375
0 0.249219 0.633594 0.0453125 0.0578125
0 0.750781 0.632812 0.0390625 0.046875
0 0.289844 0.610937 0.0421875 0.05625
0 0.559375 0.273438 0.040625 0.059375
0 0.672656 0.711719 0.0359375 0.0484375
0 0.597656 0.7875 0.0390625 0.05625
0 0.63125 0.828125 0.040625 0.04375
0 0.8125 0.310937 0.04375 0.05625
0 0.835938 0.345313 0.040625 0.059375
0 0.222656 0.575781 0.0421875 0.0578125
0 0.777344 0.413281 0.0453125 0.0578125
0 0.20625 0.532031 0.0375 0.0515625
0 0.392969 0.667188 0.0421875 0.05
0 0.647656 0.748438 0.0390625 0.046875
0 0.685938 0.478125 0.04375 0.053125
0 0.422656 0.211719 0.0421875 0.0578125
0 0.327344 0.0671875 0.0421875 0.0625
0 0.701563 0.716406 0.0375 0.0484375
0 0.360156 0.582812 0.0421875 0.059375
0 0.396875 0.5 0.040625 0.053125
0 0.294531 0.198437 0.0484375 0.0625
0 0.642187 0.334375 0.04375 0.059375
0 0.596875 0.346094 0.040625 0.0578125
0 0.727344 0.175781 0.0453125 0.0609375
0 0.482812 0.195312 0.046875 0.0625
0 0.690625 0.564062 0.046875 0.053125
0 0.55625 0.78125 0.0375 0.046875
0 0.35 0.691406 0.040625 0.0484375
0 0.405469 0.642187 0.0421875 0.05625
0 0.402344 0.560938 0.0421875 0.053125
0 0.748438 0.790625 0.040625 0.05
0 0.802344 0.628906 0.0390625 0.0484375
0 0.635938 0.564844 0.040625 0.0609375
0 0.421875 0.739062 0.040625 0.053125
0 0.505469 0.565625 0.0359375 0.053125
0 0.649219 0.279687 0.0453125 0.05625
0 0.285156 0.507031 0.0390625 0.0609375
0 0.601562 0.582031 0.040625 0.0546875
0 0.326562 0.666406 0.04375 0.0515625
0 0.78125 0.676562 0.04375 0.05
0 0.658594 0.602344 0.0453125 0.0515625
0 0.433594 0.767187 0.0453125 0.05
0 0.55 0.430469 0.04375 0.0546875
0 0.628125 0.171875 0.04375 0.05625
0 0.720312 0.627344 0.0375 0.0515625
0 0.814062 0.578906 0.040625 0.0515625
0 0.358594 0.524219 0.0453125 0.0546875
0 0.46875 0.769531 0.0375 0.0484375
0 0.583594 0.395312 0.0453125 0.0625
0 0.56875 0.742188 0.034375 0.046875
0 0.396875 0.453125 0.040625 0.053125
0 0.476562 0.492969 0.04375 0.0484375
0 0.448438 0.828906 0.040625 0.0515625
0 0.507031 0.454688 0.0421875 0.053125
0 0.869531 0.457031 0.0453125 0.0609375
0 0.554688 0.633594 0.040625 0.0578125
0 0.694531 0.420312 0.0453125 0.0625
0 0.395312 0.767969 0.0375 0.0515625
0 0.560938 0.330469 0.040625 0.0546875
0 0.457812 0.164844 0.040625 0.0546875
0 0.370313 0.150781 0.040625 0.0609375
0 0.53125 0.315625 0.046875 0.0625
0 0.273438 0.557031 0.04375 0.0546875
0 0.332812 0.365625 0.04375 0.05625
0 0.623438 0.394531 0.04375 0.0578125
0 0.540625 0.2125 0.046875 0.0625
0 0.580469 0.166406 0.0421875 0.0546875
0 0.245312 0.515625 0.040625 0.059375
0 0.607031 0.291406 0.0453125 0.0609375
0 0.716406 0.232031 0.0484375 0.0578125
0 0.514844 0.510156 0.0421875 0.0578125
0 0.548437 0.529688 0.04375 0.05
0 0.379687 0.354688 0.0375 0.05
0 0.682031 0.265625 0.0421875 0.059375
0 0.41875 0.366406 0.04375 0.0546875
0 0.317969 0.542969 0.0421875 0.0515625
0 0.417969 0.796875 0.0421875 0.040625
0 0.682813 0.626562 0.040625 0.053125
0 0.672656 0.36875 0.0421875 0.05625
0 0.657812 0.439844 0.04375 0.0609375
0 0.229687 0.360156 0.04375 0.0609375
0 0.657812 0.679688 0.0375 0.053125
0 0.409375 0.145313 0.04375 0.05625
0 0.507812 0.742969 0.040625 0.0546875
0 0.383594 0.719531 0.0390625 0.0546875
0 0.270312 0.455469 0.040625 0.0546875
0 0.84375 0.507812 0.046875 0.059375
0 0.457812 0.242188 0.04375 0.059375
0 0.767969 0.265625 0.0515625 0.059375
0 0.216406 0.477344 0.0453125 0.0578125
0 0.379687 0.404687 0.04375 0.05625
0 0.725 0.29375 0.04375 0.05625
0 0.446875 0.11875 0.040625 0.05625
0 0.766406 0.532031 0.0421875 0.0546875
0 0.455469 0.342187 0.0421875 0.053125
0 0.521875 0.605469 0.040625 0.0578125
0 0.28125 0.657031 0.04375 0.0546875
0 0.475781 0.44375 0.0453125 0.05625
0 0.769531 0.475781 0.0453125 0.0578125
0 0.436719 0.430469 0.0421875 0.0609375
0 0.330469 0.490625 0.0421875 0.05625
0 0.307813 0.264844 0.04375 0.0609375
0 0.290625 0.416406 0.04375 0.0578125
0 0.467187 0.385938 0.040625 0.05625
0 0.402344 0.255469 0.0484375 0.0609375
0 0.330469 0.41875 0.0453125 0.059375
0 0.520312 0.664062 0.040625 0.053125
0 0.63125 0.702344 0.040625 0.0515625
0 0.342187 0.742188 0.04375 0.05625
0 0.328906 0.31875 0.0421875 0.053125
0 0.694531 0.670313 0.0390625 0.053125
0 0.432813 0.578906 0.040625 0.0546875
0 0.366406 0.629687 0.0390625 0.053125
0 0.227344 0.41875 0.0453125 0.05625
0 0.807813 0.491406 0.04375 0.0546875
0 0.542969 0.73125 0.0421875 0.053125
0 0.503906 0.35625 0.0421875 0.053125
0 0.555469 0.682813 0.0359375 0.05
0 0.804688 0.439063 0.040625 0.053125
0 0.464844 0.680469 0.0453125 0.0515625
0 0.564062 0.58125 0.04375 0.053125
0 0.651563 0.221094 0.053125 0.0640625
0 0.730469 0.579687 0.0421875 0.05625
0 0.70625 0.341406 0.04375 0.0578125
0 0.582812 0.510156 0.0375 0.0546875
0 0.617188 0.445312 0.04375 0.053125
0 0.292188 0.70625 0.040625 0.053125
0 0.48125 0.302344 0.04375 0.0578125
0 0.594531 0.652344 0.0421875 0.0515625
0 0.807031 0.3875 0.0421875 0.059375
0 0.517187 0.254687 0.04375 0.059375
0 0.658594 0.511719 0.0421875 0.0578125
0 0.470313 0.604688 0.040625 0.053125
0 0.739844 0.434375 0.0484375 0.05625
0 0.719531 0.521875 0.0453125 0.059375
0 0.544531 0.479688 0.0421875 0.05625
0 0.467969 0.729688 0.0390625 0.05
0 0.44375 0.633594 0.04375 0.0546875
0 0.759375 0.34375 0.05 0.0625
0 0.594531 0.700781 0.0421875 0.0578125
0 0.629687 0.625 0.0375 0.05625
0 0.46875 0.547656 0.04375 0.0609375
0 0.73125 0.383594 0.05 0.0609375
0 0.728906 0.674219 0.0390625 0.0453125
0 0.595312 0.221094 0.05 0.0671875
0 0.617969 0.498437 0.0453125 0.0625
0 0.41875 0.310156 0.04375 0.0640625
0 0.396094 0.0710938 0.0453125 0.0671875
