0 0.55625 0.616406 0.0375 0.0390625
0 0.573438 0.575 0.05 0.065625
0 0.440625 0.658594 0.05 0.0578125
0 0.811719 0.475 0.0546875 0.05
0 0.310937 0.854688 0.03125 0.0375
0 0.6875 0.735937 0.046875 0.053125
0 0.459375 0.894531 0.03125 0.0359375
0 0.45 0.846875 0.046875 0.059375
0 0.504687 0.366406 0.04375 0.0546875
0 0.608594 0.526563 0.0484375 0.053125
0 0.436719 0.545313 0.0453125 0.071875
0 0.599219 0.142969 0.0609375 0.0640625
0 0.317187 0.540625 0.059375 0.0625
0 0.578906 0.728906 0.0390625 0.0515625
0 0.59375 0.859375 0.040625 0.04375
0 0.150781 0.602344 0.0515625 0.0578125
0 0.234375 0.675781 0.05 0.0546875
0 0.390625 0.698438 0.046875 0.0625
0 0.558594 0.225 0.0578125 0.071875
0 0.0757812 0.564844 0.0484375 0.0640625
0 0.334375 0.736719 0.053125 0.0671875
0 0.286719 0.635938 0.0421875 0.046875
0 0.430469 0.447656 0.0484375 0.0671875
0 0.301562 0.103906 0.05625 0.0796875
0 0.152344 0.338281 0.0609375 0.0828125
0 0.199219 0.801562 0.0515625 0.0625
0 0.225781 0.533594 0.0453125 0.0671875
0 0.478906 0.644531 0.0484375 0.0578125
0 0.253906 0.38125 0.0578125 0.06875
0 0.35 0.485156 0.05 0.0640625
0 0.709375 0.679688 0.04375 0.053125
0 0.6375 0.555469 0.05 0.0609375
0 0.35 0.907812 0.05 0.065625
0 0.5875 0.678906 0.05 0.0671875
0 0.725781 0.723437 0.0484375 0.05625
0 0.450781 0.194531 0.0546875 0.0671875
0 0.114063 0.617188 0.04375 0.0625
0 0.6125 0.230469 0.05625 0.0671875
0 0.397656 0.511719 0.0421875 0.0640625
0 0.73125 0.814844 0.046875 0.0546875
0 0.153125 0.2375 0.065625 0.078125
0 0.0664062 0.319531 0.0515625 0.0796875
0 0.659375 0.514844 0.05 0.0671875
0 0.632812 0.46875 0.046875 0.06875
0 0.23125 0.751562 0.05 0.059375
0 0.663281 0.350781 0.0484375 0.0671875
0 0.696094 0.282031 0.0421875 0.0609375
0 0.510938 0.185156 0.059375 0.0765625
0 0.472656 0.264844 0.0546875 0.0671875
0 0.159375 0.659375 0.04375 0.059375
0 0.174219 0.544531 0.0546875 0.0640625
0 0.6 0.407813 0.05 0.06875
0 0.482031 0.867969 0.0390625 0.0546875
0 0.550781 0.510938 0.0484375 0.059375
0 0.461719 0.339063 0.0578125 0.06875
0 0.473437 0.589063 0.04375 0.065625
0 0.828906 0.357812 0.0421875 0.065625
0 0.699219 0.472656 0.0546875 0.0703125
0 0.807813 0.41875 0.05 0.059375
0 0.355469 0.0460938 0.0546875 0.0796875
0 0.423438 0.119531 0.05625 0.0765625
0 0.801562 0.303125 0.040625 0.06875
0 0.182812 0.452344 0.05 0.0765625
0 0.761719 0.492188 0.0578125 0.05625
0 0.363281 0.238281 0.0546875 0.0796875
0 0.540625 0.120312 0.0625 0.075
0 0.477344 0.116406 0.0578125 0.0953125
0 0.575781 0.292969 0.0546875 0.0765625
0 0.3125 0.246875 0.05625 0.071875
0 0.847656 0.546875 0.0515625 0.065625
0 0.26875 0.7875 0.046875 0.0625
0 0.277344 0.575781 0.0484375 0.0640625
0 0.214062 0.409375 0.04375 0.0625
0 0.698438 0.771094 0.046875 0.0609375
0 0.741406 0.234375 0.0453125 0.06875
0 0.642969 0.177344 0.0484375 0.0765625
0 0.464063 0.407813 0.05 0.06875
0 0.4 0.846094 0.046875 0.0546875
0 0.782031 0.3625 0.0515625 0.0625
0 0.554688 0.360156 0.05625 0.0828125
0 0.753906 0.411719 0.0484375 0.0640625
0 0.417969 0.249219 0.0578125 0.0796875
0 0.585156 0.921094 0.0515625 0.0640625
0 0.078125 0.470313 0.05 0.065625
0 0.786719 0.251563 0.0546875 0.0625
0 0.239844 0.619531 0.0515625 0.0703125
0 0.692187 0.217187 0.05 0.08125
0 0.547656 0.701563 0.0484375 0.065625
0 0.739062 0.132031 0.053125 0.0734375
0 0.520312 0.594531 0.053125 0.0671875
0 0.19375 0.647656 0.046875 0.0703125
0 0.129688 0.404687 0.05 0.065625
0 0.215625 0.229687 0.0625 0.078125
0 0.5375 0.830469 0.040625 0.0484375
0 0.30625 0.175781 0.05625 0.0703125
0 0.694531 0.121094 0.0484375 0.0671875
0 0.657812 0.782812 0.046875 0.053125
0 0.205469 0.328125 0.0546875 0.075
0 0.640625 0.75625 0.046875 0.053125
0 0.270312 0.498437 0.05 0.071875
0 0.652344 0.28125 0.0546875 0.071875
0 0.2875 0.8375 0.053125 0.059375
0 0.721094 0.59375 0.0484375 0.065625
0 0.405469 0.390625 0.0609375 0.078125
0 0.365625 0.126563 0.059375 0.08125
0 0.303906 0.328906 0.0578125 0.0796875
0 0.494531 0.752344 0.0453125 0.0609375
0 0.482812 0.46875 0.053125 0.0625
0 0.598437 0.776563 0.04375 0.05625
0 0.325781 0.678125 0.0515625 0.059375
0 0.363281 0.31875 0.0640625 0.078125
0 0.327344 0.615625 0.0578125 0.06875
0 0.345313 0.842188 0.04375 0.05
0 0.627344 0.896875 0.0453125 0.053125
0 0.583594 0.829687 0.0453125 0.05625
0 0.813281 0.679688 0.0453125 0.059375
0 0.294531 0.434375 0.0515625 0.06875
0 0.529688 0.453125 0.05 0.06875
0 0.432813 0.745313 0.053125 0.0625
0 0.619531 0.336719 0.0484375 0.0671875
0 0.735156 0.310156 0.0484375 0.0609375
0 0.749219 0.544531 0.0515625 0.0671875
0 0.603906 0.603906 0.0484375 0.0578125
0 0.582812 0.465625 0.05 0.06875
0 0.398438 0.953906 0.04375 0.0515625
0 0.841406 0.629687 0.0453125 0.059375
0 0.883594 0.516406 0.0453125 0.0640625
0 0.524219 0.867188 0.0453125 0.05
0 0.517187 0.302344 0.05 0.0734375
0 0.659375 0.4125 0.059375 0.065625
0 0.0804688 0.378125 0.0515625 0.06875
0 0.657812 0.864844 0.040625 0.0609375
0 0.817969 0.592969 0.0453125 0.0609375
0 0.857813 0.425781 0.046875 0.0609375
0 0.25625 0.294531 0.05625 0.0765625
0 0.342187 0.389844 0.053125 0.0671875
0 0.380469 0.439844 0.0546875 0.0734375
0 0.221094 0.153906 0.0578125 0.0765625
0 0.151562 0.732813 0.05625 0.06875
0 0.709375 0.392188 0.053125 0.071875
0 0.29375 0.719531 0.053125 0.0546875
0 0.632812 0.642969 0.04375 0.0546875
0 0.428906 0.609375 0.0515625 0.0625
0 0.317187 0.794531 0.05 0.0640625
0 0.369531 0.654688 0.0484375 0.065625
0 0.504687 0.522656 0.05 0.0640625
0 0.679688 0.617188 0.046875 0.059375
0 0.744531 0.642969 0.0484375 0.0578125
0 0.748438 0.757812 0.046875 0.059375
0 0.425781 0.90625 0.0453125 0.05625
0 0.546094 0.785937 0.0453125 0.059375
0 0.544531 0.892187 0.0453125 0.053125
0 0.621875 0.811719 0.0375 0.0578125
0 0.467187 0.696094 0.046875 0.0578125
0 0.66875 0.6875 0.05 0.059375
0 0.792188 0.533594 0.05 0.0609375
0 0.519531 0.654688 0.0484375 0.05625
0 0.370313 0.803125 0.04375 0.059375
0 0.467969 0.796094 0.0484375 0.0578125
0 0.623438 0.70625 0.046875 0.059375
0 0.69375 0.561719 0.05 0.0671875
0 0.194531 0.713281 0.0515625 0.0640625
0 0.380469 0.757031 0.0515625 0.0609375
0 0.507031 0.925 0.0515625 0.0625
0 0.419531 0.789844 0.0484375 0.0609375
0 0.75625 0.682813 0.05 0.05625
0 0.789844 0.732813 0.0484375 0.059375
0 0.244531 0.857813 0.0453125 0.059375
0 0.790625 0.644531 0.053125 0.0671875
