0 0.378906 0.464844 0.0578125 0.0703125
0 0.164844 0.392188 0.0578125 0.09375
0 0.407813 0.664062 0.04375 0.053125
0 0.838281 0.714844 0.0515625 0.0578125
0 0.336719 0.467187 0.0421875 0.065625
0 0.591406 0.732813 0.0453125 0.05625
0 0.4375 0.89375 0.046875 0.059375
0 0.229687 0.452344 0.04375 0.0765625
0 0.43125 0.825 0.05625 0.0625
0 0.704687 0.708594 0.053125 0.0421875
0 0.5625 0.707812 0.05625 0.05625
0 0.376563 0.0898438 0.05625 0.0828125
0 0.582031 0.76875 0.0484375 0.053125
0 0.360156 0.842188 0.0546875 0.06875
0 0.25 0.359375 0.053125 0.0625
0 0.425 0.133594 0.05 0.0984375
0 0.173438 0.517187 0.05 0.078125
0 0.297656 0.336719 0.0453125 0.0765625
0 0.740625 0.739844 0.05 0.0671875
0 0.748438 0.292969 0.059375 0.0828125
0 0.309375 0.217187 0.059375 0.06875
0 0.221875 0.627344 0.05625 0.0578125
0 0.30625 0.764063 0.05 0.06875
0 0.336719 0.5875 0.0453125 0.0625
0 0.688281 0.3625 0.0578125 0.06875
0 0.784375 0.76875 0.053125 0.053125
0 0.399219 0.369531 0.0546875 0.0828125
0 0.891406 0.659375 0.0515625 0.071875
0 0.447656 0.655469 0.0515625 0.0765625
0 0.189844 0.717969 0.0515625 0.0640625
0 0.789062 0.721094 0.05625 0.0515625
0 0.845312 0.285156 0.0625 0.0984375
0 0.439844 0.210938 0.0546875 0.065625
0 0.389062 0.598437 0.046875 0.059375
0 0.703906 0.5625 0.0515625 0.059375
0 0.266406 0.746094 0.0515625 0.0671875
0 0.677344 0.753125 0.0453125 0.059375
0 0.239063 0.534375 0.053125 0.06875
0 0.633594 0.266406 0.0515625 0.0828125
0 0.841406 0.78125 0.0609375 0.059375
0 0.647656 0.717969 0.0515625 0.0515625
0 0.267188 0.439063 0.053125 0.084375
0 0.460938 0.316406 0.05625 0.0859375
0 0.49375 0.0875 0.0625 0.09375
0 0.553125 0.239844 0.059375 0.0890625
0 0.346875 0.395312 0.046875 0.06875
0 0.192969 0.2875 0.0546875 0.090625
0 0.642969 0.916406 0.0515625 0.0609375
0 0.9 0.594531 0.06875 0.0796875
0 0.689844 0.667969 0.0609375 0.0671875
0 0.4875 0.85625 0.04375 0.04375
0 0.45 0.432813 0.053125 0.059375
0 0.591406 0.454688 0.0609375 0.065625
0 0.801562 0.452344 0.05625 0.0734375
0 0.274219 0.664062 0.0484375 0.0625
0 0.496875 0.550781 0.05625 0.0734375
0 0.601562 0.507031 0.05 0.0640625
0 0.535156 0.51875 0.0515625 0.071875
0 0.525 0.365625 0.05625 0.059375
0 0.532812 0.839063 0.053125 0.065625
0 0.652344 0.44375 0.0578125 0.071875
0 0.35625 0.175 0.0625 0.0875
0 0.628125 0.352344 0.0625 0.0734375
0 0.364844 0.709375 0.0515625 0.059375
0 0.688281 0.203906 0.0515625 0.0765625
0 0.534375 0.744531 0.053125 0.0640625
0 0.530469 0.610156 0.0421875 0.0734375
0 0.763281 0.403125 0.0671875 0.06875
0 0.288281 0.519531 0.0515625 0.0703125
0 0.867188 0.405469 0.071875 0.0828125
0 0.332812 0.308594 0.05 0.0703125
0 0.719531 0.0945313 0.0765625 0.114063
0 0.780469 0.202344 0.0609375 0.0765625
0 0.433594 0.550781 0.0546875 0.0671875
0 0.514063 0.302344 0.0625 0.0734375
0 0.578906 0.0429688 0.0703125 0.0796875
0 0.821094 0.357812 0.0640625 0.09375
0 0.717188 0.453906 0.059375 0.0734375
0 0.642187 0.598437 0.059375 0.065625
0 0.838281 0.657031 0.0640625 0.0703125
0 0.827344 0.566406 0.0609375 0.0921875
0 0.633594 0.803125 0.0484375 0.0625
0 0.569531 0.335938 0.0546875 0.078125
0 0.583594 0.665625 0.0609375 0.078125
0 0.683594 0.515625 0.0546875 0.075
0 0.36875 0.533594 0.05 0.0671875
0 0.735937 0.642969 0.053125 0.0703125
0 0.278906 0.591406 0.0515625 0.0671875
0 0.421094 0.757031 0.0515625 0.0640625
0 0.721094 0.802344 0.0484375 0.0609375
0 0.472656 0.714844 0.0546875 0.0703125
0 0.317969 0.674219 0.0515625 0.0703125
0 0.746094 0.525 0.0640625 0.06875
0 0.686719 0.296875 0.0671875 0.084375
0 0.857813 0.476562 0.0625 0.075
0 0.667969 0.817187 0.0453125 0.059375
0 0.202344 0.56875 0.0515625 0.065625
0 0.48125 0.485938 0.053125 0.065625
0 0.489062 0.780469 0.053125 0.0609375
0 0.578906 0.847656 0.0515625 0.0640625
0 0.507812 0.66875 0.053125 0.065625
0 0.532031 0.446875 0.0578125 0.075
0 0.628125 0.658594 0.05 0.0640625
0 0.621875 0.0984375 0.0625 0.090625
0 0.496875 0.203906 0.06875 0.0921875
0 0.397656 0.246875 0.0578125 0.08125
0 0.633594 0.169531 0.0703125 0.0921875
0 0.771094 0.599219 0.0578125 0.0734375
