0 0.526563 0.123438 0.046875 0.0625
0 0.648438 0.0757812 0.04375 0.0703125
0 0.674219 0.374219 0.0515625 0.0640625
0 0.250781 0.848437 0.0390625 0.046875
0 0.813281 0.426562 0.0421875 0.05625
0 0.374219 0.660156 0.0390625 0.0640625
0 0.797656 0.375 0.0484375 0.0625
0 0.725781 0.502344 0.0421875 0.0609375
0 0.457031 0.210938 0.0484375 0.071875
0 0.2625 0.716406 0.046875 0.0703125
0 0.511719 0.576563 0.0484375 0.065625
0 0.214844 0.7625 0.0546875 0.06875
0 0.423438 0.265625 0.053125 0.05625
0 0.853906 0.198437 0.0421875 0.053125
0 0.334375 0.473437 0.05 0.05625
0 0.761719 0.177344 0.0484375 0.0640625
0 0.533594 0.375781 0.0421875 0.0703125
0 0.316406 0.417188 0.0578125 0.075
0 0.323438 0.639063 0.04375 0.059375
0 0.374219 0.726562 0.0484375 0.065625
0 0.232031 0.816406 0.0453125 0.0640625
0 0.273438 0.459375 0.05 0.0625
0 0.315625 0.832031 0.046875 0.0609375
0 0.716406 0.139062 0.0453125 0.0625
0 0.655469 0.576563 0.0453125 0.059375
0 0.222656 0.616406 0.0546875 0.0671875
0 0.464063 0.472656 0.053125 0.0640625
0 0.5375 0.227344 0.05 0.0703125
0 0.625 0.628125 0.05 0.0625
0 0.359375 0.853125 0.046875 0.059375
0 0.333594 0.540625 0.0515625 0.065625
0 0.270312 0.648438 0.05 0.065625
0 0.382031 0.3625 0.0453125 0.059375
0 0.453125 0.592188 0.053125 0.059375
0 0.375 0.441406 0.05 0.0671875
0 0.289062 0.520312 0.05 0.0625
0 0.471875 0.299219 0.053125 0.0671875
0 0.246094 0.553906 0.0484375 0.0671875
0 0.617188 0.494531 0.053125 0.0640625
0 0.628125 0.378125 0.046875 0.059375
0 0.422656 0.701563 0.0453125 0.065625
0 0.691406 0.191406 0.0453125 0.0609375
0 0.658594 0.427344 0.0421875 0.0609375
0 0.213281 0.682813 0.0515625 0.065625
0 0.453125 0.889063 0.046875 0.0625
0 0.847656 0.379687 0.0484375 0.065625
0 0.332031 0.767187 0.0484375 0.065625
0 0.482812 0.764844 0.04375 0.0609375
0 0.882812 0.329688 0.040625 0.059375
0 0.196875 0.835938 0.04375 0.0625
0 0.346094 0.914062 0.0484375 0.0625
0 0.570312 0.267969 0.046875 0.0609375
0 0.560938 0.498437 0.05 0.065625
0 0.578906 0.372656 0.0484375 0.0640625
0 0.355469 0.602344 0.0453125 0.0578125
0 0.179688 0.710156 0.046875 0.0609375
0 0.3 0.59375 0.05625 0.071875
0 0.767187 0.252344 0.046875 0.0578125
0 0.569531 0.0851562 0.0484375 0.0671875
0 0.324219 0.703125 0.0453125 0.065625
0 0.565625 0.566406 0.046875 0.0546875
0 0.285937 0.780469 0.05 0.0671875
0 0.719531 0.241406 0.0453125 0.0640625
0 0.817187 0.182812 0.046875 0.0625
0 0.582031 0.616406 0.0484375 0.0640625
0 0.576563 0.153125 0.053125 0.06875
0 0.433594 0.398438 0.0484375 0.0625
0 0.377344 0.542188 0.0515625 0.065625
0 0.872656 0.28125 0.0453125 0.065625
0 0.355469 0.310937 0.0515625 0.065625
0 0.775 0.496094 0.05 0.0609375
0 0.746094 0.365625 0.0453125 0.0625
0 0.532812 0.613281 0.04375 0.0640625
0 0.614844 0.5625 0.0515625 0.06875
0 0.43125 0.529688 0.046875 0.065625
0 0.296094 0.889063 0.0515625 0.065625
0 0.160938 0.782031 0.046875 0.0640625
0 0.489844 0.626562 0.0484375 0.0625
0 0.632031 0.133594 0.0484375 0.0671875
0 0.558594 0.670313 0.0484375 0.0625
0 0.442969 0.767187 0.0515625 0.06875
0 0.505469 0.841406 0.0484375 0.0609375
0 0.410937 0.907031 0.05 0.0609375
0 0.433594 0.639844 0.0453125 0.0609375
0 0.521094 0.292969 0.0484375 0.0640625
0 0.682813 0.11875 0.05 0.06875
0 0.533594 0.727344 0.0453125 0.0609375
0 0.664844 0.520312 0.0484375 0.0625
0 0.610156 0.432813 0.0484375 0.065625
0 0.791406 0.296875 0.0515625 0.065625
0 0.619531 0.249219 0.0453125 0.0671875
0 0.742969 0.305469 0.0515625 0.0671875
0 0.244531 0.498437 0.0390625 0.053125
0 0.820312 0.245312 0.05 0.065625
0 0.510156 0.682813 0.0484375 0.059375
0 0.60625 0.672656 0.046875 0.0640625
0 0.530469 0.804688 0.0515625 0.0625
0 0.704687 0.421094 0.05 0.0671875
0 0.691406 0.479688 0.0484375 0.0625
0 0.641406 0.307813 0.0484375 0.059375
0 0.507812 0.491406 0.04375 0.0546875
0 0.488281 0.36875 0.0546875 0.06875
0 0.696094 0.317969 0.0484375 0.0640625
0 0.425781 0.342969 0.0484375 0.0640625
0 0.375 0.794531 0.053125 0.0609375
0 0.492969 0.190625 0.0546875 0.06875
0 0.646875 0.196875 0.053125 0.0625
0 0.583594 0.207813 0.0515625 0.065625
0 0.577344 0.729688 0.0453125 0.05625
0 0.478125 0.530469 0.046875 0.0609375
0 0.680469 0.249219 0.0453125 0.0671875
0 0.757031 0.424219 0.0484375 0.0640625
0 0.505469 0.433594 0.0484375 0.0609375
0 0.596094 0.326562 0.0515625 0.065625
0 0.414844 0.455469 0.0515625 0.0640625
0 0.708594 0.546875 0.0484375 0.065625
0 0.467969 0.707031 0.0515625 0.0609375
0 0.404687 0.596875 0.05 0.065625
0 0.405469 0.2125 0.0515625 0.065625
0 0.554688 0.440625 0.053125 0.0625
0 0.457812 0.829687 0.046875 0.059375
0 0.407031 0.833594 0.0453125 0.0640625
