0 0.771875 0.539844 0.028125 0.0453125
0 0.895312 0.466406 0.03125 0.0453125
0 0.814062 0.521094 0.03125 0.0359375
0 0.426562 0.148438 0.040625 0.046875
0 0.761719 0.519531 0.0296875 0.0453125
0 0.749219 0.65 0.0296875 0.040625
0 0.375781 0.788281 0.0359375 0.0421875
0 0.299219 0.325781 0.0421875 0.0546875
0 0.876562 0.492188 0.03125 0.046875
0 0.447656 0.297656 0.0296875 0.0453125
0 0.1875 0.814062 0.0375 0.04375
0 0.4625 0.5 0.03125 0.040625
0 0.620313 0.703906 0.034375 0.0453125
0 0.557031 0.528125 0.0359375 0.046875
0 0.838281 0.653125 0.0328125 0.04375
0 0.463281 0.571094 0.0203125 0.0359375
0 0.68125 0.551562 0.03125 0.034375
0 0.913281 0.596875 0.0328125 0.04375
0 0.714063 0.665625 0.03125 0.0375
0 0.157031 0.825781 0.0390625 0.0390625
0 0.799219 0.457812 0.0328125 0.046875
0 0.600781 0.491406 0.0359375 0.0421875
0 0.642187 0.700781 0.03125 0.0359375
0 0.561719 0.803125 0.0265625 0.034375
0 0.705469 0.735156 0.0328125 0.0421875
0 0.855469 0.321094 0.0328125 0.0453125
0 0.500781 0.638281 0.0328125 0.0421875
0 0.826563 0.410937 0.03125 0.046875
0 0.507812 0.475 0.03125 0.040625
0 0.335938 0.764063 0.034375 0.05
0 0.640625 0.548437 0.03125 0.0375
0 0.750781 0.725781 0.0359375 0.0390625
0 0.742188 0.382031 0.034375 0.0484375
0 0.557813 0.439844 0.0375 0.0546875
0 0.875 0.392188 0.034375 0.053125
0 0.923437 0.482031 0.034375 0.0484375
0 0.647656 0.425 0.0359375 0.053125
0 0.235156 0.25 0.0421875 0.053125
0 0.33125 0.440625 0.03125 0.046875
0 0.238281 0.538281 0.0421875 0.0484375
0 0.392969 0.707031 0.0390625 0.0421875
0 0.700781 0.683594 0.0359375 0.0421875
0 0.177344 0.867188 0.0421875 0.053125
0 0.577344 0.603125 0.0359375 0.04375
0 0.433594 0.350781 0.0453125 0.0609375
0 0.224219 0.801562 0.0390625 0.053125
0 0.434375 0.519531 0.028125 0.0328125
0 0.475 0.741406 0.028125 0.0421875
0 0.322656 0.814844 0.0359375 0.0515625
0 0.678125 0.503906 0.0375 0.0390625
0 0.210938 0.884375 0.04375 0.04375
0 0.690625 0.639844 0.034375 0.0453125
0 0.369531 0.719531 0.0421875 0.0484375
0 0.71875 0.532812 0.03125 0.046875
0 0.6625 0.732813 0.034375 0.04375
0 0.515625 0.438281 0.0375 0.0453125
0 0.285937 0.459375 0.0375 0.05
0 0.699219 0.432813 0.0328125 0.05
0 0.0742188 0.486719 0.0484375 0.0609375
0 0.895312 0.410156 0.034375 0.0390625
0 0.43125 0.721094 0.040625 0.0421875
0 0.339063 0.540625 0.040625 0.05
0 0.569531 0.266406 0.0359375 0.0515625
0 0.722656 0.490625 0.0359375 0.053125
0 0.497656 0.699219 0.0328125 0.0484375
0 0.438281 0.764063 0.0328125 0.046875
0 0.353125 0.479688 0.034375 0.04375
0 0.464063 0.570312 0.03125 0.046875
0 0.729688 0.640625 0.0375 0.05
0 0.0960938 0.663281 0.0421875 0.0578125
0 0.3 0.678906 0.040625 0.0453125
0 0.5625 0.646094 0.0375 0.0453125
0 0.523438 0.296875 0.0375 0.04375
0 0.665625 0.615625 0.034375 0.0375
0 0.175 0.609375 0.04375 0.05
0 0.585938 0.803125 0.03125 0.0375
0 0.642969 0.267188 0.0328125 0.05
0 0.689844 0.771875 0.0328125 0.04375
0 0.121094 0.385156 0.0453125 0.0453125
0 0.1625 0.354688 0.040625 0.05
0 0.263281 0.753125 0.0390625 0.046875
0 0.2625 0.846094 0.040625 0.0390625
0 0.539062 0.764844 0.034375 0.0453125
0 0.69375 0.382812 0.034375 0.046875
0 0.525 0.508594 0.0375 0.0453125
0 0.147656 0.739844 0.0421875 0.0421875
0 0.865625 0.617188 0.03125 0.04375
0 0.325781 0.635156 0.0390625 0.0484375
0 0.625781 0.529688 0.0359375 0.05
0 0.626562 0.747656 0.034375 0.0421875
0 0.865625 0.346094 0.028125 0.0421875
0 0.342969 0.590625 0.0359375 0.053125
0 0.0710938 0.408594 0.0421875 0.0578125
0 0.354688 0.364062 0.046875 0.053125
0 0.414844 0.496875 0.0390625 0.04375
0 0.450781 0.410937 0.0359375 0.05
0 0.172656 0.689844 0.0390625 0.0515625
0 0.335938 0.858594 0.0375 0.0421875
0 0.84375 0.366406 0.03125 0.0453125
0 0.603125 0.442969 0.0375 0.0421875
0 0.65 0.328906 0.034375 0.0390625
0 0.6 0.392969 0.034375 0.0484375
0 0.314844 0.407031 0.0453125 0.0546875
0 0.389062 0.65 0.03125 0.05
0 0.104687 0.560156 0.04375 0.0453125
0 0.189063 0.403906 0.040625 0.0515625
0 0.632031 0.619531 0.0328125 0.0515625
0 0.314844 0.222656 0.0390625 0.0515625
0 0.364844 0.521875 0.0390625 0.05
0 0.257031 0.692187 0.0421875 0.046875
0 0.114844 0.521094 0.0484375 0.0578125
0 0.564062 0.56875 0.0375 0.046875
0 0.0609375 0.542969 0.04375 0.0546875
0 0.796875 0.240625 0.034375 0.04375
0 0.589844 0.339063 0.0359375 0.05625
0 0.854688 0.529688 0.03125 0.040625
0 0.735156 0.442187 0.0359375 0.046875
0 0.339844 0.307031 0.0390625 0.0484375
0 0.614844 0.270312 0.0359375 0.053125
0 0.559375 0.727344 0.03125 0.0453125
0 0.769531 0.204688 0.0359375 0.053125
0 0.582812 0.230469 0.034375 0.0453125
0 0.447656 0.191406 0.0390625 0.0546875
0 0.803125 0.657031 0.034375 0.0484375
0 0.458594 0.710156 0.0328125 0.0421875
0 0.733594 0.701563 0.0328125 0.04375
0 0.764063 0.292969 0.03125 0.0515625
0 0.25 0.657031 0.040625 0.0484375
0 0.8 0.579687 0.03125 0.046875
0 0.715625 0.296875 0.034375 0.046875
0 0.425 0.692969 0.0375 0.0453125
0 0.226562 0.371875 0.046875 0.05625
0 0.277344 0.23125 0.0421875 0.053125
0 0.590625 0.721094 0.034375 0.0484375
0 0.634375 0.16875 0.0375 0.05625
0 0.4375 0.454688 0.04375 0.059375
0 0.378125 0.60625 0.0375 0.040625
0 0.841406 0.498437 0.0359375 0.040625
0 0.358594 0.267969 0.0390625 0.0578125
0 0.55625 0.688281 0.034375 0.0421875
0 0.854688 0.567969 0.034375 0.0484375
0 0.65625 0.578125 0.028125 0.04375
0 0.670313 0.282031 0.0375 0.0484375
0 0.750781 0.246094 0.0328125 0.0515625
0 0.409375 0.242969 0.0375 0.0546875
0 0.475 0.142969 0.0375 0.0546875
0 0.248437 0.470313 0.0375 0.046875
0 0.617188 0.317187 0.028125 0.046875
0 0.547656 0.357031 0.0390625 0.0578125
0 0.729688 0.567187 0.03125 0.04375
0 0.732813 0.33125 0.034375 0.05
0 0.542188 0.6 0.034375 0.04375
0 0.105469 0.440625 0.0453125 0.05625
0 0.766406 0.346875 0.0328125 0.053125
0 0.829687 0.28125 0.034375 0.05
0 0.357812 0.117188 0.04375 0.0625
0 0.484375 0.380469 0.034375 0.0484375
0 0.0890625 0.704687 0.034375 0.053125
0 0.478125 0.453906 0.034375 0.0484375
0 0.153906 0.407813 0.0453125 0.059375
0 0.226562 0.728906 0.0375 0.0453125
0 0.478125 0.304688 0.034375 0.046875
0 0.654688 0.214062 0.040625 0.05
0 0.619531 0.229687 0.0359375 0.05
0 0.0726563 0.595312 0.0484375 0.059375
0 0.128906 0.805469 0.0359375 0.0546875
0 0.5 0.742969 0.034375 0.0515625
0 0.707812 0.25625 0.0375 0.053125
0 0.507812 0.208594 0.0375 0.0546875
0 0.653906 0.671094 0.0328125 0.0421875
0 0.221875 0.689062 0.040625 0.046875
0 0.5625 0.179688 0.0375 0.05625
0 0.622656 0.657812 0.0359375 0.040625
0 0.26875 0.35625 0.040625 0.05625
0 0.570312 0.775 0.034375 0.046875
0 0.164844 0.792969 0.0390625 0.0515625
0 0.622656 0.370313 0.0328125 0.05
0 0.303906 0.279687 0.0390625 0.053125
0 0.529688 0.120312 0.040625 0.053125
0 0.778906 0.602344 0.0328125 0.0421875
0 0.432031 0.592969 0.0359375 0.0484375
0 0.465625 0.344531 0.034375 0.0484375
0 0.51875 0.663281 0.03125 0.0484375
0 0.580469 0.117969 0.0453125 0.0546875
0 0.10625 0.744531 0.040625 0.0515625
0 0.691406 0.341406 0.0328125 0.0484375
0 0.396094 0.385156 0.0390625 0.0546875
0 0.285156 0.782812 0.0390625 0.046875
0 0.50625 0.150781 0.034375 0.0546875
0 0.590625 0.527344 0.0375 0.0484375
0 0.355469 0.21875 0.0421875 0.046875
0 0.360156 0.170312 0.0390625 0.053125
0 0.347656 0.692969 0.0390625 0.0453125
0 0.535937 0.230469 0.034375 0.0484375
0 0.392969 0.467187 0.0390625 0.05
0 0.1875 0.729688 0.040625 0.05
0 0.892969 0.524219 0.0296875 0.0515625
0 0.360938 0.653906 0.034375 0.0484375
0 0.380469 0.321875 0.0421875 0.05625
0 0.196875 0.76875 0.040625 0.04375
0 0.511719 0.341406 0.0359375 0.0484375
0 0.591406 0.632031 0.0359375 0.0484375
0 0.303906 0.719531 0.0390625 0.0515625
0 0.24375 0.614062 0.040625 0.05
0 0.492969 0.542969 0.0359375 0.0484375
0 0.405469 0.542969 0.0390625 0.0484375
0 0.470313 0.633594 0.0375 0.0453125
0 0.453125 0.250781 0.0375 0.0546875
0 0.527344 0.569531 0.0328125 0.0484375
0 0.641406 0.470313 0.0359375 0.05
0 0.43125 0.805469 0.0375 0.0453125
0 0.767187 0.685938 0.03125 0.040625
0 0.3625 0.408594 0.04375 0.0546875
0 0.491406 0.25625 0.0359375 0.05
0 0.153906 0.478125 0.0421875 0.053125
0 0.458594 0.667969 0.0328125 0.0421875
0 0.372656 0.832031 0.0359375 0.0515625
0 0.613281 0.580469 0.0359375 0.0421875
0 0.215625 0.645312 0.040625 0.053125
0 0.229687 0.313281 0.05 0.0578125
0 0.371875 0.567969 0.0375 0.0484375
0 0.177344 0.553906 0.0390625 0.0515625
0 0.653906 0.76875 0.0328125 0.040625
0 0.697656 0.582031 0.0359375 0.0421875
0 0.267188 0.578906 0.040625 0.0546875
0 0.557031 0.308594 0.0421875 0.0515625
0 0.530469 0.709375 0.0328125 0.040625
0 0.296875 0.842969 0.0375 0.0421875
0 0.142188 0.642187 0.04375 0.053125
0 0.502344 0.592188 0.0359375 0.04375
0 0.282031 0.629687 0.0390625 0.053125
0 0.40625 0.296094 0.040625 0.0546875
0 0.721094 0.147656 0.0390625 0.0578125
0 0.26875 0.510156 0.04375 0.0484375
0 0.315625 0.492969 0.040625 0.0515625
0 0.207031 0.517187 0.0421875 0.053125
0 0.130469 0.701563 0.0390625 0.053125
0 0.229687 0.430469 0.040625 0.0515625
0 0.604688 0.774219 0.034375 0.0390625
0 0.142188 0.582812 0.040625 0.053125
0 0.305469 0.578906 0.0390625 0.0484375
0 0.267969 0.411719 0.0421875 0.0578125
0 0.216406 0.578906 0.0390625 0.0515625
0 0.429688 0.635156 0.0375 0.0484375
0 0.592188 0.171875 0.034375 0.053125
0 0.191406 0.461719 0.0390625 0.0546875
0 0.404687 0.773438 0.034375 0.04375
