0 0.323438 0.596094 0.034375 0.0609375
0 0.453125 0.457031 0.053125 0.0609375
0 0.696875 0.832812 0.05 0.084375
0 0.574219 0.835156 0.0609375 0.0671875
0 0.621875 0.795313 0.053125 0.071875
0 0.453125 0.625 0.053125 0.0625
0 0.485938 0.841406 0.04375 0.0765625
0 0.504687 0.516406 0.059375 0.0765625
0 0.358594 0.59375 0.0484375 0.0625
0 0.180469 0.392969 0.0359375 0.0578125
0 0.675781 0.648438 0.0578125 0.078125
0 0.244531 0.485938 0.0359375 0.059375
0 0.754687 0.709375 0.06875 0.075
0 0.376563 0.439844 0.046875 0.0578125
0 0.576563 0.739062 0.05625 0.075
0 0.285156 0.659375 0.0359375 0.0625
0 0.248437 0.275 0.046875 0.065625
0 0.414844 0.734375 0.0484375 0.065625
0 0.621875 0.715625 0.04375 0.08125
0 0.266406 0.728906 0.0421875 0.0640625
0 0.528906 0.775781 0.0578125 0.0609375
0 0.739844 0.794531 0.0515625 0.0828125
0 0.402344 0.567969 0.0453125 0.0765625
0 0.200781 0.589844 0.0484375 0.0640625
0 0.297656 0.820312 0.0546875 0.0625
0 0.201562 0.447656 0.05 0.0609375
0 0.396875 0.665625 0.046875 0.0625
0 0.16875 0.319531 0.034375 0.0640625
0 0.415625 0.489844 0.053125 0.0640625
0 0.122656 0.485938 0.0359375 0.05625
0 0.49375 0.598437 0.05625 0.05625
0 0.34375 0.667969 0.053125 0.0734375
0 0.45625 0.542969 0.05 0.0765625
0 0.624219 0.494531 0.0640625 0.0796875
0 0.428125 0.236719 0.040625 0.0734375
0 0.16875 0.552344 0.04375 0.0546875
0 0.204688 0.386719 0.046875 0.0640625
0 0.445312 0.353125 0.05 0.075
0 0.442187 0.797656 0.053125 0.0609375
0 0.322656 0.716406 0.0515625 0.0703125
0 0.596875 0.564844 0.065625 0.0703125
0 0.247656 0.616406 0.0484375 0.0578125
0 0.576563 0.45625 0.0625 0.08125
0 0.46875 0.284375 0.059375 0.06875
0 0.1375 0.353906 0.046875 0.0671875
0 0.475 0.21875 0.059375 0.065625
0 0.516406 0.698438 0.0546875 0.075
0 0.399219 0.380469 0.0515625 0.0671875
0 0.23125 0.553125 0.04375 0.065625
0 0.570312 0.1875 0.05625 0.09375
0 0.546094 0.586719 0.0546875 0.0609375
0 0.189063 0.663281 0.05 0.0671875
0 0.271875 0.492969 0.04375 0.0671875
0 0.517187 0.149219 0.059375 0.0859375
0 0.360938 0.25625 0.046875 0.06875
0 0.310156 0.442969 0.0515625 0.0703125
0 0.230469 0.69375 0.0484375 0.065625
0 0.183594 0.516406 0.0390625 0.0703125
0 0.565625 0.380469 0.059375 0.0796875
0 0.69375 0.448438 0.075 0.1
0 0.210156 0.753906 0.0484375 0.0671875
0 0.147656 0.419531 0.0421875 0.0640625
0 0.458594 0.703125 0.0546875 0.06875
0 0.567969 0.658594 0.0515625 0.0765625
0 0.620313 0.327344 0.06875 0.0671875
0 0.5125 0.428906 0.05625 0.0765625
0 0.803906 0.585938 0.0765625 0.084375
0 0.552344 0.278125 0.0640625 0.090625
0 0.348437 0.794531 0.05 0.0640625
0 0.353906 0.375781 0.0484375 0.0671875
0 0.185156 0.23125 0.0484375 0.065625
0 0.244531 0.41875 0.0453125 0.065625
0 0.635938 0.411719 0.0625 0.0859375
0 0.31875 0.530469 0.05 0.0671875
0 0.15625 0.477344 0.04375 0.0640625
0 0.853125 0.505469 0.08125 0.110937
0 0.507031 0.348437 0.0484375 0.078125
0 0.61875 0.635938 0.05 0.084375
0 0.736719 0.615625 0.0734375 0.09375
0 0.303906 0.302344 0.0515625 0.0703125
0 0.257031 0.789844 0.0453125 0.0578125
0 0.946875 0.569531 0.078125 0.107813
0 0.257031 0.342969 0.0484375 0.0671875
0 0.369531 0.516406 0.0484375 0.0703125
0 0.83125 0.360156 0.065625 0.101562
0 0.36875 0.742188 0.046875 0.05625
0 0.125781 0.546875 0.0484375 0.0625
0 0.689062 0.354688 0.06875 0.078125
0 0.205469 0.313281 0.0484375 0.0640625
0 0.395312 0.313281 0.046875 0.0640625
0 0.745313 0.528906 0.078125 0.0890625
0 0.9625 0.334375 0.075 0.1
0 0.158594 0.620313 0.0484375 0.0625
0 0.9625 0.429688 0.0625 0.1
0 0.700781 0.271875 0.0703125 0.090625
0 0.692969 0.744531 0.0640625 0.0859375
0 0.396094 0.810938 0.0515625 0.065625
0 0.885156 0.742188 0.0765625 0.1
0 0.819531 0.769531 0.0671875 0.0890625
0 0.275781 0.55625 0.0484375 0.059375
0 0.767969 0.403906 0.0796875 0.101562
0 0.780469 0.317187 0.0734375 0.115625
0 0.288281 0.380469 0.0515625 0.0671875
0 0.68125 0.56875 0.071875 0.096875
0 0.869531 0.629687 0.0796875 0.096875
0 0.933594 0.671875 0.0765625 0.09375
0 0.802344 0.671094 0.0765625 0.0921875
0 0.617188 0.244531 0.071875 0.0828125
0 0.89375 0.296875 0.08125 0.096875
0 0.880469 0.421094 0.0828125 0.0984375
