0 0.754687 0.667969 0.06875 0.0546875
0 0.189063 0.689062 0.05625 0.0625
0 0.110156 0.642187 0.0609375 0.075
0 0.482812 0.629687 0.065625 0.05625
0 0.253906 0.696094 0.0640625 0.0640625
0 0.503125 0.70625 0.0625 0.06875
0 0.677344 0.56875 0.0640625 0.078125
0 0.277344 0.655469 0.0578125 0.0734375
0 0.379687 0.703906 0.059375 0.0703125
0 0.724219 0.50625 0.0765625 0.084375
0 0.276563 0.583594 0.05625 0.0703125
0 0.209375 0.639063 0.06875 0.0625
0 0.2 0.574219 0.05625 0.0734375
0 0.328906 0.396094 0.0703125 0.0921875
0 0.677344 0.448438 0.0671875 0.096875
0 0.609375 0.573438 0.06875 0.0625
0 0.825 0.428125 0.065625 0.096875
0 0.715625 0.622656 0.06875 0.0640625
0 0.455469 0.497656 0.0734375 0.0765625
0 0.14375 0.582031 0.065625 0.0765625
0 0.334375 0.564844 0.071875 0.0765625
0 0.339844 0.659375 0.0671875 0.0625
0 0.810938 0.630469 0.06875 0.0703125
0 0.688281 0.697656 0.0609375 0.0671875
0 0.435156 0.694531 0.0546875 0.0640625
0 0.330469 0.479688 0.0734375 0.06875
0 0.560938 0.695312 0.059375 0.075
0 0.589844 0.636719 0.0703125 0.0640625
0 0.628125 0.69375 0.065625 0.059375
0 0.421094 0.342187 0.0671875 0.10625
0 0.453906 0.404687 0.0703125 0.0875
0 0.839844 0.567969 0.0703125 0.0796875
0 0.535937 0.596875 0.06875 0.071875
0 0.771094 0.573438 0.0671875 0.078125
0 0.198437 0.357031 0.06875 0.0984375
0 0.590625 0.446875 0.071875 0.078125
0 0.749219 0.275781 0.0703125 0.110937
0 0.190625 0.490625 0.075 0.08125
0 0.472656 0.56875 0.0640625 0.090625
0 0.147656 0.414062 0.0671875 0.090625
0 0.260938 0.242188 0.08125 0.0875
0 0.502344 0.357812 0.0828125 0.09375
0 0.265625 0.342969 0.078125 0.0921875
0 0.394531 0.236719 0.0765625 0.110937
0 0.403125 0.44375 0.075 0.109375
0 0.649219 0.635156 0.0703125 0.0796875
0 0.547656 0.525 0.0703125 0.0875
0 0.86875 0.479688 0.078125 0.09375
0 0.338281 0.303906 0.0828125 0.0921875
0 0.796875 0.344531 0.084375 0.114063
0 0.407813 0.632812 0.059375 0.078125
0 0.404687 0.553906 0.06875 0.0796875
0 0.520312 0.454688 0.06875 0.0875
0 0.721094 0.36875 0.0734375 0.109375
0 0.482812 0.270312 0.084375 0.1
0 0.624219 0.508594 0.0765625 0.0859375
0 0.6375 0.290625 0.08125 0.103125
0 0.558594 0.278906 0.0859375 0.114063
0 0.798437 0.507812 0.06875 0.0875
0 0.321875 0.71875 0.059375 0.06875
0 0.272656 0.51875 0.0703125 0.090625
0 0.757031 0.43125 0.0765625 0.096875
0 0.253125 0.43125 0.078125 0.10625
0 0.646094 0.380469 0.0765625 0.101562
0 0.571094 0.372656 0.0796875 0.0921875
