0 0.875 0.289844 0.053125 0.0703125
0 0.600781 0.453906 0.0671875 0.0890625
0 0.85 0.346875 0.08125 0.0875
0 0.722656 0.807031 0.0609375 0.0671875
0 0.65 0.475 0.05 0.084375
0 0.667969 0.759375 0.0609375 0.0625
0 0.78125 0.495313 0.053125 0.078125
0 0.523438 0.377344 0.065625 0.0796875
0 0.622656 0.552344 0.0640625 0.0796875
0 0.201562 0.639063 0.059375 0.075
0 0.499219 0.676562 0.0546875 0.06875
0 0.275781 0.514063 0.0703125 0.075
0 0.174219 0.753125 0.0546875 0.0875
0 0.675 0.544531 0.053125 0.0765625
0 0.127344 0.616406 0.0609375 0.0734375
0 0.474219 0.829687 0.0609375 0.078125
0 0.930469 0.35625 0.0546875 0.078125
0 0.963281 0.541406 0.0546875 0.0796875
0 0.476562 0.460156 0.065625 0.0765625
0 0.217969 0.561719 0.0515625 0.0703125
0 0.261719 0.665625 0.0578125 0.075
0 0.325 0.607813 0.065625 0.0875
0 0.554688 0.752344 0.0625 0.0765625
0 0.189063 0.499219 0.0625 0.0640625
0 0.159375 0.66875 0.053125 0.071875
0 0.714063 0.713281 0.059375 0.0734375
0 0.380469 0.400781 0.0609375 0.0828125
0 0.325781 0.367969 0.0671875 0.0890625
0 0.842188 0.463281 0.065625 0.0765625
0 0.608594 0.750781 0.0546875 0.0703125
0 0.2875 0.753125 0.059375 0.06875
0 0.557031 0.539062 0.0640625 0.08125
0 0.625 0.692969 0.059375 0.0703125
0 0.224219 0.328125 0.0671875 0.1
0 0.460938 0.613281 0.0625 0.0734375
0 0.569531 0.672656 0.0640625 0.0703125
0 0.638281 0.380469 0.0640625 0.0828125
0 0.297656 0.814844 0.0578125 0.0734375
0 0.334375 0.679688 0.0625 0.071875
0 0.670313 0.855469 0.05625 0.0609375
0 0.120312 0.513281 0.0625 0.0734375
0 0.741406 0.564062 0.0578125 0.071875
0 0.55 0.827344 0.0625 0.0734375
0 0.26875 0.180469 0.065625 0.101562
0 0.427344 0.692969 0.0578125 0.0828125
0 0.414062 0.830469 0.0625 0.0703125
0 0.386719 0.619531 0.0609375 0.0765625
0 0.358594 0.214062 0.0609375 0.096875
0 0.432813 0.544531 0.05625 0.0828125
0 0.895312 0.482031 0.0625 0.0703125
0 0.778906 0.782031 0.0546875 0.0765625
0 0.195312 0.383594 0.0625 0.0828125
0 0.769531 0.670313 0.0515625 0.075
0 0.433594 0.3125 0.0640625 0.090625
0 0.792188 0.59375 0.05625 0.078125
0 0.410156 0.477344 0.0703125 0.0890625
0 0.791406 0.328906 0.0671875 0.0890625
0 0.7625 0.246875 0.06875 0.096875
0 0.232031 0.785156 0.0578125 0.0671875
0 0.541406 0.45625 0.0609375 0.075
0 0.68125 0.415625 0.059375 0.09375
0 0.69375 0.19375 0.075 0.09375
0 0.702344 0.639063 0.0609375 0.06875
0 0.705469 0.317969 0.0546875 0.0984375
0 0.491406 0.75 0.0609375 0.06875
0 0.346875 0.75625 0.05625 0.08125
0 0.349219 0.821094 0.0578125 0.0609375
0 0.819531 0.71875 0.0578125 0.071875
0 0.733594 0.482031 0.0609375 0.0796875
0 0.6375 0.628906 0.059375 0.0734375
0 0.267969 0.592969 0.0609375 0.0859375
0 0.492188 0.542969 0.078125 0.0921875
0 0.497656 0.203906 0.0765625 0.0953125
0 0.51875 0.61875 0.05625 0.0875
0 0.251563 0.446094 0.075 0.0953125
0 0.217187 0.225 0.06875 0.08125
0 0.845312 0.627344 0.059375 0.0796875
0 0.367969 0.542188 0.0703125 0.0875
0 0.603906 0.836719 0.0515625 0.0765625
0 0.367188 0.316406 0.071875 0.0921875
0 0.58125 0.615625 0.0625 0.08125
0 0.229687 0.719531 0.05625 0.0765625
0 0.847656 0.244531 0.0703125 0.101562
0 0.404687 0.755469 0.059375 0.0734375
0 0.896094 0.569531 0.0765625 0.0859375
0 0.604688 0.241406 0.071875 0.0953125
0 0.11875 0.428906 0.06875 0.0859375
0 0.517187 0.282031 0.078125 0.0984375
0 0.832812 0.532812 0.0625 0.08125
0 0.448438 0.396875 0.06875 0.0875
0 0.655469 0.295312 0.0734375 0.103125
0 0.332031 0.454688 0.0671875 0.103125
0 0.9 0.396094 0.06875 0.0796875
0 0.751562 0.408594 0.075 0.0796875
0 0.429688 0.20625 0.078125 0.1
0 0.571875 0.333594 0.078125 0.107813
0 0.297656 0.272656 0.0734375 0.0859375
