0 0.808594 0.703906 0.0328125 0.0328125
0 0.539062 0.319531 0.028125 0.0453125
0 0.0804688 0.107813 0.0328125 0.046875
0 0.8 0.774219 0.03125 0.0453125
0 0.346875 0.317187 0.028125 0.040625
0 0.604688 0.777344 0.03125 0.0484375
0 0.423438 0.426562 0.03125 0.053125
0 0.575 0.575 0.034375 0.05
0 0.240625 0.296094 0.034375 0.0453125
0 0.676562 0.330469 0.03125 0.0390625
0 0.125781 0.584375 0.0328125 0.053125
0 0.860156 0.226562 0.0421875 0.05625
0 0.639844 0.648438 0.0296875 0.046875
0 0.385938 0.351562 0.025 0.0375
0 0.613281 0.200781 0.0265625 0.0390625
0 0.514063 0.257812 0.034375 0.053125
0 0.586719 0.213281 0.0296875 0.0453125
0 0.535156 0.478125 0.0296875 0.046875
0 0.559375 0.8 0.0375 0.046875
0 0.676562 0.527344 0.034375 0.0546875
0 0.692187 0.307031 0.034375 0.0390625
0 0.761719 0.474219 0.0359375 0.0421875
0 0.819531 0.414844 0.0359375 0.0421875
0 0.513281 0.364062 0.0390625 0.053125
0 0.461719 0.452344 0.0265625 0.0453125
0 0.174219 0.814844 0.0390625 0.0453125
0 0.210156 0.846875 0.0296875 0.05
0 0.423438 0.536719 0.03125 0.0484375
0 0.21875 0.701563 0.0375 0.040625
0 0.538281 0.546094 0.0296875 0.0515625
0 0.664062 0.789062 0.0375 0.04375
0 0.763281 0.430469 0.0359375 0.0453125
0 0.3125 0.709375 0.03125 0.05625
0 0.191406 0.438281 0.0421875 0.0453125
0 0.236719 0.867188 0.0453125 0.05
0 0.826563 0.473437 0.0375 0.040625
0 0.774219 0.665625 0.0328125 0.04375
0 0.229687 0.454688 0.0375 0.05
0 0.789844 0.460156 0.0328125 0.0421875
0 0.753125 0.739844 0.0375 0.0484375
0 0.855469 0.478125 0.0296875 0.046875
0 0.891406 0.574219 0.0359375 0.0484375
0 0.317187 0.589063 0.0375 0.04375
0 0.628125 0.273438 0.028125 0.040625
0 0.522656 0.208594 0.0328125 0.0515625
0 0.60625 0.264844 0.028125 0.0515625
0 0.407031 0.215625 0.0390625 0.046875
0 0.325 0.865625 0.0375 0.05
0 0.607813 0.352344 0.0375 0.0515625
0 0.721094 0.564844 0.0328125 0.0515625
0 0.376563 0.310937 0.0375 0.046875
0 0.477344 0.23125 0.0421875 0.05625
0 0.172656 0.700781 0.0421875 0.0453125
0 0.741406 0.340625 0.0390625 0.046875
0 0.172656 0.388281 0.0359375 0.0546875
0 0.257031 0.324219 0.0390625 0.0484375
0 0.628906 0.757812 0.0359375 0.046875
0 0.889063 0.435156 0.03125 0.0484375
0 0.308594 0.383594 0.0328125 0.0484375
0 0.222656 0.4 0.0390625 0.046875
0 0.713281 0.653125 0.0328125 0.046875
0 0.388281 0.664062 0.0328125 0.046875
0 0.846875 0.539844 0.028125 0.0484375
0 0.146875 0.789062 0.0375 0.053125
0 0.723437 0.497656 0.040625 0.0453125
0 0.175 0.347656 0.0375 0.0453125
0 0.685156 0.760156 0.0359375 0.0453125
0 0.290625 0.915625 0.040625 0.05
0 0.5875 0.615625 0.0375 0.05
0 0.641406 0.192969 0.0359375 0.0453125
0 0.828125 0.578906 0.03125 0.0484375
0 0.540625 0.267969 0.040625 0.0546875
0 0.857813 0.440625 0.034375 0.040625
0 0.397656 0.44375 0.0328125 0.053125
0 0.575781 0.282031 0.0328125 0.0515625
0 0.45 0.328906 0.0375 0.0515625
0 0.389062 0.855469 0.040625 0.0484375
0 0.604688 0.470313 0.034375 0.040625
0 0.302344 0.803906 0.0390625 0.0453125
0 0.410937 0.335156 0.034375 0.0515625
0 0.775 0.707812 0.0375 0.05
0 0.498437 0.694531 0.040625 0.0484375
0 0.650781 0.305469 0.0328125 0.0390625
0 0.419531 0.266406 0.0359375 0.0515625
0 0.392188 0.891406 0.040625 0.0421875
0 0.396875 0.539844 0.034375 0.0515625
0 0.753125 0.570312 0.034375 0.04375
0 0.441406 0.572656 0.0421875 0.0515625
0 0.803906 0.327344 0.0359375 0.0453125
0 0.842188 0.35 0.034375 0.0375
0 0.364844 0.439063 0.0328125 0.05
0 0.559375 0.422656 0.034375 0.0453125
0 0.35625 0.860937 0.03125 0.046875
0 0.300781 0.658594 0.0390625 0.0421875
0 0.358594 0.275781 0.0359375 0.0484375
0 0.257031 0.810156 0.0453125 0.0484375
0 0.435937 0.866406 0.034375 0.0484375
0 0.678906 0.277344 0.0390625 0.0484375
0 0.851562 0.592188 0.03125 0.05
0 0.257812 0.905469 0.034375 0.0515625
0 0.434375 0.820312 0.046875 0.059375
0 0.759375 0.296094 0.040625 0.0453125
0 0.605469 0.814062 0.0390625 0.05
0 0.43125 0.704687 0.034375 0.05
0 0.472656 0.495313 0.0359375 0.053125
0 0.786719 0.359375 0.0390625 0.04375
0 0.664062 0.647656 0.034375 0.0515625
0 0.617969 0.584375 0.0359375 0.040625
0 0.471094 0.729688 0.0390625 0.040625
0 0.338281 0.621094 0.0421875 0.0515625
0 0.645312 0.341406 0.0375 0.0546875
0 0.880469 0.48125 0.0296875 0.04375
0 0.50625 0.517969 0.040625 0.0546875
0 0.483594 0.413281 0.0359375 0.0546875
0 0.328125 0.409375 0.040625 0.053125
0 0.425 0.659375 0.0375 0.05
0 0.395312 0.391406 0.0375 0.0515625
0 0.75625 0.254687 0.0375 0.05
0 0.641406 0.704687 0.0421875 0.059375
0 0.544531 0.689844 0.0328125 0.0546875
0 0.370313 0.728906 0.0375 0.0546875
0 0.738281 0.604688 0.0390625 0.046875
0 0.648438 0.605469 0.034375 0.0484375
0 0.678125 0.822656 0.034375 0.0453125
0 0.375781 0.580469 0.0390625 0.0484375
0 0.289062 0.846875 0.0375 0.05
0 0.233594 0.492969 0.0390625 0.0546875
0 0.619531 0.309375 0.0359375 0.046875
0 0.122656 0.465625 0.0390625 0.05625
0 0.757031 0.530469 0.0328125 0.0515625
0 0.625781 0.429688 0.0390625 0.053125
0 0.328906 0.467187 0.0421875 0.046875
0 0.440625 0.375 0.040625 0.05
0 0.678125 0.385938 0.0375 0.046875
0 0.514844 0.636719 0.0359375 0.0546875
0 0.564062 0.647656 0.0375 0.0515625
0 0.335156 0.358594 0.0390625 0.0453125
0 0.625781 0.50625 0.0328125 0.053125
0 0.882031 0.31875 0.0390625 0.05
0 0.404687 0.795313 0.0375 0.05625
0 0.642187 0.830469 0.03125 0.0484375
0 0.879687 0.369531 0.0375 0.0484375
0 0.694531 0.717969 0.0359375 0.0484375
0 0.14375 0.670313 0.0375 0.053125
0 0.705469 0.421094 0.0359375 0.0421875
0 0.107813 0.517187 0.0375 0.053125
0 0.803125 0.639844 0.034375 0.0515625
0 0.719531 0.257031 0.0359375 0.0515625
0 0.394531 0.49375 0.0421875 0.053125
0 0.292188 0.449219 0.0375 0.0546875
0 0.528906 0.788281 0.0328125 0.0515625
0 0.408594 0.742188 0.0328125 0.05
0 0.492969 0.778906 0.0390625 0.0484375
0 0.258594 0.642969 0.0390625 0.0484375
0 0.792188 0.282813 0.034375 0.053125
0 0.342187 0.716406 0.034375 0.0484375
0 0.653906 0.557813 0.0359375 0.053125
0 0.515625 0.30625 0.034375 0.05
0 0.298438 0.332031 0.0375 0.0484375
0 0.20625 0.803125 0.034375 0.05
0 0.690625 0.572656 0.034375 0.0515625
0 0.728125 0.694531 0.034375 0.0390625
0 0.642187 0.239063 0.034375 0.046875
0 0.207031 0.746094 0.0421875 0.0515625
0 0.739062 0.396875 0.0375 0.05
0 0.785937 0.408594 0.0375 0.0453125
0 0.765625 0.614062 0.034375 0.046875
0 0.45625 0.767969 0.0375 0.0515625
0 0.817969 0.382812 0.0359375 0.046875
0 0.34375 0.907812 0.0375 0.046875
0 0.253906 0.372656 0.0390625 0.0515625
0 0.339844 0.572656 0.0390625 0.0484375
0 0.186719 0.642969 0.0390625 0.0515625
0 0.571875 0.467969 0.0375 0.0484375
0 0.553906 0.603906 0.0390625 0.0453125
0 0.282813 0.547656 0.034375 0.0546875
0 0.604688 0.675781 0.0375 0.0546875
0 0.120312 0.724219 0.0375 0.0546875
0 0.355469 0.503125 0.0359375 0.05
0 0.338281 0.80625 0.0359375 0.05
0 0.465625 0.85 0.040625 0.05
0 0.365625 0.778125 0.040625 0.05
0 0.592969 0.73125 0.0390625 0.05625
0 0.360938 0.39375 0.0375 0.046875
0 0.413281 0.580469 0.0359375 0.0453125
0 0.115625 0.636719 0.0375 0.0515625
0 0.586719 0.380469 0.0359375 0.0515625
0 0.205469 0.304688 0.0359375 0.05
0 0.257031 0.742969 0.0359375 0.0515625
0 0.592188 0.428125 0.034375 0.05
0 0.700781 0.478906 0.0359375 0.0484375
0 0.264062 0.695312 0.040625 0.053125
0 0.791406 0.503125 0.0359375 0.05
0 0.553906 0.742188 0.0390625 0.05
0 0.665625 0.428125 0.034375 0.05
0 0.503125 0.466406 0.0375 0.0484375
0 0.392188 0.617188 0.0375 0.04375
0 0.155469 0.43125 0.0390625 0.05625
0 0.189844 0.550781 0.0390625 0.0453125
0 0.153125 0.742969 0.040625 0.0484375
0 0.503906 0.829687 0.0390625 0.05
0 0.69375 0.617188 0.03125 0.046875
0 0.253906 0.433594 0.0359375 0.0546875
0 0.232031 0.542969 0.0390625 0.0515625
0 0.817969 0.5125 0.0359375 0.04375
0 0.478906 0.628125 0.0390625 0.05
0 0.328906 0.757812 0.0359375 0.046875
0 0.220313 0.582031 0.0375 0.0484375
0 0.733594 0.454688 0.0359375 0.05
0 0.652344 0.479688 0.0359375 0.05
0 0.857813 0.397656 0.028125 0.0515625
0 0.742969 0.654688 0.0359375 0.046875
0 0.589844 0.524219 0.0359375 0.0484375
0 0.867188 0.522656 0.034375 0.0484375
0 0.515625 0.575781 0.0375 0.0546875
0 0.703125 0.346875 0.034375 0.05
0 0.353906 0.665625 0.0359375 0.05
0 0.295312 0.757031 0.0375 0.0515625
0 0.844531 0.311719 0.0359375 0.0484375
0 0.455469 0.667969 0.0359375 0.0515625
0 0.292188 0.496875 0.040625 0.046875
0 0.571094 0.324219 0.0359375 0.0515625
0 0.155469 0.528125 0.0390625 0.05
0 0.794531 0.550781 0.0359375 0.0484375
0 0.217187 0.628906 0.040625 0.0515625
0 0.217187 0.353125 0.040625 0.053125
0 0.153125 0.580469 0.0375 0.0515625
0 0.517187 0.735937 0.04375 0.05625
0 0.203125 0.508594 0.0375 0.0546875
0 0.165625 0.48125 0.0375 0.05
0 0.191406 0.594531 0.0359375 0.0515625
0 0.154687 0.627344 0.040625 0.0453125
0 0.79375 0.598437 0.0375 0.053125
0 0.44375 0.484375 0.034375 0.05625
0 0.560938 0.507031 0.0375 0.0484375
0 0.440625 0.619531 0.0375 0.0515625
0 0.479688 0.298438 0.0375 0.05
0 0.255469 0.6 0.0390625 0.053125
0 0.319531 0.284375 0.0390625 0.059375
0 0.542969 0.375 0.0359375 0.046875
