0 0.61875 0.376563 0.034375 0.053125
0 0.650781 0.854688 0.0265625 0.040625
0 0.500781 0.430469 0.0484375 0.0484375
0 0.589844 0.397656 0.0421875 0.0578125
0 0.707031 0.552344 0.0421875 0.0609375
0 0.661719 0.650781 0.0578125 0.0515625
0 0.575781 0.610156 0.0359375 0.0515625
0 0.757031 0.357031 0.0296875 0.0546875
0 0.558594 0.373437 0.0390625 0.05
0 0.471875 0.154687 0.040625 0.05
0 0.505469 0.603906 0.0296875 0.0421875
0 0.5625 0.671094 0.04375 0.0515625
0 0.234375 0.224219 0.034375 0.0546875
0 0.353125 0.654688 0.05625 0.059375
0 0.51875 0.385156 0.046875 0.0546875
0 0.8375 0.488281 0.04375 0.0578125
0 0.653125 0.697656 0.046875 0.0578125
0 0.465625 0.195312 0.053125 0.065625
0 0.573438 0.247656 0.04375 0.0609375
0 0.741406 0.3375 0.0515625 0.0625
0 0.264844 0.460938 0.0578125 0.075
0 0.564062 0.513281 0.040625 0.0578125
0 0.529688 0.713281 0.053125 0.0609375
0 0.665625 0.220313 0.034375 0.053125
0 0.64375 0.371875 0.040625 0.05625
0 0.602344 0.349219 0.0453125 0.0578125
0 0.475 0.732813 0.046875 0.065625
0 0.471094 0.590625 0.0515625 0.053125
0 0.505469 0.79375 0.0609375 0.05625
0 0.726562 0.390625 0.0375 0.053125
0 0.319531 0.321094 0.0484375 0.0640625
0 0.189844 0.407813 0.0546875 0.071875
0 0.677344 0.56875 0.0421875 0.053125
0 0.455469 0.541406 0.0515625 0.0609375
0 0.673437 0.445312 0.04375 0.0625
0 0.851562 0.342187 0.040625 0.05625
0 0.547656 0.632812 0.0421875 0.05625
0 0.85 0.397656 0.05 0.0609375
0 0.270312 0.215625 0.046875 0.06875
0 0.771094 0.428125 0.0390625 0.05625
0 0.740625 0.279687 0.034375 0.053125
0 0.471094 0.496875 0.0515625 0.065625
0 0.542188 0.296094 0.040625 0.0453125
0 0.147656 0.29375 0.0453125 0.065625
0 0.569531 0.552344 0.0359375 0.0453125
0 0.460156 0.264062 0.0421875 0.0625
0 0.532031 0.575 0.0515625 0.065625
0 0.333594 0.524219 0.0546875 0.0671875
0 0.438281 0.382812 0.0484375 0.065625
0 0.751562 0.529688 0.04375 0.053125
0 0.430469 0.615625 0.0453125 0.059375
0 0.629687 0.180469 0.034375 0.0515625
0 0.696875 0.821875 0.046875 0.059375
0 0.396094 0.496094 0.0546875 0.0546875
0 0.205469 0.34375 0.0515625 0.065625
0 0.521875 0.483594 0.046875 0.0640625
0 0.613281 0.521094 0.0390625 0.0546875
0 0.689062 0.483594 0.0375 0.0515625
0 0.560156 0.441406 0.0453125 0.0640625
0 0.446094 0.117969 0.0453125 0.0578125
0 0.679688 0.791406 0.046875 0.0515625
0 0.71875 0.107813 0.040625 0.059375
0 0.722656 0.63125 0.0453125 0.059375
0 0.769531 0.752344 0.0421875 0.0578125
0 0.778906 0.603906 0.0421875 0.0609375
0 0.698438 0.221094 0.040625 0.0546875
0 0.388281 0.442187 0.0515625 0.059375
0 0.683594 0.10625 0.0421875 0.0625
0 0.635156 0.319531 0.0453125 0.0609375
0 0.713281 0.282031 0.0421875 0.0546875
0 0.228125 0.282813 0.046875 0.0625
0 0.404687 0.230469 0.05 0.0640625
0 0.620313 0.140625 0.040625 0.0625
0 0.53125 0.200781 0.05625 0.0640625
0 0.665625 0.28125 0.04375 0.059375
0 0.6125 0.579687 0.04375 0.059375
0 0.719531 0.440625 0.0421875 0.05625
0 0.5375 0.86875 0.05 0.059375
0 0.646094 0.916406 0.0421875 0.0578125
0 0.607031 0.285937 0.0421875 0.0625
0 0.559375 0.786719 0.040625 0.0578125
0 0.782031 0.267969 0.0359375 0.0546875
0 0.724219 0.767969 0.0453125 0.0578125
0 0.60625 0.902344 0.04375 0.0546875
0 0.601562 0.479688 0.046875 0.059375
0 0.53125 0.253906 0.04375 0.0609375
0 0.767969 0.184375 0.0390625 0.059375
0 0.285156 0.39375 0.0546875 0.06875
0 0.730469 0.180469 0.0390625 0.0546875
0 0.635156 0.239844 0.0484375 0.0640625
0 0.613281 0.728906 0.0453125 0.0640625
0 0.703906 0.167187 0.0421875 0.053125
0 0.594531 0.196875 0.0453125 0.0625
0 0.607031 0.667188 0.0421875 0.053125
0 0.502344 0.294531 0.0484375 0.0578125
0 0.389844 0.176563 0.0515625 0.06875
0 0.261719 0.278906 0.0546875 0.0734375
0 0.475781 0.352344 0.0609375 0.0765625
0 0.254687 0.332031 0.05 0.0609375
0 0.410156 0.557031 0.0484375 0.0609375
0 0.680469 0.326562 0.0359375 0.05625
0 0.761719 0.23125 0.0359375 0.04375
0 0.332031 0.440625 0.0484375 0.065625
0 0.407031 0.338281 0.0546875 0.0640625
0 0.729688 0.223438 0.034375 0.046875
