0 0.559375 0.257031 0.04375 0.0515625
0 0.619531 0.405469 0.0421875 0.0546875
0 0.699219 0.300781 0.0390625 0.0671875
0 0.525781 0.475 0.0515625 0.065625
0 0.096875 0.364844 0.05 0.0703125
0 0.277344 0.363281 0.0453125 0.0546875
0 0.539062 0.324219 0.040625 0.0453125
0 0.157031 0.342969 0.0546875 0.0640625
0 0.426562 0.498437 0.05 0.0625
0 0.386719 0.726562 0.0421875 0.06875
0 0.448438 0.238281 0.0375 0.0484375
0 0.3 0.683594 0.053125 0.0640625
0 0.461719 0.285156 0.0359375 0.0515625
0 0.364062 0.675 0.046875 0.05625
0 0.760156 0.538281 0.0421875 0.0578125
0 0.210156 0.425781 0.0453125 0.0546875
0 0.7125 0.564062 0.053125 0.0625
0 0.489844 0.239844 0.0390625 0.0484375
0 0.405469 0.267188 0.0328125 0.065625
0 0.615625 0.727344 0.04375 0.0734375
0 0.267969 0.544531 0.0453125 0.0546875
0 0.0875 0.625781 0.05 0.0546875
0 0.15 0.401563 0.046875 0.05625
0 0.45 0.385938 0.046875 0.053125
0 0.774219 0.233594 0.0546875 0.0703125
0 0.638281 0.455469 0.0421875 0.0671875
0 0.65 0.575781 0.053125 0.0671875
0 0.754687 0.404687 0.053125 0.0625
0 0.0757812 0.56875 0.0515625 0.059375
0 0.564844 0.720312 0.0515625 0.065625
0 0.507812 0.270312 0.040625 0.059375
0 0.539062 0.208594 0.046875 0.0578125
0 0.884375 0.430469 0.053125 0.0734375
0 0.915625 0.402344 0.046875 0.0609375
0 0.738281 0.619531 0.0484375 0.0671875
0 0.841406 0.582031 0.0578125 0.0671875
0 0.286719 0.403125 0.0453125 0.053125
0 0.907812 0.625781 0.059375 0.0703125
0 0.583594 0.65625 0.0484375 0.06875
0 0.440625 0.721875 0.046875 0.06875
0 0.860937 0.491406 0.05625 0.0609375
0 0.939844 0.552344 0.0484375 0.0703125
0 0.672656 0.522656 0.0515625 0.0640625
0 0.492188 0.425781 0.046875 0.0546875
0 0.447656 0.600781 0.0484375 0.0640625
0 0.255469 0.671094 0.0484375 0.0640625
0 0.607031 0.335938 0.0296875 0.053125
0 0.771094 0.684375 0.0515625 0.06875
0 0.492969 0.59375 0.0484375 0.06875
0 0.159375 0.697656 0.053125 0.0671875
0 0.548437 0.433594 0.046875 0.0609375
0 0.475781 0.484375 0.0484375 0.059375
0 0.719531 0.489062 0.0421875 0.071875
0 0.227344 0.729688 0.0515625 0.06875
0 0.21875 0.664844 0.04375 0.0640625
0 0.178125 0.625781 0.046875 0.0609375
0 0.1 0.484375 0.05 0.065625
0 0.696094 0.425 0.0484375 0.059375
0 0.660937 0.278906 0.05 0.0640625
0 0.414062 0.561719 0.053125 0.0640625
0 0.275781 0.597656 0.0515625 0.0640625
0 0.828125 0.665625 0.053125 0.06875
0 0.591406 0.469531 0.0484375 0.0546875
0 0.917969 0.495313 0.0515625 0.05625
0 0.350781 0.515625 0.0515625 0.06875
0 0.329688 0.370313 0.046875 0.05625
0 0.526563 0.374219 0.046875 0.0640625
0 0.721875 0.682031 0.05 0.0609375
0 0.378906 0.603906 0.0515625 0.0671875
0 0.333594 0.628125 0.0484375 0.06875
0 0.690625 0.628125 0.05 0.06875
0 0.696094 0.382812 0.0453125 0.05
0 0.230469 0.5 0.0453125 0.065625
0 0.638281 0.35625 0.0515625 0.059375
0 0.607031 0.278906 0.0453125 0.0546875
0 0.53125 0.665625 0.053125 0.0625
0 0.807031 0.522656 0.0484375 0.0671875
0 0.422656 0.659375 0.0515625 0.065625
0 0.58125 0.364062 0.046875 0.0625
0 0.597656 0.575 0.0546875 0.071875
0 0.145313 0.457812 0.046875 0.059375
0 0.326562 0.442969 0.046875 0.0546875
0 0.289062 0.758594 0.05625 0.0671875
0 0.132812 0.588281 0.046875 0.0578125
0 0.628906 0.635156 0.0515625 0.0640625
0 0.530469 0.544531 0.0484375 0.0578125
0 0.791406 0.352344 0.0453125 0.0640625
0 0.05625 0.519531 0.05 0.0640625
0 0.16875 0.496875 0.046875 0.065625
0 0.363281 0.417969 0.0453125 0.0578125
0 0.555469 0.592188 0.0546875 0.065625
0 0.670313 0.702344 0.05625 0.0703125
0 0.571875 0.507812 0.05 0.065625
0 0.405469 0.383594 0.0421875 0.0578125
0 0.23125 0.603906 0.046875 0.0578125
0 0.785156 0.594531 0.0515625 0.0671875
0 0.503906 0.717969 0.0546875 0.0703125
0 0.469531 0.539844 0.0484375 0.0578125
0 0.305469 0.500781 0.0453125 0.0640625
0 0.766406 0.482812 0.0484375 0.0625
0 0.31875 0.328906 0.04375 0.0546875
0 0.433594 0.446094 0.0484375 0.0578125
0 0.80625 0.466406 0.046875 0.0609375
0 0.26875 0.45 0.046875 0.0625
0 0.471094 0.653125 0.0484375 0.065625
0 0.391406 0.342187 0.0390625 0.053125
0 0.31875 0.553906 0.046875 0.0578125
0 0.139062 0.647656 0.04375 0.0609375
0 0.438281 0.332031 0.0484375 0.0578125
0 0.61875 0.519531 0.05 0.0609375
0 0.35625 0.297656 0.040625 0.0640625
0 0.382812 0.455469 0.046875 0.0578125
0 0.194531 0.564062 0.0484375 0.065625
0 0.346094 0.736719 0.0484375 0.0671875
0 0.132812 0.529688 0.046875 0.0625
0 0.0695312 0.434375 0.0484375 0.059375
0 0.495313 0.330469 0.04375 0.0546875
