0 0.689844 0.814062 0.0453125 0.046875
0 0.595312 0.738281 0.040625 0.0546875
0 0.575781 0.532812 0.0421875 0.05
0 0.3875 0.765625 0.03125 0.0375
0 0.336719 0.741406 0.0421875 0.0578125
0 0.363281 0.822656 0.0421875 0.0546875
0 0.236719 0.563281 0.0390625 0.0484375
0 0.275781 0.792969 0.0328125 0.0359375
0 0.811719 0.25625 0.0484375 0.0625
0 0.649219 0.788281 0.0453125 0.0546875
0 0.211719 0.577344 0.0390625 0.0484375
0 0.128125 0.575781 0.04375 0.0578125
0 0.788281 0.5875 0.0453125 0.05625
0 0.835938 0.4125 0.05 0.05625
0 0.807031 0.616406 0.0421875 0.0515625
0 0.125 0.461719 0.0375 0.0546875
0 0.4625 0.610937 0.040625 0.053125
0 0.461719 0.549219 0.0453125 0.0578125
0 0.760938 0.69375 0.046875 0.053125
0 0.127344 0.402344 0.0484375 0.0609375
0 0.813281 0.524219 0.0484375 0.0546875
0 0.925 0.472656 0.05 0.0640625
0 0.859375 0.453906 0.046875 0.0578125
0 0.400781 0.222656 0.0515625 0.0640625
0 0.700781 0.690625 0.0453125 0.05625
0 0.275781 0.4875 0.0515625 0.059375
0 0.11875 0.34375 0.04375 0.059375
0 0.491406 0.839844 0.0421875 0.0484375
0 0.655469 0.68125 0.0421875 0.040625
0 0.773438 0.232812 0.05 0.06875
0 0.260156 0.728125 0.0421875 0.053125
0 0.736719 0.421094 0.0484375 0.0640625
0 0.138281 0.635938 0.0453125 0.05625
0 0.257812 0.246875 0.04375 0.059375
0 0.196875 0.739844 0.0375 0.0453125
0 0.295312 0.154687 0.040625 0.06875
0 0.354688 0.144531 0.046875 0.0609375
0 0.0898438 0.423438 0.0453125 0.059375
0 0.725781 0.524219 0.0515625 0.0609375
0 0.0851562 0.551562 0.0453125 0.059375
0 0.777344 0.371875 0.0484375 0.059375
0 0.371875 0.264062 0.04375 0.065625
0 0.698438 0.272656 0.046875 0.0640625
0 0.548437 0.15625 0.046875 0.06875
0 0.222656 0.339844 0.0421875 0.0640625
0 0.557813 0.691406 0.0375 0.0578125
0 0.309375 0.344531 0.05 0.0640625
0 0.100781 0.49375 0.0453125 0.059375
0 0.290625 0.607813 0.05 0.0625
0 0.260938 0.371094 0.046875 0.0640625
0 0.550781 0.297656 0.0453125 0.0609375
0 0.571094 0.819531 0.0421875 0.0609375
0 0.336719 0.203906 0.0484375 0.0671875
0 0.399219 0.141406 0.0515625 0.0703125
0 0.221875 0.392188 0.034375 0.053125
0 0.352344 0.399219 0.0546875 0.0671875
0 0.752344 0.472656 0.0484375 0.0578125
0 0.369531 0.553125 0.0484375 0.065625
0 0.295312 0.285156 0.05 0.0578125
0 0.309375 0.401563 0.040625 0.059375
0 0.377344 0.497656 0.0453125 0.0546875
0 0.107031 0.282031 0.0453125 0.0640625
0 0.435156 0.714063 0.0421875 0.053125
0 0.430469 0.4625 0.0453125 0.059375
0 0.319531 0.539844 0.0421875 0.0578125
0 0.646094 0.292188 0.0453125 0.059375
0 0.551562 0.227344 0.05 0.0671875
0 0.613281 0.251563 0.0546875 0.071875
0 0.614844 0.564844 0.0484375 0.0546875
0 0.161719 0.707812 0.0390625 0.05
0 0.842969 0.579687 0.0484375 0.059375
0 0.470313 0.225781 0.046875 0.0671875
0 0.210156 0.203906 0.0484375 0.0640625
0 0.734375 0.316406 0.046875 0.0671875
0 0.184375 0.640625 0.04375 0.059375
0 0.651563 0.464844 0.05 0.0640625
0 0.540625 0.473437 0.05 0.059375
0 0.315625 0.834375 0.04375 0.05625
0 0.68125 0.335938 0.05 0.0625
0 0.339844 0.469531 0.0484375 0.0640625
0 0.154687 0.242969 0.05 0.0671875
0 0.584375 0.374219 0.046875 0.0671875
0 0.63125 0.350781 0.05 0.0640625
0 0.423438 0.519531 0.04375 0.0609375
0 0.510938 0.614062 0.046875 0.059375
0 0.671094 0.405469 0.0453125 0.0640625
0 0.421875 0.758594 0.0375 0.0546875
0 0.505469 0.702344 0.0453125 0.0546875
0 0.792969 0.309375 0.0515625 0.065625
0 0.258594 0.302344 0.0359375 0.0515625
0 0.2 0.270312 0.053125 0.06875
0 0.0960938 0.595312 0.0390625 0.05
0 0.75 0.642187 0.05 0.05625
0 0.278125 0.541406 0.04375 0.0578125
0 0.477344 0.313281 0.0546875 0.0640625
0 0.232031 0.50625 0.0390625 0.05625
0 0.534375 0.653906 0.04375 0.0546875
0 0.438281 0.182812 0.0515625 0.0625
0 0.594531 0.315625 0.0484375 0.071875
0 0.540625 0.566406 0.04375 0.0546875
0 0.703906 0.207031 0.0515625 0.0640625
0 0.26875 0.432031 0.05 0.0640625
0 0.660156 0.73125 0.0453125 0.05625
0 0.428125 0.283594 0.053125 0.0671875
0 0.59375 0.689844 0.046875 0.0578125
0 0.170312 0.485938 0.04375 0.0625
0 0.358594 0.691406 0.0421875 0.0546875
0 0.605469 0.76875 0.0421875 0.046875
0 0.292969 0.770312 0.0421875 0.053125
0 0.708594 0.384375 0.0515625 0.065625
0 0.204688 0.704687 0.04375 0.053125
0 0.29375 0.220313 0.04375 0.059375
0 0.182812 0.359375 0.040625 0.05625
0 0.557813 0.614844 0.04375 0.0578125
0 0.405469 0.332812 0.0515625 0.065625
0 0.302344 0.71875 0.0421875 0.05
0 0.232031 0.451562 0.0421875 0.059375
0 0.459375 0.114844 0.05 0.0671875
0 0.814844 0.471094 0.0484375 0.0578125
0 0.45625 0.363281 0.046875 0.0671875
0 0.697656 0.570312 0.0484375 0.0625
0 0.199219 0.53125 0.0453125 0.053125
0 0.653906 0.585156 0.0484375 0.0578125
0 0.596094 0.178125 0.0515625 0.06875
0 0.296094 0.667969 0.0390625 0.0546875
0 0.353906 0.591406 0.0421875 0.0515625
0 0.870313 0.509375 0.05 0.065625
0 0.357031 0.314063 0.0484375 0.0625
0 0.530469 0.840625 0.0421875 0.05
0 0.258594 0.18125 0.0453125 0.065625
0 0.38125 0.728125 0.04375 0.05
0 0.697656 0.480469 0.0515625 0.0609375
0 0.586719 0.45625 0.0515625 0.059375
0 0.670313 0.522656 0.05 0.0671875
0 0.45625 0.767969 0.0375 0.0515625
0 0.455469 0.675781 0.0421875 0.0515625
0 0.76875 0.517187 0.04375 0.053125
0 0.521094 0.779688 0.0421875 0.053125
0 0.505469 0.375 0.0515625 0.065625
0 0.503906 0.444531 0.0484375 0.0609375
0 0.246094 0.625 0.0484375 0.05625
0 0.33125 0.795313 0.040625 0.053125
0 0.401563 0.396094 0.05 0.0671875
0 0.330469 0.657031 0.0453125 0.0578125
0 0.234375 0.679688 0.05 0.059375
0 0.178906 0.419531 0.0484375 0.0609375
0 0.745313 0.578906 0.04375 0.0578125
0 0.382031 0.45 0.0484375 0.065625
0 0.421094 0.58125 0.0453125 0.0625
0 0.835156 0.34375 0.0484375 0.065625
0 0.504687 0.519531 0.04375 0.0578125
0 0.65 0.641406 0.046875 0.0640625
0 0.419531 0.817187 0.0390625 0.053125
0 0.530469 0.733594 0.0453125 0.0546875
0 0.476562 0.730469 0.040625 0.0515625
0 0.453125 0.425 0.05 0.06875
0 0.154687 0.305469 0.05 0.0640625
0 0.384375 0.639063 0.046875 0.0625
0 0.405469 0.680469 0.0453125 0.0546875
0 0.642969 0.16875 0.0484375 0.0625
0 0.489062 0.65625 0.04375 0.053125
0 0.432031 0.642187 0.0453125 0.05625
0 0.621875 0.41875 0.05 0.0625
0 0.7875 0.435156 0.053125 0.0640625
0 0.508594 0.2625 0.0484375 0.06875
0 0.232812 0.76875 0.04375 0.05625
0 0.692187 0.629687 0.04375 0.05625
0 0.142969 0.523438 0.0453125 0.059375
0 0.507031 0.188281 0.0515625 0.0703125
0 0.469531 0.484375 0.0484375 0.0625
0 0.129688 0.678906 0.040625 0.0515625
0 0.654688 0.223438 0.05 0.06875
0 0.553125 0.416406 0.053125 0.0671875
0 0.623438 0.507812 0.05 0.059375
0 0.608594 0.619531 0.0453125 0.0546875
