0 0.863281 0.630469 0.0515625 0.0609375
0 0.849219 0.635156 0.0421875 0.0578125
0 0.128906 0.739844 0.0421875 0.0578125
0 0.160938 0.730469 0.059375 0.0703125
0 0.175 0.639063 0.04375 0.05625
0 0.923437 0.728125 0.04375 0.08125
0 0.275 0.391406 0.040625 0.0515625
0 0.56875 0.198437 0.046875 0.05625
0 0.436719 0.2375 0.0390625 0.053125
0 0.401563 0.508594 0.05 0.0734375
0 0.703906 0.767969 0.0421875 0.0703125
0 0.41875 0.271094 0.04375 0.0640625
0 0.347656 0.385938 0.0421875 0.06875
0 0.475 0.394531 0.040625 0.0609375
0 0.539844 0.815625 0.0546875 0.05625
0 0.747656 0.242969 0.0515625 0.0578125
0 0.7875 0.501562 0.04375 0.0625
0 0.758594 0.473437 0.0484375 0.059375
0 0.771094 0.373437 0.0328125 0.059375
0 0.311719 0.335938 0.0453125 0.05625
0 0.605469 0.775781 0.0546875 0.0609375
0 0.192969 0.234375 0.0453125 0.06875
0 0.460156 0.483594 0.0515625 0.0640625
0 0.888281 0.559375 0.0484375 0.059375
0 0.310937 0.616406 0.053125 0.0703125
0 0.390625 0.770312 0.05625 0.08125
0 0.301562 0.415625 0.053125 0.059375
0 0.43125 0.797656 0.05 0.0703125
0 0.196875 0.320312 0.040625 0.065625
0 0.490625 0.53125 0.046875 0.071875
0 0.627344 0.7125 0.0453125 0.06875
0 0.333594 0.199219 0.0515625 0.0578125
0 0.539844 0.549219 0.0453125 0.0640625
0 0.720312 0.307031 0.0375 0.0671875
0 0.0203125 0.648438 0.040625 0.065625
0 0.396875 0.674219 0.05 0.0609375
0 0.496094 0.238281 0.0484375 0.0734375
0 0.576563 0.484375 0.05 0.065625
0 0.409375 0.578125 0.059375 0.06875
0 0.529688 0.428906 0.05625 0.0640625
0 0.084375 0.466406 0.040625 0.0671875
0 0.399219 0.217187 0.0484375 0.059375
0 0.6125 0.54375 0.046875 0.065625
0 0.657812 0.775781 0.05625 0.0671875
0 0.0632813 0.522656 0.0515625 0.0640625
0 0.244531 0.513281 0.0453125 0.0640625
0 0.199219 0.478125 0.0484375 0.075
0 0.51875 0.19375 0.040625 0.053125
0 0.284375 0.230469 0.05 0.0640625
0 0.14375 0.39375 0.053125 0.0625
0 0.221875 0.578125 0.05 0.075
0 0.596875 0.669531 0.05 0.0640625
0 0.65 0.646875 0.05 0.065625
0 0.146094 0.474219 0.0546875 0.0703125
0 0.415625 0.446094 0.05 0.0578125
0 0.801562 0.694531 0.05 0.0671875
0 0.642969 0.394531 0.0453125 0.0578125
0 0.219531 0.74375 0.0484375 0.06875
0 0.547656 0.613281 0.0390625 0.0640625
0 0.465625 0.824219 0.05 0.0640625
0 0.275 0.578125 0.05 0.065625
0 0.694531 0.374219 0.0484375 0.0609375
0 0.0554687 0.721094 0.0546875 0.0734375
0 0.673437 0.692969 0.05 0.0671875
0 0.396875 0.3875 0.05 0.06875
0 0.81875 0.417969 0.04375 0.0609375
0 0.608594 0.302344 0.0421875 0.0578125
0 0.340625 0.563281 0.053125 0.0640625
0 0.685156 0.627344 0.0421875 0.0703125
0 0.747656 0.749219 0.0453125 0.0640625
0 0.284375 0.720312 0.05 0.075
0 0.507031 0.324219 0.0578125 0.0703125
0 0.817969 0.265625 0.0484375 0.065625
0 0.650781 0.44375 0.0515625 0.065625
0 0.558594 0.742969 0.0515625 0.0734375
0 0.364844 0.272656 0.0484375 0.0609375
0 0.741406 0.689062 0.0453125 0.0625
0 0.563281 0.296875 0.0515625 0.059375
0 0.589844 0.253125 0.0421875 0.059375
0 0.136719 0.602344 0.0609375 0.0671875
0 0.130469 0.675 0.0453125 0.065625
0 0.130469 0.264844 0.0515625 0.0671875
0 0.49375 0.598437 0.046875 0.06875
0 0.0710938 0.576563 0.0484375 0.065625
0 0.588281 0.611719 0.0546875 0.0671875
0 0.774219 0.429688 0.0453125 0.059375
0 0.682031 0.271875 0.0484375 0.059375
0 0.664844 0.322656 0.0515625 0.0703125
0 0.836719 0.571094 0.0515625 0.0640625
0 0.546094 0.688281 0.0515625 0.0703125
0 0.805469 0.357812 0.0484375 0.065625
0 0.760938 0.633594 0.05 0.0609375
0 0.169531 0.428906 0.0515625 0.0640625
0 0.142969 0.325 0.0578125 0.0625
0 0.757812 0.570312 0.053125 0.065625
0 0.36875 0.326562 0.05 0.053125
0 0.486719 0.752344 0.0515625 0.0703125
0 0.239063 0.442969 0.053125 0.0703125
0 0.474219 0.180469 0.0515625 0.0671875
0 0.253906 0.315625 0.0484375 0.065625
0 0.179688 0.778125 0.05 0.06875
0 0.54375 0.358594 0.05 0.0640625
0 0.630469 0.244531 0.0453125 0.0609375
0 0.359375 0.644531 0.053125 0.0640625
0 0.642969 0.586719 0.0515625 0.0609375
0 0.33125 0.742969 0.059375 0.0640625
0 0.44375 0.705469 0.05625 0.0671875
0 0.105469 0.532031 0.0515625 0.0671875
0 0.157031 0.544531 0.0515625 0.0671875
0 0.766406 0.296875 0.0484375 0.0625
0 0.707812 0.510938 0.05 0.065625
0 0.655469 0.501562 0.0515625 0.065625
0 0.229687 0.364844 0.053125 0.0671875
0 0.20625 0.667969 0.05625 0.0765625
0 0.317187 0.275781 0.053125 0.0703125
0 0.627344 0.360156 0.0546875 0.0671875
0 0.729688 0.417188 0.046875 0.059375
0 0.59375 0.424219 0.053125 0.0703125
0 0.466406 0.296875 0.0484375 0.06875
