0 0.526563 0.125781 0.05 0.0671875
0 0.457031 0.2125 0.0515625 0.078125
0 0.649219 0.0757812 0.0453125 0.0703125
0 0.798437 0.375781 0.04375 0.0609375
0 0.674219 0.375 0.0515625 0.065625
0 0.335156 0.474219 0.0484375 0.0578125
0 0.725781 0.503125 0.0421875 0.0625
0 0.535156 0.375781 0.0484375 0.0671875
0 0.375781 0.661719 0.0515625 0.0609375
0 0.813281 0.428125 0.0484375 0.059375
0 0.323438 0.639063 0.04375 0.059375
0 0.2625 0.717969 0.053125 0.0703125
0 0.272656 0.460156 0.0515625 0.0609375
0 0.5125 0.576563 0.05 0.065625
0 0.7625 0.177344 0.05 0.0671875
0 0.215625 0.761719 0.053125 0.0671875
0 0.423438 0.267969 0.053125 0.0640625
0 0.197656 0.8375 0.0421875 0.0625
0 0.374219 0.726562 0.0484375 0.065625
0 0.316406 0.417188 0.0578125 0.075
0 0.464063 0.473437 0.053125 0.0625
0 0.716406 0.140625 0.0453125 0.0625
0 0.246094 0.554688 0.0484375 0.065625
0 0.632812 0.135156 0.046875 0.0671875
0 0.654688 0.577344 0.04375 0.0578125
0 0.382031 0.3625 0.0484375 0.059375
0 0.521875 0.295312 0.046875 0.065625
0 0.295312 0.889844 0.053125 0.0609375
0 0.289062 0.521094 0.05 0.0640625
0 0.317187 0.832031 0.046875 0.0609375
0 0.23125 0.81875 0.046875 0.065625
0 0.854688 0.199219 0.04375 0.0578125
0 0.625 0.628906 0.05 0.0640625
0 0.374219 0.441406 0.0515625 0.0671875
0 0.471875 0.298438 0.053125 0.06875
0 0.333594 0.539844 0.0453125 0.0609375
0 0.270312 0.65 0.05 0.065625
0 0.422656 0.702344 0.0453125 0.0640625
0 0.882812 0.330469 0.04375 0.0609375
0 0.617969 0.495313 0.0515625 0.0625
0 0.684375 0.119531 0.05 0.0671875
0 0.2125 0.682813 0.053125 0.065625
0 0.325 0.704687 0.04375 0.065625
0 0.453125 0.890625 0.046875 0.0625
0 0.628125 0.378906 0.046875 0.0578125
0 0.3 0.594531 0.05625 0.0703125
0 0.873438 0.28125 0.046875 0.065625
0 0.620313 0.251563 0.04375 0.065625
0 0.453906 0.590625 0.0484375 0.059375
0 0.847656 0.38125 0.0484375 0.065625
0 0.571875 0.269531 0.046875 0.0578125
0 0.223438 0.617188 0.05625 0.06875
0 0.332812 0.767969 0.05 0.0671875
0 0.680469 0.251563 0.0453125 0.065625
0 0.538281 0.228125 0.0515625 0.071875
0 0.482812 0.764844 0.04375 0.0609375
0 0.560938 0.500781 0.05 0.0671875
0 0.616406 0.563281 0.0484375 0.0671875
0 0.6125 0.433594 0.046875 0.0578125
0 0.413281 0.908594 0.0515625 0.0609375
0 0.571094 0.0867188 0.0484375 0.0671875
0 0.577344 0.153125 0.0515625 0.06875
0 0.775781 0.496094 0.0484375 0.0578125
0 0.286719 0.780469 0.0515625 0.0671875
0 0.579687 0.372656 0.05 0.0640625
0 0.160156 0.783594 0.0484375 0.0640625
0 0.355469 0.311719 0.0515625 0.0640625
0 0.696094 0.319531 0.0484375 0.0640625
0 0.554688 0.442187 0.053125 0.0625
0 0.647656 0.198437 0.0484375 0.0625
0 0.346094 0.914062 0.0484375 0.0625
0 0.607031 0.673437 0.0453125 0.0625
0 0.746094 0.367969 0.0484375 0.0640625
0 0.666406 0.521094 0.0484375 0.0609375
0 0.432031 0.53125 0.0484375 0.065625
0 0.692187 0.192188 0.046875 0.0625
0 0.355469 0.603906 0.0453125 0.0578125
0 0.792969 0.299219 0.0515625 0.0609375
0 0.817187 0.184375 0.046875 0.0625
0 0.532812 0.614062 0.04375 0.0625
0 0.720312 0.242969 0.046875 0.0640625
0 0.507812 0.492188 0.04375 0.05625
0 0.767187 0.253906 0.046875 0.0578125
0 0.565625 0.567187 0.04375 0.05625
0 0.533594 0.728906 0.0453125 0.0609375
0 0.642187 0.307813 0.046875 0.059375
0 0.494531 0.189844 0.0484375 0.0671875
0 0.582812 0.617188 0.046875 0.0625
0 0.244531 0.500781 0.0421875 0.0546875
0 0.488281 0.369531 0.0546875 0.0671875
0 0.442969 0.767969 0.0515625 0.0671875
0 0.560156 0.671875 0.0515625 0.065625
0 0.583594 0.207031 0.0515625 0.0671875
0 0.377344 0.542188 0.0515625 0.065625
0 0.658594 0.430469 0.0453125 0.0609375
0 0.432031 0.397656 0.0515625 0.0671875
0 0.375 0.795313 0.053125 0.059375
0 0.433594 0.639844 0.0453125 0.0609375
0 0.596094 0.326562 0.0515625 0.065625
0 0.742188 0.304688 0.053125 0.06875
0 0.507031 0.841406 0.0484375 0.0609375
0 0.510938 0.682813 0.05 0.059375
0 0.757031 0.425781 0.0484375 0.0609375
0 0.359375 0.855469 0.05 0.0578125
0 0.532812 0.801562 0.046875 0.059375
0 0.690625 0.48125 0.05 0.0625
0 0.490625 0.628125 0.046875 0.059375
0 0.415625 0.45625 0.05 0.0625
0 0.426562 0.34375 0.05 0.065625
0 0.820312 0.246094 0.05 0.0640625
0 0.478906 0.53125 0.0453125 0.059375
0 0.577344 0.73125 0.0453125 0.05625
0 0.50625 0.434375 0.046875 0.065625
0 0.180469 0.7125 0.0453125 0.0625
0 0.708594 0.547656 0.0484375 0.0640625
0 0.704687 0.421875 0.05 0.065625
0 0.46875 0.707812 0.05 0.0625
0 0.40625 0.2125 0.053125 0.065625
0 0.457812 0.83125 0.05 0.0625
0 0.405469 0.597656 0.0484375 0.0640625
0 0.407031 0.835156 0.0453125 0.0640625
