0 0.572656 0.196094 0.0640625 0.0828125
0 0.238281 0.459375 0.0421875 0.071875
0 0.801562 0.598437 0.05625 0.090625
0 0.173438 0.408594 0.040625 0.0546875
0 0.344531 0.727344 0.0640625 0.0859375
0 0.773438 0.277344 0.0625 0.0984375
0 0.209375 0.513281 0.046875 0.0703125
0 0.541406 0.164844 0.0484375 0.0640625
0 0.800781 0.504687 0.0609375 0.078125
0 0.404687 0.30625 0.071875 0.08125
0 0.249219 0.533594 0.0578125 0.0734375
0 0.686719 0.1375 0.0703125 0.075
0 0.346094 0.827344 0.0640625 0.101562
0 0.203125 0.6 0.059375 0.084375
0 0.271094 0.400781 0.0578125 0.0890625
0 0.65625 0.189063 0.06875 0.08125
0 0.199219 0.441406 0.0546875 0.0734375
0 0.227344 0.185937 0.0609375 0.078125
0 0.1625 0.554688 0.059375 0.06875
0 0.623438 0.275781 0.0625 0.0953125
0 0.2875 0.696875 0.065625 0.084375
0 0.671875 0.566406 0.065625 0.0890625
0 0.399219 0.675781 0.0546875 0.0859375
0 0.149219 0.480469 0.0546875 0.0734375
0 0.541406 0.845312 0.0546875 0.090625
0 0.85 0.413281 0.059375 0.0953125
0 0.5 0.779688 0.059375 0.090625
0 0.288281 0.610937 0.0578125 0.071875
0 0.416406 0.842188 0.0578125 0.078125
0 0.334375 0.551562 0.0625 0.0875
0 0.240625 0.761719 0.0625 0.0859375
0 0.872656 0.327344 0.0609375 0.0953125
0 0.507031 0.196094 0.0640625 0.0796875
0 0.454688 0.723437 0.06875 0.096875
0 0.54375 0.247656 0.065625 0.0828125
0 0.203125 0.271094 0.059375 0.0765625
0 0.622656 0.661719 0.0640625 0.0796875
0 0.403125 0.18125 0.0625 0.071875
0 0.75 0.675 0.059375 0.09375
0 0.2875 0.310937 0.05625 0.08125
0 0.295312 0.788281 0.0625 0.0828125
0 0.3875 0.528125 0.065625 0.084375
0 0.341406 0.644531 0.0609375 0.0921875
0 0.683594 0.821875 0.0640625 0.090625
0 0.632031 0.353906 0.0703125 0.0859375
0 0.746094 0.778906 0.0703125 0.0859375
0 0.814062 0.740625 0.071875 0.0875
0 0.333594 0.353906 0.0640625 0.0734375
0 0.634375 0.485938 0.05625 0.09375
0 0.184375 0.353125 0.059375 0.078125
0 0.510938 0.592969 0.065625 0.107813
0 0.463281 0.626562 0.0640625 0.071875
0 0.453125 0.55625 0.075 0.09375
0 0.482031 0.861719 0.0609375 0.0921875
0 0.6875 0.435156 0.071875 0.0921875
0 0.510938 0.408594 0.0625 0.0828125
0 0.455469 0.2375 0.0609375 0.078125
0 0.683594 0.642187 0.0609375 0.078125
0 0.263281 0.226562 0.0578125 0.075
0 0.55625 0.325781 0.0625 0.104687
0 0.710156 0.229687 0.0640625 0.096875
0 0.405469 0.594531 0.0578125 0.0765625
0 0.129688 0.639844 0.0625 0.0953125
0 0.564844 0.7375 0.0640625 0.084375
0 0.321094 0.200781 0.0671875 0.0890625
0 0.917969 0.499219 0.0796875 0.0921875
0 0.203125 0.691406 0.0625 0.0859375
0 0.832031 0.255469 0.0703125 0.0921875
0 0.279687 0.476562 0.059375 0.084375
0 0.813281 0.354688 0.0734375 0.08125
0 0.401563 0.394531 0.065625 0.0859375
0 0.563281 0.524219 0.0671875 0.0828125
0 0.617969 0.829687 0.0703125 0.103125
0 0.610937 0.578906 0.071875 0.0984375
0 0.499219 0.482031 0.0640625 0.0859375
0 0.627344 0.739844 0.0734375 0.0890625
0 0.883594 0.578906 0.0765625 0.0953125
0 0.569531 0.644531 0.0640625 0.0953125
0 0.578906 0.44375 0.0734375 0.096875
0 0.683594 0.298438 0.0640625 0.090625
0 0.700781 0.724219 0.0734375 0.0796875
0 0.394531 0.771094 0.0671875 0.0984375
0 0.728125 0.502344 0.08125 0.0984375
0 0.60625 0.0984375 0.065625 0.084375
0 0.759375 0.444531 0.06875 0.0890625
0 0.433594 0.44375 0.0734375 0.0875
0 0.74375 0.592969 0.06875 0.104687
0 0.507031 0.697656 0.0671875 0.0890625
0 0.729688 0.357031 0.078125 0.0984375
0 0.495313 0.332031 0.065625 0.0765625
0 0.353906 0.253906 0.0765625 0.0921875
0 0.854688 0.669531 0.08125 0.101562
0 0.801562 0.173438 0.075 0.090625
0 0.35625 0.455469 0.071875 0.0984375
