0 0.203906 0.807031 0.0234375 0.0296875
0 0.2625 0.302344 0.021875 0.0359375
0 0.283594 0.8625 0.0265625 0.04375
0 0.752344 0.535156 0.0296875 0.0359375
0 0.392969 0.261719 0.0234375 0.0359375
0 0.297656 0.364844 0.0234375 0.0390625
0 0.449219 0.549219 0.0359375 0.0390625
0 0.248437 0.490625 0.028125 0.05
0 0.346094 0.260156 0.0328125 0.0453125
0 0.425 0.849219 0.034375 0.0453125
0 0.475 0.311719 0.028125 0.0296875
0 0.167969 0.510938 0.0328125 0.046875
0 0.33125 0.249219 0.025 0.0390625
0 0.46875 0.516406 0.034375 0.0484375
0 0.549219 0.435937 0.0328125 0.0375
0 0.425781 0.239063 0.0328125 0.040625
0 0.264062 0.479688 0.03125 0.046875
0 0.629687 0.439063 0.028125 0.040625
0 0.399219 0.739844 0.0328125 0.0421875
0 0.263281 0.395312 0.0296875 0.04375
0 0.413281 0.434375 0.0328125 0.046875
0 0.748438 0.575781 0.034375 0.0390625
0 0.250781 0.592188 0.0296875 0.040625
0 0.314844 0.733594 0.0328125 0.0453125
0 0.422656 0.8125 0.0359375 0.040625
0 0.414062 0.273438 0.03125 0.04375
0 0.660156 0.4125 0.0328125 0.040625
0 0.451562 0.635156 0.03125 0.0421875
0 0.319531 0.695312 0.0328125 0.0375
0 0.565625 0.360156 0.03125 0.0359375
0 0.342969 0.851562 0.0328125 0.0375
0 0.348437 0.375 0.034375 0.04375
0 0.283594 0.682031 0.0328125 0.0453125
0 0.470313 0.658594 0.03125 0.0484375
0 0.499219 0.372656 0.0328125 0.0390625
0 0.264844 0.432813 0.0328125 0.04375
0 0.485938 0.822656 0.034375 0.0453125
0 0.300781 0.610156 0.0328125 0.0484375
0 0.333594 0.535937 0.0296875 0.046875
0 0.329688 0.758594 0.034375 0.0421875
0 0.286719 0.642187 0.0328125 0.04375
0 0.250781 0.634375 0.0296875 0.046875
0 0.28125 0.314844 0.03125 0.0453125
0 0.810156 0.446875 0.0359375 0.04375
0 0.609375 0.596875 0.034375 0.040625
0 0.316406 0.383594 0.0359375 0.0421875
0 0.65625 0.534375 0.034375 0.040625
0 0.575 0.496094 0.034375 0.0421875
0 0.801562 0.483594 0.034375 0.0421875
0 0.289844 0.510938 0.0328125 0.04375
0 0.354688 0.208594 0.028125 0.0453125
0 0.477344 0.351562 0.0296875 0.04375
0 0.323438 0.446094 0.03125 0.0484375
0 0.221875 0.703125 0.028125 0.04375
0 0.345313 0.58125 0.0375 0.04375
0 0.335156 0.790625 0.0328125 0.040625
0 0.210156 0.735156 0.0296875 0.0421875
0 0.514063 0.795313 0.0375 0.05
0 0.454688 0.248437 0.034375 0.0375
0 0.334375 0.302344 0.03125 0.0390625
0 0.271094 0.600781 0.0265625 0.0453125
0 0.342969 0.714844 0.0296875 0.0484375
0 0.220313 0.784375 0.034375 0.0375
0 0.385156 0.371094 0.0296875 0.0421875
0 0.709375 0.432813 0.0375 0.046875
0 0.214062 0.595312 0.03125 0.046875
0 0.446094 0.278906 0.0296875 0.0390625
0 0.396875 0.563281 0.028125 0.0453125
0 0.526563 0.754687 0.0375 0.04375
0 0.446094 0.335938 0.0296875 0.04375
0 0.601562 0.638281 0.03125 0.0453125
0 0.320312 0.575781 0.028125 0.0421875
0 0.384375 0.6 0.028125 0.04375
0 0.253906 0.715625 0.0296875 0.04375
0 0.359375 0.635938 0.034375 0.046875
0 0.475781 0.471094 0.0328125 0.0421875
0 0.690625 0.689844 0.034375 0.0453125
0 0.219531 0.509375 0.0296875 0.04375
0 0.584375 0.678125 0.034375 0.046875
0 0.258594 0.672656 0.0296875 0.0453125
0 0.395312 0.819531 0.03125 0.0390625
0 0.278125 0.727344 0.03125 0.0421875
0 0.174219 0.64375 0.0296875 0.05
0 0.43125 0.765625 0.03125 0.04375
0 0.467969 0.432031 0.0328125 0.0453125
0 0.278906 0.808594 0.0328125 0.0484375
0 0.36875 0.716406 0.03125 0.0421875
0 0.2625 0.357812 0.034375 0.046875
0 0.758594 0.500781 0.0328125 0.0453125
0 0.190625 0.483594 0.034375 0.0484375
0 0.486719 0.771875 0.0328125 0.040625
0 0.714844 0.646875 0.0359375 0.046875
0 0.625781 0.766406 0.0359375 0.0421875
0 0.307031 0.660156 0.0328125 0.0453125
0 0.658594 0.572656 0.0328125 0.0453125
0 0.408594 0.353125 0.0328125 0.04375
0 0.257031 0.842188 0.0296875 0.05
0 0.383594 0.291406 0.0328125 0.0453125
0 0.153906 0.567187 0.0296875 0.046875
0 0.496094 0.6875 0.0328125 0.046875
0 0.195312 0.765625 0.03125 0.04375
0 0.307813 0.780469 0.03125 0.0453125
0 0.435156 0.721094 0.0328125 0.0421875
0 0.66875 0.496094 0.034375 0.0453125
0 0.334375 0.666406 0.03125 0.0453125
0 0.371094 0.675 0.0328125 0.040625
0 0.558594 0.391406 0.0328125 0.0453125
0 0.373437 0.421094 0.03125 0.0484375
0 0.657812 0.721094 0.0375 0.0421875
0 0.177344 0.592969 0.0328125 0.0453125
0 0.442969 0.414844 0.0328125 0.0421875
0 0.396094 0.639063 0.0296875 0.04375
0 0.480469 0.571094 0.0328125 0.0390625
0 0.428906 0.578125 0.0328125 0.040625
0 0.422656 0.658594 0.0359375 0.0453125
0 0.346875 0.425781 0.03125 0.0453125
0 0.504687 0.332812 0.03125 0.04375
0 0.627344 0.721875 0.0328125 0.046875
0 0.457031 0.792188 0.0328125 0.04375
0 0.25 0.792188 0.03125 0.04375
0 0.728125 0.514844 0.03125 0.0421875
0 0.666406 0.452344 0.0328125 0.0421875
0 0.197656 0.679688 0.0328125 0.04375
0 0.407813 0.394531 0.03125 0.0453125
0 0.446875 0.679688 0.03125 0.04375
0 0.632031 0.567969 0.0328125 0.0421875
0 0.532812 0.623438 0.034375 0.04375
0 0.583594 0.763281 0.0328125 0.0453125
0 0.533594 0.474219 0.0328125 0.0421875
0 0.389062 0.217969 0.03125 0.0453125
0 0.329688 0.613281 0.03125 0.0421875
0 0.196875 0.622656 0.03125 0.0390625
0 0.253125 0.533594 0.03125 0.0453125
0 0.497656 0.415625 0.0328125 0.04375
0 0.583594 0.567187 0.0359375 0.04375
0 0.734375 0.470313 0.034375 0.0375
0 0.50625 0.453906 0.03125 0.0421875
0 0.59375 0.721094 0.03125 0.0453125
0 0.528906 0.350781 0.0359375 0.0421875
0 0.559375 0.744531 0.03125 0.0421875
0 0.367969 0.757812 0.0296875 0.04375
0 0.30625 0.415625 0.03125 0.04375
0 0.554688 0.580469 0.028125 0.0453125
0 0.429688 0.3125 0.03125 0.04375
0 0.455469 0.747656 0.0328125 0.0453125
0 0.633594 0.640625 0.0328125 0.04375
0 0.404687 0.696094 0.03125 0.0421875
0 0.336719 0.34375 0.0296875 0.04375
0 0.669531 0.65625 0.0328125 0.04375
0 0.774219 0.44375 0.0328125 0.046875
0 0.278906 0.557813 0.0328125 0.040625
0 0.182812 0.552344 0.034375 0.0421875
0 0.471875 0.705469 0.03125 0.0421875
0 0.455469 0.599219 0.0328125 0.0421875
0 0.783594 0.590625 0.0359375 0.04375
0 0.377344 0.850781 0.0328125 0.0421875
0 0.3625 0.507031 0.03125 0.0453125
0 0.245312 0.755469 0.03125 0.0453125
0 0.548437 0.78125 0.03125 0.040625
0 0.497656 0.732031 0.0328125 0.0453125
0 0.503906 0.634375 0.0296875 0.040625
0 0.6 0.532812 0.03125 0.046875
0 0.483594 0.616406 0.0328125 0.0421875
0 0.316406 0.278125 0.0296875 0.04375
0 0.421094 0.615625 0.0328125 0.04375
0 0.46875 0.391406 0.03125 0.0453125
0 0.615625 0.676562 0.03125 0.04375
0 0.659375 0.617969 0.03125 0.0453125
0 0.530469 0.66875 0.0328125 0.04375
0 0.721875 0.553125 0.034375 0.040625
0 0.628125 0.516406 0.03125 0.0421875
0 0.714063 0.594531 0.03125 0.0453125
0 0.389844 0.332812 0.0296875 0.04375
0 0.354688 0.467969 0.03125 0.0453125
0 0.627344 0.392188 0.0328125 0.046875
0 0.371875 0.549219 0.03125 0.0421875
0 0.529688 0.55625 0.03125 0.040625
0 0.746875 0.428906 0.034375 0.0484375
0 0.560938 0.64375 0.034375 0.04375
0 0.289844 0.458594 0.0296875 0.0421875
0 0.317187 0.494531 0.03125 0.0421875
0 0.278906 0.767969 0.0296875 0.0421875
0 0.582812 0.409375 0.03125 0.040625
0 0.65 0.68125 0.034375 0.04375
0 0.790625 0.521875 0.03125 0.04375
0 0.307813 0.538281 0.03125 0.0453125
0 0.392188 0.780469 0.034375 0.0484375
0 0.41875 0.536719 0.03125 0.0421875
0 0.392969 0.517969 0.0296875 0.0421875
0 0.602344 0.442187 0.0328125 0.040625
0 0.529688 0.70625 0.03125 0.040625
0 0.577344 0.605469 0.0328125 0.0421875
0 0.439844 0.371875 0.0328125 0.04375
0 0.560938 0.707031 0.034375 0.0484375
0 0.744531 0.621875 0.0390625 0.05
0 0.217187 0.552344 0.03125 0.0453125
0 0.572656 0.455469 0.0328125 0.0453125
0 0.642187 0.478906 0.03125 0.0421875
0 0.454688 0.835938 0.03125 0.040625
0 0.496875 0.532812 0.034375 0.040625
0 0.535156 0.515625 0.0328125 0.04375
0 0.603125 0.485938 0.034375 0.04375
0 0.703125 0.484375 0.034375 0.046875
0 0.515625 0.592969 0.03125 0.0453125
0 0.504687 0.492188 0.034375 0.04375
0 0.167187 0.686719 0.03125 0.0421875
0 0.567187 0.536719 0.03125 0.0453125
0 0.689844 0.617969 0.0328125 0.0453125
0 0.228906 0.644531 0.0328125 0.0453125
0 0.355469 0.322656 0.0328125 0.0453125
0 0.69375 0.524219 0.034375 0.0421875
0 0.592969 0.374219 0.0328125 0.0453125
0 0.367188 0.813281 0.03125 0.0453125
0 0.528125 0.396875 0.028125 0.04375
0 0.315625 0.822656 0.0375 0.0421875
