0 0.210938 0.722656 0.05 0.0546875
0 0.210938 0.752344 0.053125 0.0484375
0 0.7125 0.729688 0.0375 0.040625
0 0.623438 0.277344 0.053125 0.0734375
0 0.35 0.546875 0.046875 0.05625
0 0.1375 0.671875 0.05 0.053125
0 0.309375 0.417969 0.04375 0.0421875
0 0.5 0.411719 0.046875 0.0671875
0 0.223438 0.371094 0.046875 0.0671875
0 0.665625 0.610156 0.040625 0.0515625
0 0.651563 0.335938 0.046875 0.065625
0 0.401563 0.24375 0.053125 0.08125
0 0.386719 0.514063 0.0453125 0.0625
0 0.189063 0.653906 0.046875 0.0546875
0 0.4375 0.623438 0.046875 0.059375
0 0.140625 0.496094 0.05625 0.0578125
0 0.275781 0.701563 0.0453125 0.0375
0 0.166406 0.536719 0.0515625 0.0578125
0 0.35 0.2875 0.05625 0.06875
0 0.908594 0.552344 0.0546875 0.0546875
0 0.385156 0.713281 0.0484375 0.0578125
0 0.720312 0.416406 0.046875 0.0640625
0 0.332812 0.395312 0.053125 0.06875
0 0.414844 0.402344 0.0546875 0.0578125
0 0.835156 0.549219 0.0484375 0.0515625
0 0.722656 0.510156 0.0484375 0.0609375
0 0.508594 0.180469 0.0515625 0.0859375
0 0.523438 0.264062 0.05625 0.0625
0 0.6875 0.272656 0.053125 0.0671875
0 0.371875 0.461719 0.05 0.0546875
0 0.382031 0.346094 0.0484375 0.0671875
0 0.601562 0.589063 0.05 0.059375
0 0.697656 0.577344 0.0421875 0.0515625
0 0.710156 0.35 0.0546875 0.06875
0 0.846875 0.4375 0.046875 0.065625
0 0.777344 0.527344 0.0484375 0.0578125
0 0.49375 0.739062 0.046875 0.0625
0 0.605469 0.685156 0.0484375 0.0515625
0 0.814062 0.478906 0.046875 0.0609375
0 0.449219 0.366406 0.0515625 0.0703125
0 0.316406 0.597656 0.0484375 0.0546875
0 0.257031 0.4375 0.0578125 0.065625
0 0.597656 0.328906 0.0453125 0.0609375
0 0.232812 0.546094 0.053125 0.0640625
0 0.764063 0.471094 0.046875 0.0609375
0 0.534375 0.742188 0.040625 0.05625
0 0.815625 0.625781 0.04375 0.0546875
0 0.666406 0.40625 0.0453125 0.065625
0 0.750781 0.583594 0.0453125 0.0546875
0 0.7625 0.354688 0.04375 0.065625
0 0.578906 0.735937 0.0453125 0.059375
0 0.245312 0.652344 0.046875 0.0546875
0 0.271094 0.491406 0.0578125 0.0671875
0 0.867969 0.592969 0.0484375 0.0578125
0 0.217187 0.603125 0.053125 0.059375
0 0.55 0.333594 0.05 0.0640625
0 0.860156 0.657031 0.0484375 0.0609375
0 0.175 0.432813 0.053125 0.065625
0 0.803906 0.592969 0.0484375 0.0578125
0 0.307813 0.316406 0.05 0.0765625
0 0.611719 0.199219 0.0546875 0.0765625
0 0.344531 0.650781 0.0515625 0.0578125
0 0.338281 0.490625 0.0515625 0.065625
0 0.599219 0.397656 0.0546875 0.0640625
0 0.148438 0.622656 0.05625 0.0640625
0 0.434375 0.301562 0.05 0.06875
0 0.8125 0.407031 0.05 0.0640625
0 0.492188 0.315625 0.053125 0.075
0 0.301562 0.780469 0.05 0.0578125
0 0.404687 0.761719 0.04375 0.0484375
0 0.252344 0.317969 0.0578125 0.0703125
0 0.66875 0.716406 0.0375 0.0515625
0 0.78125 0.642969 0.040625 0.0546875
0 0.453125 0.745313 0.04375 0.053125
0 0.582031 0.627344 0.0421875 0.0453125
0 0.280469 0.367969 0.0546875 0.0671875
0 0.395312 0.578125 0.046875 0.065625
0 0.646875 0.667188 0.040625 0.053125
0 0.770312 0.415625 0.046875 0.0625
0 0.421094 0.689062 0.0453125 0.059375
0 0.558594 0.2 0.0546875 0.06875
0 0.300781 0.542969 0.0515625 0.0609375
0 0.542188 0.628906 0.046875 0.0578125
0 0.442187 0.551562 0.046875 0.0625
0 0.696094 0.673437 0.0453125 0.053125
0 0.860156 0.50625 0.0484375 0.0625
0 0.657031 0.576563 0.0421875 0.05625
0 0.210938 0.470313 0.053125 0.06875
0 0.266406 0.597656 0.0515625 0.0609375
0 0.448438 0.239063 0.0625 0.075
0 0.555469 0.425 0.0546875 0.065625
0 0.546094 0.565625 0.0421875 0.05625
0 0.169531 0.719531 0.0484375 0.0546875
0 0.678906 0.520312 0.0484375 0.059375
0 0.385938 0.65625 0.053125 0.065625
0 0.628906 0.544531 0.0515625 0.0609375
0 0.464844 0.68125 0.0453125 0.05625
0 0.294531 0.653906 0.0453125 0.0546875
0 0.519531 0.665625 0.0453125 0.05625
0 0.357812 0.766406 0.04375 0.0578125
0 0.628906 0.621094 0.0453125 0.0546875
0 0.709375 0.473437 0.05 0.0625
0 0.58125 0.516406 0.046875 0.0546875
0 0.574219 0.269531 0.0515625 0.0640625
0 0.63125 0.717969 0.040625 0.0515625
0 0.724219 0.629687 0.0453125 0.05625
0 0.560156 0.679688 0.0453125 0.059375
0 0.490625 0.601562 0.040625 0.05
0 0.432813 0.475781 0.04375 0.0578125
0 0.492188 0.553906 0.05 0.0640625
0 0.533594 0.500781 0.0453125 0.0609375
0 0.74375 0.678906 0.04375 0.0515625
0 0.657812 0.475 0.053125 0.0625
0 0.484375 0.4875 0.04375 0.059375
0 0.617188 0.465625 0.053125 0.06875
0 0.320312 0.709375 0.046875 0.0625
0 0.457812 0.435156 0.046875 0.0640625
0 0.266406 0.748438 0.0421875 0.05625
