0 0.886719 0.567969 0.0296875 0.0453125
0 0.871094 0.565625 0.0609375 0.05
0 0.549219 0.423438 0.0453125 0.059375
0 0.296094 0.682813 0.0296875 0.040625
0 0.597656 0.474219 0.0453125 0.0578125
0 0.611719 0.661719 0.0421875 0.0421875
0 0.149219 0.473437 0.0296875 0.05
0 0.810938 0.722656 0.0375 0.0484375
0 0.560156 0.497656 0.0453125 0.0609375
0 0.764063 0.5625 0.04375 0.0375
0 0.775 0.724219 0.05 0.0578125
0 0.3625 0.485156 0.0375 0.0515625
0 0.339063 0.689062 0.04375 0.059375
0 0.196875 0.6875 0.046875 0.046875
0 0.271875 0.561719 0.04375 0.0578125
0 0.711719 0.721875 0.0421875 0.059375
0 0.560938 0.371094 0.046875 0.0640625
0 0.749219 0.517969 0.0453125 0.0578125
0 0.454688 0.353125 0.0375 0.05625
0 0.714063 0.623438 0.040625 0.046875
0 0.117969 0.309375 0.0296875 0.053125
0 0.328125 0.375781 0.046875 0.0609375
0 0.535156 0.540625 0.0390625 0.059375
0 0.135937 0.553125 0.04375 0.0625
0 0.352344 0.204688 0.0484375 0.065625
0 0.789062 0.664844 0.04375 0.0578125
0 0.251563 0.678906 0.040625 0.0546875
0 0.277344 0.753125 0.0453125 0.0625
0 0.473437 0.396875 0.046875 0.0625
0 0.160938 0.621875 0.040625 0.05625
0 0.801562 0.578906 0.040625 0.0453125
0 0.684375 0.410156 0.04375 0.0546875
0 0.653125 0.516406 0.04375 0.0546875
0 0.410156 0.384375 0.0484375 0.0625
0 0.889844 0.626562 0.0421875 0.05625
0 0.339063 0.539844 0.0375 0.0578125
0 0.397656 0.432813 0.0421875 0.0625
0 0.235156 0.472656 0.0421875 0.0578125
0 0.319531 0.730469 0.0359375 0.0546875
0 0.421094 0.31875 0.0359375 0.0625
0 0.532812 0.648438 0.04375 0.05625
0 0.690625 0.466406 0.04375 0.0546875
0 0.771094 0.610156 0.0453125 0.0609375
0 0.177344 0.477344 0.0390625 0.0546875
0 0.845312 0.642969 0.04375 0.0546875
0 0.746094 0.660156 0.0453125 0.0609375
0 0.848437 0.678906 0.040625 0.0484375
0 0.552344 0.308594 0.0484375 0.0609375
0 0.455469 0.499219 0.0453125 0.0609375
0 0.396875 0.620313 0.040625 0.05625
0 0.207813 0.429688 0.04375 0.053125
0 0.797656 0.528125 0.0390625 0.059375
0 0.420312 0.241406 0.05 0.0640625
0 0.439844 0.602344 0.0453125 0.0609375
0 0.697656 0.65625 0.0421875 0.046875
0 0.608594 0.611719 0.0453125 0.0484375
0 0.632031 0.38125 0.0421875 0.059375
0 0.271094 0.329688 0.0421875 0.059375
0 0.289062 0.205469 0.04375 0.0578125
0 0.782812 0.477344 0.040625 0.0546875
0 0.601562 0.420312 0.046875 0.0625
0 0.684375 0.510938 0.0375 0.059375
0 0.13125 0.376563 0.0375 0.05625
0 0.167969 0.275781 0.0453125 0.0609375
0 0.607031 0.725781 0.0484375 0.0578125
0 0.522656 0.382031 0.0421875 0.0609375
0 0.730469 0.442969 0.0421875 0.0546875
0 0.510938 0.289062 0.046875 0.065625
0 0.45625 0.300781 0.046875 0.0609375
0 0.440625 0.445312 0.046875 0.059375
0 0.371094 0.3375 0.0453125 0.065625
0 0.282813 0.390625 0.04375 0.0625
0 0.144531 0.329688 0.0421875 0.059375
0 0.458594 0.729688 0.0421875 0.053125
0 0.39375 0.680469 0.040625 0.0578125
0 0.495313 0.558594 0.040625 0.0578125
0 0.291406 0.267969 0.0484375 0.0640625
0 0.666406 0.679688 0.0421875 0.046875
0 0.292969 0.64375 0.0453125 0.05625
0 0.842188 0.492969 0.040625 0.0546875
0 0.432031 0.667188 0.0421875 0.053125
0 0.334375 0.60625 0.04375 0.059375
0 0.417969 0.535156 0.0421875 0.0578125
0 0.269531 0.505469 0.0421875 0.0578125
0 0.355469 0.724219 0.0453125 0.0578125
0 0.667188 0.721875 0.040625 0.05625
0 0.121094 0.604688 0.0421875 0.05625
0 0.240625 0.41875 0.040625 0.05625
0 0.646094 0.607813 0.0390625 0.053125
0 0.230469 0.567187 0.0421875 0.05
0 0.214062 0.346094 0.046875 0.0578125
0 0.370313 0.580469 0.046875 0.0578125
0 0.220313 0.289062 0.046875 0.059375
0 0.31875 0.503906 0.04375 0.0609375
0 0.633594 0.447656 0.0421875 0.0609375
0 0.64375 0.566406 0.04375 0.0515625
0 0.484375 0.34375 0.046875 0.0625
0 0.723437 0.380469 0.046875 0.0609375
0 0.316406 0.5625 0.0390625 0.05625
0 0.482812 0.65625 0.04375 0.05625
0 0.507031 0.432031 0.0453125 0.0578125
0 0.49375 0.500781 0.040625 0.0578125
0 0.454688 0.546094 0.04375 0.0578125
0 0.717188 0.55625 0.04375 0.05625
0 0.320312 0.324219 0.046875 0.0640625
0 0.570312 0.632031 0.040625 0.0453125
0 0.620313 0.328125 0.046875 0.0625
0 0.34375 0.432031 0.04375 0.0578125
0 0.403125 0.492969 0.040625 0.0546875
0 0.24375 0.725 0.040625 0.053125
0 0.21875 0.611719 0.04375 0.0578125
0 0.18125 0.526563 0.04375 0.05625
0 0.604688 0.535937 0.040625 0.059375
0 0.53125 0.596094 0.04375 0.0609375
0 0.557031 0.678906 0.0421875 0.0546875
0 0.144531 0.41875 0.0421875 0.05625
0 0.417969 0.721094 0.0421875 0.0609375
0 0.49375 0.607031 0.04375 0.0546875
0 0.58125 0.586719 0.040625 0.0578125
0 0.33125 0.260156 0.04375 0.0640625
0 0.257812 0.608594 0.04375 0.0640625
