0 0.397656 0.348437 0.0859375 0.11875
0 0.128125 0.675 0.08125 0.11875
0 0.575781 0.811719 0.0796875 0.0953125
0 0.663281 0.653906 0.0828125 0.0953125
0 0.200781 0.608594 0.0921875 0.110937
0 0.632812 0.765625 0.084375 0.1
0 0.644531 0.500781 0.0890625 0.110937
0 0.373437 0.664062 0.078125 0.1
0 0.429688 0.782031 0.090625 0.114063
0 0.523438 0.571875 0.096875 0.115625
0 0.686719 0.8125 0.0796875 0.096875
0 0.535156 0.670313 0.0921875 0.109375
0 0.504687 0.792969 0.08125 0.117188
0 0.289844 0.696875 0.0921875 0.1
0 0.285156 0.5625 0.0765625 0.096875
0 0.233594 0.358594 0.0828125 0.104687
0 0.758594 0.734375 0.0859375 0.121875
0 0.664062 0.307813 0.084375 0.103125
0 0.449219 0.184375 0.0828125 0.115625
0 0.460938 0.517969 0.084375 0.110937
0 0.464063 0.30625 0.078125 0.103125
0 0.796094 0.534375 0.0796875 0.109375
0 0.389062 0.457031 0.08125 0.104687
0 0.720312 0.446094 0.08125 0.107813
0 0.795313 0.429688 0.08125 0.115625
0 0.165625 0.778906 0.0875 0.107813
0 0.482812 0.420312 0.0875 0.11875
0 0.163281 0.425 0.0859375 0.109375
0 0.258594 0.783594 0.0921875 0.117188
0 0.457812 0.642969 0.08125 0.110937
0 0.138281 0.525781 0.0859375 0.107813
0 0.75625 0.620313 0.084375 0.115625
0 0.60625 0.232812 0.08125 0.11875
0 0.358594 0.571094 0.0859375 0.120312
0 0.313281 0.364062 0.0890625 0.109375
0 0.541406 0.3125 0.0796875 0.10625
0 0.598437 0.384375 0.08125 0.115625
0 0.342187 0.783594 0.084375 0.110937
0 0.595312 0.582031 0.078125 0.114063
0 0.395312 0.255469 0.084375 0.107813
0 0.532031 0.194531 0.0828125 0.120312
0 0.221875 0.496094 0.096875 0.123438
0 0.548437 0.469531 0.08125 0.110937
0 0.310156 0.471094 0.0859375 0.110937
0 0.721875 0.345313 0.090625 0.11875
