0 0.852344 0.498437 0.0515625 0.075
0 0.45 0.779688 0.071875 0.08125
0 0.474219 0.4 0.0609375 0.08125
0 0.775781 0.7875 0.0546875 0.0875
0 0.349219 0.603125 0.0703125 0.075
0 0.742188 0.367969 0.071875 0.0796875
0 0.574219 0.74375 0.0640625 0.084375
0 0.375 0.299219 0.0625 0.0984375
0 0.624219 0.690625 0.0609375 0.090625
0 0.83125 0.575781 0.059375 0.0640625
0 0.228906 0.444531 0.0703125 0.0921875
0 0.579687 0.816406 0.059375 0.0828125
0 0.723437 0.285156 0.06875 0.0828125
0 0.246094 0.760938 0.0640625 0.08125
0 0.548437 0.253906 0.065625 0.0953125
0 0.770312 0.597656 0.05625 0.0765625
0 0.696094 0.678906 0.0734375 0.0953125
0 0.0976562 0.546875 0.0796875 0.1125
0 0.655469 0.6 0.0703125 0.096875
0 0.310156 0.7875 0.0734375 0.08125
0 0.510938 0.470313 0.065625 0.0875
0 0.7375 0.515625 0.06875 0.08125
0 0.491406 0.629687 0.0671875 0.08125
0 0.716406 0.598437 0.0703125 0.084375
0 0.684375 0.238281 0.065625 0.0890625
0 0.809375 0.657812 0.059375 0.078125
0 0.284375 0.598437 0.065625 0.084375
0 0.786719 0.439063 0.0640625 0.0875
0 0.660156 0.521875 0.0671875 0.071875
0 0.753125 0.703906 0.065625 0.0765625
0 0.707812 0.448438 0.071875 0.090625
0 0.811719 0.353125 0.0671875 0.075
0 0.439063 0.471875 0.075 0.09375
0 0.310937 0.335938 0.065625 0.096875
0 0.223438 0.546875 0.0625 0.1
0 0.219531 0.674219 0.0734375 0.0796875
0 0.55625 0.383594 0.075 0.0921875
0 0.373437 0.432031 0.065625 0.104687
0 0.509375 0.338281 0.06875 0.0859375
0 0.632031 0.778906 0.0640625 0.0703125
0 0.507812 0.717969 0.071875 0.104687
0 0.832031 0.722656 0.0609375 0.0765625
0 0.385938 0.778125 0.06875 0.09375
0 0.384375 0.525 0.071875 0.0875
0 0.414844 0.351562 0.0734375 0.084375
0 0.564844 0.652344 0.0734375 0.0953125
0 0.138281 0.644531 0.0703125 0.0921875
0 0.84375 0.421094 0.065625 0.101562
0 0.807031 0.523438 0.0671875 0.084375
0 0.38125 0.682813 0.075 0.10625
0 0.474219 0.546094 0.0671875 0.101562
0 0.534375 0.555469 0.071875 0.0890625
0 0.674219 0.358594 0.0734375 0.0953125
0 0.69375 0.753906 0.065625 0.0953125
0 0.519531 0.795313 0.0703125 0.09375
0 0.453906 0.282813 0.0765625 0.084375
0 0.308594 0.429688 0.0734375 0.096875
0 0.871875 0.653906 0.071875 0.0765625
0 0.596875 0.31875 0.071875 0.096875
0 0.497656 0.210938 0.0734375 0.090625
0 0.603906 0.555469 0.0734375 0.0921875
0 0.61875 0.220313 0.075 0.096875
0 0.445312 0.69375 0.071875 0.10625
0 0.421875 0.607031 0.075 0.101562
0 0.308594 0.521094 0.0734375 0.0921875
0 0.570312 0.471094 0.071875 0.0984375
0 0.644531 0.442969 0.0796875 0.0984375
0 0.310156 0.680469 0.0703125 0.101562
