0 0.374219 0.779688 0.0640625 0.075
0 0.725781 0.725781 0.0484375 0.0890625
0 0.222656 0.517969 0.0546875 0.0515625
0 0.172656 0.269531 0.0546875 0.0734375
0 0.85625 0.617188 0.05 0.078125
0 0.382812 0.870313 0.05625 0.075
0 0.423438 0.702344 0.059375 0.0796875
0 0.690625 0.210156 0.046875 0.0734375
0 0.841406 0.297656 0.0484375 0.0671875
0 0.783594 0.441406 0.0453125 0.0703125
0 0.575781 0.335938 0.0484375 0.06875
0 0.744531 0.369531 0.0546875 0.0578125
0 0.146094 0.517187 0.0609375 0.08125
0 0.194531 0.461719 0.0515625 0.0796875
0 0.297656 0.339844 0.0578125 0.0640625
0 0.425 0.353125 0.053125 0.075
0 0.61875 0.700781 0.0625 0.0734375
0 0.375781 0.535156 0.0484375 0.0828125
0 0.233594 0.682031 0.0515625 0.0796875
0 0.455469 0.903906 0.0484375 0.0703125
0 0.594531 0.772656 0.0453125 0.0609375
0 0.365625 0.390625 0.059375 0.0625
0 0.279687 0.267188 0.059375 0.0625
0 0.879687 0.407813 0.053125 0.08125
0 0.21875 0.23125 0.053125 0.075
0 0.330469 0.488281 0.0515625 0.0796875
0 0.352344 0.30625 0.0546875 0.071875
0 0.55625 0.401563 0.053125 0.06875
0 0.5625 0.501562 0.05 0.0625
0 0.667969 0.485938 0.0546875 0.065625
0 0.135156 0.439844 0.0546875 0.0703125
0 0.385938 0.451562 0.05625 0.059375
0 0.816406 0.363281 0.0546875 0.0578125
0 0.310156 0.564844 0.0609375 0.0765625
0 0.5 0.641406 0.05 0.0765625
0 0.75 0.317969 0.053125 0.0578125
0 0.559375 0.832812 0.05625 0.071875
0 0.55 0.65625 0.053125 0.05625
0 0.257812 0.428906 0.05 0.0703125
0 0.513281 0.33125 0.0640625 0.05625
0 0.161719 0.363281 0.0578125 0.0671875
0 0.386719 0.263281 0.0578125 0.0671875
0 0.478906 0.380469 0.0515625 0.0734375
0 0.815625 0.652344 0.046875 0.0734375
0 0.734375 0.551562 0.05 0.059375
0 0.538281 0.725 0.0484375 0.078125
0 0.44375 0.238281 0.05 0.0828125
0 0.739062 0.226562 0.053125 0.075
0 0.510938 0.442187 0.059375 0.0625
0 0.3 0.74375 0.05625 0.084375
0 0.623438 0.25625 0.059375 0.071875
0 0.204688 0.605469 0.05625 0.0703125
0 0.4875 0.719531 0.05 0.0703125
0 0.520312 0.907031 0.059375 0.0734375
0 0.30625 0.405469 0.05 0.0734375
0 0.264062 0.597656 0.05625 0.0734375
0 0.795313 0.25625 0.046875 0.06875
0 0.689062 0.299219 0.046875 0.0703125
0 0.882031 0.499219 0.0578125 0.0796875
0 0.432031 0.527344 0.0640625 0.0640625
0 0.454688 0.4625 0.053125 0.053125
0 0.73125 0.64375 0.05625 0.06875
0 0.348437 0.71875 0.059375 0.084375
0 0.642969 0.545313 0.0484375 0.075
0 0.280469 0.494531 0.0578125 0.0640625
0 0.220313 0.360938 0.046875 0.06875
0 0.6375 0.358594 0.059375 0.0734375
0 0.379687 0.645312 0.053125 0.090625
0 0.69375 0.567187 0.05625 0.06875
0 0.503906 0.267188 0.0515625 0.071875
0 0.811719 0.525 0.0609375 0.06875
0 0.692187 0.392969 0.05625 0.0921875
0 0.739844 0.479688 0.0578125 0.065625
0 0.632812 0.447656 0.059375 0.0765625
0 0.442969 0.820312 0.0609375 0.078125
0 0.653906 0.782031 0.0578125 0.0765625
0 0.535937 0.571875 0.046875 0.075
0 0.507031 0.803906 0.0609375 0.0828125
0 0.482812 0.51875 0.05 0.06875
0 0.609375 0.610156 0.0625 0.0921875
0 0.555469 0.2625 0.0546875 0.078125
0 0.442969 0.600781 0.0671875 0.0734375
0 0.291406 0.857031 0.0703125 0.0859375
0 0.669531 0.644531 0.0609375 0.0703125
0 0.308594 0.646875 0.0671875 0.078125
