0 0.788281 0.436719 0.0515625 0.0828125
0 0.548437 0.84375 0.05625 0.090625
0 0.528906 0.765625 0.0578125 0.0875
0 0.544531 0.402344 0.0671875 0.0828125
0 0.575781 0.703125 0.0609375 0.08125
0 0.703906 0.438281 0.0609375 0.0890625
0 0.653125 0.48125 0.059375 0.06875
0 0.68125 0.617969 0.05 0.0796875
0 0.690625 0.672656 0.05625 0.0703125
0 0.7375 0.570312 0.05 0.075
0 0.744531 0.64375 0.0484375 0.078125
0 0.346875 0.616406 0.078125 0.0796875
0 0.198437 0.75 0.075 0.09375
0 0.661719 0.392969 0.0640625 0.0890625
0 0.435156 0.824219 0.0671875 0.0859375
0 0.689062 0.539062 0.053125 0.08125
0 0.796094 0.505469 0.0484375 0.0703125
0 0.646094 0.728906 0.0578125 0.0796875
0 0.33125 0.539062 0.071875 0.0875
0 0.546094 0.492188 0.0671875 0.090625
0 0.638281 0.566406 0.0546875 0.0984375
0 0.591406 0.538281 0.0515625 0.0921875
0 0.753125 0.380469 0.05625 0.0984375
0 0.135156 0.685156 0.0734375 0.101562
0 0.270312 0.75 0.075 0.0875
0 0.278906 0.288281 0.0765625 0.0890625
0 0.778125 0.583594 0.05 0.0703125
0 0.600781 0.780469 0.0609375 0.0859375
0 0.482031 0.853125 0.0609375 0.103125
0 0.251563 0.483594 0.071875 0.0953125
0 0.471094 0.740625 0.0640625 0.0875
0 0.452344 0.364062 0.0703125 0.096875
0 0.188281 0.546875 0.0765625 0.084375
0 0.470313 0.639063 0.0625 0.0875
0 0.605469 0.441406 0.0609375 0.0953125
0 0.509375 0.307031 0.06875 0.110937
0 0.667188 0.290625 0.059375 0.0875
0 0.339844 0.786719 0.0671875 0.0921875
0 0.416406 0.465625 0.0609375 0.09375
0 0.183594 0.452344 0.0703125 0.0890625
0 0.285937 0.675781 0.075 0.0859375
0 0.575 0.622656 0.059375 0.0953125
0 0.267188 0.591406 0.078125 0.0890625
0 0.532812 0.578125 0.075 0.090625
0 0.578125 0.322656 0.065625 0.0796875
0 0.210938 0.360156 0.075 0.0984375
0 0.530469 0.66875 0.0546875 0.1
0 0.342969 0.339063 0.0734375 0.09375
0 0.489844 0.448438 0.0703125 0.090625
0 0.407813 0.751562 0.071875 0.078125
0 0.359375 0.445312 0.075 0.1125
0 0.210156 0.639063 0.0734375 0.096875
0 0.345313 0.233594 0.078125 0.114063
0 0.342969 0.713281 0.0796875 0.0921875
0 0.71875 0.304688 0.059375 0.1
0 0.471094 0.542188 0.0671875 0.10625
0 0.607813 0.246875 0.06875 0.08125
0 0.279687 0.392188 0.084375 0.1125
0 0.632031 0.657812 0.0640625 0.084375
0 0.107031 0.51875 0.0765625 0.103125
0 0.408594 0.66875 0.0671875 0.10625
0 0.405469 0.298438 0.0796875 0.103125
0 0.749219 0.496094 0.0546875 0.0859375
0 0.41875 0.569531 0.071875 0.0984375
0 0.122656 0.619531 0.0859375 0.110937
