0 0.23125 0.294531 0.0375 0.0515625
0 0.226562 0.375 0.05 0.071875
0 0.403125 0.228125 0.059375 0.090625
0 0.357812 0.215625 0.046875 0.078125
0 0.553125 0.464063 0.06875 0.08125
0 0.280469 0.30625 0.0484375 0.075
0 0.1 0.3375 0.040625 0.084375
0 0.227344 0.452344 0.0546875 0.0921875
0 0.179688 0.389844 0.053125 0.101562
0 0.203125 0.539844 0.05625 0.0859375
0 0.273438 0.378125 0.06875 0.0875
0 0.696875 0.423438 0.06875 0.103125
0 0.153125 0.5 0.059375 0.084375
0 0.142188 0.330469 0.053125 0.0828125
0 0.325 0.310156 0.0625 0.0796875
0 0.121094 0.41875 0.0484375 0.0875
0 0.599219 0.673437 0.0609375 0.103125
0 0.375781 0.460156 0.0640625 0.114063
0 0.697656 0.527344 0.0671875 0.104687
0 0.386719 0.34375 0.0703125 0.1
0 0.790625 0.782031 0.078125 0.0890625
0 0.654688 0.602344 0.075 0.107813
0 0.524219 0.554688 0.0609375 0.096875
0 0.188281 0.279687 0.0609375 0.078125
0 0.363281 0.585938 0.0640625 0.090625
0 0.407031 0.757031 0.0703125 0.101562
0 0.535937 0.835156 0.065625 0.0890625
0 0.582031 0.3875 0.0640625 0.1
0 0.46875 0.700781 0.0625 0.0921875
0 0.334375 0.398438 0.065625 0.090625
0 0.475781 0.789844 0.0640625 0.0984375
0 0.4625 0.295312 0.0625 0.096875
0 0.802344 0.564844 0.0734375 0.114063
0 0.289062 0.215625 0.065625 0.084375
0 0.48125 0.475781 0.06875 0.0796875
0 0.546875 0.280469 0.078125 0.0953125
0 0.483594 0.1125 0.0703125 0.0875
0 0.740625 0.720312 0.08125 0.1
0 0.660156 0.699219 0.0703125 0.0984375
0 0.639844 0.33125 0.0765625 0.090625
0 0.590625 0.560156 0.06875 0.0890625
0 0.7125 0.254687 0.06875 0.090625
0 0.758594 0.351562 0.0765625 0.09375
0 0.292969 0.604688 0.0734375 0.1
0 0.764844 0.469531 0.0734375 0.0953125
0 0.307813 0.524219 0.059375 0.101562
0 0.405469 0.669531 0.0640625 0.101562
0 0.805469 0.678906 0.0734375 0.110937
0 0.467187 0.605469 0.071875 0.0984375
0 0.471875 0.203906 0.075 0.0953125
0 0.544531 0.745313 0.0734375 0.096875
0 0.739844 0.614062 0.0765625 0.096875
0 0.520312 0.644531 0.06875 0.0984375
0 0.679688 0.897656 0.08125 0.0921875
0 0.54375 0.178125 0.075 0.103125
0 0.583594 0.126563 0.0734375 0.096875
0 0.433594 0.392188 0.0734375 0.10625
0 0.622656 0.233594 0.0796875 0.0984375
0 0.605469 0.766406 0.0734375 0.0953125
0 0.746875 0.846094 0.08125 0.0953125
0 0.61875 0.442969 0.08125 0.0984375
0 0.432031 0.532812 0.0734375 0.09375
0 0.685156 0.796875 0.0796875 0.103125
0 0.603906 0.854688 0.0796875 0.090625
0 0.50625 0.369531 0.078125 0.104687
0 0.395312 0.144531 0.06875 0.0953125
