0 0.378906 0.199219 0.0390625 0.0484375
0 0.600781 0.8 0.0359375 0.0375
0 0.6 0.854688 0.034375 0.034375
0 0.441406 0.726562 0.0328125 0.04375
0 0.744531 0.799219 0.0453125 0.0390625
0 0.578906 0.346094 0.0359375 0.0609375
0 0.552344 0.671094 0.0453125 0.0515625
0 0.357812 0.557031 0.025 0.0484375
0 0.671875 0.791406 0.04375 0.0390625
0 0.566406 0.729688 0.0453125 0.053125
0 0.182031 0.363281 0.0359375 0.0609375
0 0.55 0.746094 0.04375 0.0546875
0 0.523438 0.827344 0.0375 0.0546875
0 0.492969 0.489062 0.0296875 0.053125
0 0.260938 0.455469 0.025 0.0453125
0 0.421094 0.489062 0.0359375 0.046875
0 0.774219 0.61875 0.0546875 0.06875
0 0.289062 0.196875 0.03125 0.053125
0 0.360938 0.661719 0.03125 0.0359375
0 0.401563 0.79375 0.034375 0.040625
0 0.222656 0.25 0.0359375 0.053125
0 0.675781 0.691406 0.0359375 0.0328125
0 0.328125 0.691406 0.034375 0.0359375
0 0.366406 0.783594 0.0453125 0.0515625
0 0.2 0.286719 0.034375 0.0484375
0 0.675 0.860156 0.04375 0.0546875
0 0.25625 0.346094 0.04375 0.0640625
0 0.464063 0.461719 0.0375 0.0546875
0 0.378125 0.234375 0.040625 0.05625
0 0.238281 0.716406 0.0359375 0.0484375
0 0.452344 0.878906 0.0359375 0.0515625
0 0.386719 0.336719 0.0390625 0.0484375
0 0.536719 0.603125 0.0453125 0.065625
0 0.304688 0.389062 0.034375 0.053125
0 0.222656 0.129688 0.0359375 0.0625
0 0.3 0.653906 0.034375 0.0484375
0 0.355469 0.514844 0.0390625 0.0515625
0 0.560938 0.476562 0.04375 0.0625
0 0.292969 0.703125 0.0421875 0.053125
0 0.315625 0.191406 0.040625 0.0546875
0 0.5375 0.25 0.046875 0.059375
0 0.346875 0.464063 0.0375 0.059375
0 0.471875 0.669531 0.0375 0.0578125
0 0.785156 0.498437 0.0484375 0.059375
0 0.252344 0.403906 0.0390625 0.0515625
0 0.522656 0.891406 0.0328125 0.0359375
0 0.744531 0.717188 0.0390625 0.05
0 0.436719 0.696875 0.0390625 0.046875
0 0.722656 0.332812 0.0515625 0.06875
0 0.486719 0.252344 0.0515625 0.0671875
0 0.217187 0.482812 0.0375 0.05
0 0.357031 0.816406 0.0390625 0.0390625
0 0.6 0.453906 0.05 0.0671875
0 0.191406 0.539844 0.0359375 0.0515625
0 0.328906 0.7875 0.0328125 0.046875
0 0.563281 0.645312 0.0484375 0.059375
0 0.459375 0.363281 0.034375 0.0546875
0 0.199219 0.645312 0.0328125 0.053125
0 0.475 0.196875 0.046875 0.05625
0 0.764063 0.679688 0.046875 0.05625
0 0.409375 0.388281 0.0375 0.0546875
0 0.163281 0.503906 0.0359375 0.0546875
0 0.327344 0.666406 0.0359375 0.0546875
0 0.432813 0.776563 0.034375 0.046875
0 0.639063 0.678906 0.04375 0.0546875
0 0.320312 0.735156 0.03125 0.0515625
0 0.609375 0.721875 0.040625 0.05625
0 0.521875 0.535937 0.04375 0.0625
0 0.23125 0.448438 0.0375 0.05625
0 0.564844 0.550781 0.0453125 0.0578125
0 0.611719 0.372656 0.0515625 0.0640625
0 0.364844 0.280469 0.0390625 0.0546875
0 0.585156 0.291406 0.0421875 0.0640625
0 0.507812 0.621875 0.04375 0.059375
0 0.453906 0.514063 0.0421875 0.05625
0 0.446094 0.404687 0.0390625 0.05625
0 0.265625 0.678125 0.0375 0.05
0 0.485156 0.429688 0.0453125 0.0625
0 0.683594 0.654688 0.0484375 0.0625
0 0.384375 0.474219 0.040625 0.0609375
0 0.460156 0.561719 0.0390625 0.0546875
0 0.427344 0.44375 0.0421875 0.053125
0 0.324219 0.296094 0.0359375 0.0515625
0 0.297656 0.123438 0.0359375 0.059375
0 0.229687 0.530469 0.034375 0.0515625
0 0.632031 0.76875 0.0421875 0.05
0 0.425781 0.59375 0.0359375 0.053125
0 0.220313 0.575781 0.034375 0.0546875
0 0.721875 0.475781 0.04375 0.0578125
0 0.703906 0.738281 0.0546875 0.0609375
0 0.460938 0.767969 0.040625 0.0515625
0 0.283594 0.550781 0.0359375 0.0515625
0 0.758594 0.55625 0.0484375 0.065625
0 0.492969 0.78125 0.0359375 0.046875
0 0.390625 0.522656 0.04375 0.0515625
0 0.457812 0.303906 0.040625 0.0609375
0 0.590625 0.758594 0.040625 0.0546875
0 0.321094 0.528125 0.0390625 0.05
0 0.634375 0.416406 0.05 0.0640625
0 0.526563 0.197656 0.046875 0.0546875
0 0.624219 0.319531 0.0453125 0.0640625
0 0.636719 0.628125 0.0484375 0.065625
0 0.567187 0.796094 0.040625 0.0515625
0 0.230469 0.66875 0.0390625 0.05
0 0.180469 0.589844 0.0359375 0.0484375
0 0.376563 0.15625 0.040625 0.053125
0 0.428906 0.349219 0.0421875 0.0609375
0 0.384375 0.578125 0.040625 0.059375
0 0.473437 0.717969 0.0375 0.0515625
0 0.34375 0.757031 0.040625 0.0515625
0 0.291406 0.605469 0.0390625 0.0546875
0 0.486719 0.819531 0.0328125 0.0484375
0 0.507812 0.740625 0.0375 0.05625
0 0.621094 0.567187 0.0453125 0.059375
0 0.609375 0.253906 0.04375 0.0640625
0 0.428125 0.542188 0.040625 0.05625
0 0.720312 0.421875 0.05 0.065625
0 0.514063 0.692187 0.04375 0.053125
0 0.501562 0.378125 0.040625 0.053125
0 0.490625 0.545313 0.040625 0.053125
0 0.526563 0.480469 0.040625 0.0546875
0 0.591406 0.514844 0.0453125 0.0578125
0 0.330469 0.253906 0.0390625 0.0546875
0 0.544531 0.307813 0.0484375 0.0625
0 0.394531 0.754687 0.0390625 0.053125
0 0.61875 0.192188 0.05 0.065625
0 0.296094 0.436719 0.0359375 0.0546875
0 0.580469 0.402344 0.0453125 0.0546875
0 0.645312 0.471094 0.046875 0.0609375
0 0.360938 0.692969 0.0375 0.0453125
0 0.663281 0.371094 0.0546875 0.0671875
0 0.469531 0.620313 0.0390625 0.05625
0 0.415625 0.666406 0.0375 0.0546875
0 0.653906 0.73125 0.0421875 0.046875
0 0.267969 0.5125 0.0359375 0.05
0 0.254687 0.566406 0.0375 0.0484375
0 0.379687 0.419531 0.0375 0.0546875
0 0.544531 0.367188 0.0421875 0.059375
0 0.230469 0.628906 0.0359375 0.0515625
0 0.382812 0.632031 0.040625 0.0546875
0 0.592188 0.60625 0.05 0.059375
0 0.169531 0.45 0.0359375 0.05625
0 0.316406 0.482031 0.0359375 0.0484375
0 0.230469 0.308594 0.0359375 0.0578125
0 0.530469 0.427344 0.0421875 0.0578125
0 0.557031 0.876562 0.0421875 0.04375
0 0.667969 0.282813 0.0515625 0.0625
0 0.357031 0.605469 0.0359375 0.0515625
0 0.366406 0.376563 0.0390625 0.053125
0 0.28125 0.752344 0.0375 0.0515625
0 0.442187 0.642969 0.040625 0.0515625
0 0.379687 0.849219 0.040625 0.0484375
0 0.430469 0.829687 0.0390625 0.053125
0 0.671875 0.580469 0.046875 0.0578125
0 0.719531 0.685938 0.0453125 0.0625
0 0.417188 0.289844 0.040625 0.0578125
0 0.732813 0.632812 0.046875 0.0625
0 0.329688 0.4 0.040625 0.053125
0 0.505469 0.325781 0.0390625 0.0578125
0 0.757031 0.371875 0.0484375 0.065625
0 0.672656 0.519531 0.0484375 0.0609375
0 0.39375 0.707031 0.040625 0.0515625
0 0.770312 0.435937 0.053125 0.065625
0 0.594531 0.671875 0.0453125 0.059375
0 0.71875 0.536719 0.053125 0.0640625
0 0.429688 0.246094 0.040625 0.0609375
0 0.329688 0.585156 0.040625 0.0515625
0 0.329688 0.347656 0.0375 0.0578125
0 0.683594 0.446875 0.0484375 0.06875
