0 0.370313 0.198437 0.0375 0.059375
0 0.3875 0.678906 0.046875 0.0453125
0 0.248437 0.660156 0.0375 0.0484375
0 0.647656 0.303906 0.0328125 0.0484375
0 0.786719 0.704687 0.0515625 0.053125
0 0.782812 0.452344 0.03125 0.0484375
0 0.671094 0.421094 0.0390625 0.0578125
0 0.525781 0.505469 0.0296875 0.0453125
0 0.746875 0.261719 0.034375 0.0578125
0 0.570312 0.730469 0.0375 0.0546875
0 0.697656 0.549219 0.0296875 0.0421875
0 0.755469 0.628906 0.0328125 0.0515625
0 0.65 0.238281 0.0375 0.0578125
0 0.572656 0.234375 0.0390625 0.059375
0 0.76875 0.646094 0.040625 0.0578125
0 0.425 0.228906 0.040625 0.0578125
0 0.676562 0.511719 0.040625 0.0515625
0 0.539844 0.247656 0.0421875 0.0578125
0 0.666406 0.579687 0.0421875 0.053125
0 0.551562 0.848437 0.040625 0.040625
0 0.429688 0.664062 0.034375 0.046875
0 0.621094 0.291406 0.0328125 0.0484375
0 0.775 0.415625 0.034375 0.05
0 0.748438 0.460156 0.046875 0.0484375
0 0.400781 0.500781 0.0484375 0.0609375
0 0.334375 0.845312 0.046875 0.05
0 0.646875 0.660937 0.04375 0.05
0 0.821094 0.603125 0.0359375 0.053125
0 0.278906 0.657812 0.0390625 0.053125
0 0.689844 0.632031 0.0296875 0.0546875
0 0.385938 0.133594 0.05 0.0671875
0 0.760156 0.314063 0.0265625 0.04375
0 0.372656 0.546875 0.0453125 0.059375
0 0.558594 0.672656 0.0484375 0.0609375
0 0.423438 0.160156 0.0375 0.0640625
0 0.507812 0.838281 0.04375 0.0578125
0 0.55625 0.557813 0.0375 0.05625
0 0.296875 0.789844 0.046875 0.0546875
0 0.29375 0.107813 0.046875 0.071875
0 0.520312 0.701563 0.04375 0.053125
0 0.791406 0.546094 0.0359375 0.0484375
0 0.627344 0.805469 0.0421875 0.0578125
0 0.425 0.383594 0.046875 0.0609375
0 0.392188 0.204688 0.040625 0.065625
0 0.535937 0.314063 0.040625 0.059375
0 0.557031 0.169531 0.0328125 0.0578125
0 0.570312 0.357812 0.05 0.059375
0 0.460938 0.560156 0.04375 0.0546875
0 0.509375 0.364062 0.05 0.0625
0 0.360156 0.0671875 0.0515625 0.08125
0 0.410937 0.334375 0.053125 0.0625
0 0.384375 0.264844 0.0375 0.0515625
0 0.460938 0.709375 0.0375 0.05
0 0.565625 0.808594 0.040625 0.0484375
0 0.585938 0.182031 0.03125 0.0453125
0 0.358594 0.728125 0.0421875 0.059375
0 0.79375 0.328906 0.034375 0.0515625
0 0.335938 0.504687 0.05 0.071875
0 0.43125 0.866406 0.0375 0.0546875
0 0.460156 0.821875 0.0359375 0.040625
0 0.325 0.1875 0.053125 0.06875
0 0.642969 0.416406 0.0421875 0.0578125
0 0.727344 0.367969 0.0390625 0.0578125
0 0.342187 0.2625 0.04375 0.0625
0 0.604688 0.24375 0.0375 0.065625
0 0.200781 0.336719 0.0484375 0.0640625
0 0.310156 0.728906 0.0453125 0.0609375
0 0.713281 0.228906 0.0359375 0.0546875
0 0.522656 0.157813 0.0421875 0.065625
0 0.635938 0.617188 0.04375 0.059375
0 0.2875 0.425781 0.053125 0.0640625
0 0.174219 0.457031 0.0515625 0.0640625
0 0.484375 0.600781 0.040625 0.0609375
0 0.657031 0.786719 0.0265625 0.0453125
0 0.160938 0.391406 0.053125 0.0640625
0 0.496094 0.307031 0.0484375 0.0703125
0 0.460938 0.784375 0.040625 0.05
0 0.447656 0.0960938 0.0421875 0.0671875
0 0.404687 0.06875 0.040625 0.06875
0 0.721094 0.427344 0.0421875 0.0546875
0 0.599219 0.669531 0.0453125 0.0609375
0 0.682813 0.730469 0.034375 0.0515625
0 0.209375 0.584375 0.046875 0.05625
0 0.3625 0.452344 0.053125 0.0703125
0 0.310156 0.328906 0.0453125 0.0734375
0 0.528906 0.580469 0.0484375 0.0640625
0 0.45625 0.472656 0.053125 0.0640625
0 0.821094 0.533594 0.0359375 0.0546875
0 0.701563 0.328125 0.034375 0.05
0 0.789062 0.282813 0.034375 0.05
0 0.608594 0.369531 0.0421875 0.0609375
0 0.657031 0.358594 0.0390625 0.0609375
0 0.485156 0.105469 0.0453125 0.0671875
0 0.699219 0.267188 0.0453125 0.0625
0 0.157813 0.3375 0.04375 0.059375
0 0.254687 0.28125 0.05 0.065625
0 0.728125 0.300781 0.034375 0.0578125
0 0.76875 0.35625 0.04375 0.05625
0 0.782031 0.499219 0.0453125 0.0578125
0 0.620313 0.548437 0.03125 0.046875
0 0.436719 0.282031 0.0515625 0.0671875
0 0.576563 0.619531 0.04375 0.0578125
0 0.596094 0.313281 0.0453125 0.0640625
0 0.267969 0.596094 0.0484375 0.0609375
0 0.332812 0.395312 0.05 0.065625
0 0.422656 0.739844 0.0421875 0.0578125
0 0.410156 0.573438 0.0484375 0.059375
0 0.557031 0.108594 0.0390625 0.0640625
0 0.755469 0.525 0.0390625 0.05625
0 0.575 0.420312 0.04375 0.05625
0 0.257031 0.165625 0.0515625 0.06875
0 0.61875 0.715625 0.04375 0.05625
0 0.69375 0.377344 0.040625 0.0609375
0 0.275781 0.370313 0.0484375 0.0625
0 0.465625 0.154687 0.046875 0.065625
0 0.476562 0.410937 0.05 0.059375
0 0.73125 0.561719 0.040625 0.0609375
0 0.407813 0.639844 0.046875 0.0578125
0 0.729688 0.678125 0.0375 0.05
0 0.25 0.553906 0.053125 0.0578125
0 0.383594 0.4 0.0515625 0.071875
0 0.285156 0.227344 0.0453125 0.0671875
0 0.780469 0.234375 0.0359375 0.059375
0 0.236719 0.467969 0.0484375 0.0671875
0 0.496094 0.74375 0.0421875 0.059375
0 0.598437 0.58125 0.04375 0.05625
0 0.223438 0.402344 0.05625 0.0734375
0 0.5875 0.519531 0.04375 0.0546875
0 0.340625 0.68125 0.046875 0.05625
0 0.271094 0.496875 0.0484375 0.059375
0 0.508594 0.471094 0.0484375 0.0640625
0 0.492969 0.68125 0.0421875 0.05625
0 0.620313 0.507031 0.040625 0.0546875
0 0.239844 0.217969 0.0546875 0.0703125
0 0.603906 0.470313 0.0421875 0.05625
0 0.6 0.78125 0.040625 0.053125
0 0.441406 0.608594 0.0453125 0.0546875
0 0.55625 0.469531 0.0375 0.0546875
0 0.805469 0.380469 0.0421875 0.0578125
0 0.35625 0.330469 0.046875 0.0609375
0 0.469531 0.353125 0.0453125 0.0625
0 0.364844 0.605469 0.0515625 0.0671875
0 0.257031 0.739844 0.0484375 0.0609375
0 0.530469 0.791406 0.0390625 0.0546875
0 0.494531 0.51875 0.0453125 0.059375
0 0.380469 0.848437 0.0421875 0.053125
0 0.529688 0.414062 0.04375 0.059375
0 0.716406 0.505469 0.0359375 0.0515625
0 0.307031 0.55625 0.0515625 0.0625
0 0.429688 0.807813 0.040625 0.05
0 0.394531 0.79375 0.0453125 0.05625
0 0.419531 0.449219 0.0515625 0.0671875
0 0.345313 0.770312 0.04375 0.053125
0 0.466406 0.230469 0.0453125 0.0609375
0 0.203906 0.530469 0.0484375 0.0640625
0 0.319531 0.613281 0.0515625 0.0640625
