0 0.620313 0.615625 0.05 0.0375
0 0.279687 0.66875 0.034375 0.046875
0 0.373437 0.751562 0.0375 0.040625
0 0.146875 0.476562 0.040625 0.05
0 0.694531 0.786719 0.0484375 0.0515625
0 0.475781 0.600781 0.0453125 0.0546875
0 0.701563 0.739844 0.05625 0.0546875
0 0.592188 0.810156 0.04375 0.0578125
0 0.524219 0.725781 0.0453125 0.0640625
0 0.617188 0.577344 0.05 0.0859375
0 0.567187 0.76875 0.05 0.059375
0 0.3 0.575781 0.04375 0.0546875
0 0.182031 0.496094 0.0359375 0.0515625
0 0.675781 0.890625 0.0546875 0.059375
0 0.392188 0.715625 0.046875 0.059375
0 0.560938 0.690625 0.05 0.0625
0 0.79375 0.799219 0.05 0.0640625
0 0.420312 0.278125 0.046875 0.071875
0 0.359375 0.5125 0.040625 0.046875
0 0.648438 0.519531 0.05 0.0703125
0 0.736719 0.848437 0.0515625 0.071875
0 0.391406 0.579687 0.0453125 0.05
0 0.754687 0.585156 0.053125 0.0640625
0 0.4375 0.426562 0.05 0.059375
0 0.4875 0.4375 0.053125 0.0625
0 0.660937 0.671094 0.05 0.0609375
0 0.492969 0.246094 0.0546875 0.0671875
0 0.336719 0.448438 0.0515625 0.0625
0 0.442969 0.205469 0.0546875 0.0734375
0 0.622656 0.265625 0.0484375 0.06875
0 0.353906 0.175 0.0546875 0.065625
0 0.384375 0.442969 0.046875 0.0546875
0 0.33125 0.270312 0.053125 0.065625
0 0.617188 0.195312 0.046875 0.071875
0 0.680469 0.38125 0.0453125 0.0625
0 0.442969 0.123438 0.0484375 0.06875
0 0.479688 0.15 0.05625 0.06875
0 0.5375 0.300781 0.053125 0.0640625
0 0.708594 0.63125 0.0453125 0.065625
0 0.219531 0.489062 0.0453125 0.05625
0 0.532812 0.419531 0.05 0.0671875
0 0.516406 0.104687 0.0546875 0.075
0 0.257031 0.31875 0.0484375 0.06875
0 0.640625 0.775781 0.046875 0.0640625
0 0.692187 0.476562 0.05625 0.078125
0 0.521875 0.7875 0.040625 0.059375
0 0.2 0.435156 0.04375 0.0578125
0 0.408594 0.172656 0.0515625 0.0671875
0 0.417969 0.698438 0.0421875 0.059375
0 0.180469 0.592969 0.0421875 0.0578125
0 0.238281 0.667969 0.0453125 0.0484375
0 0.541406 0.552344 0.0515625 0.0640625
0 0.340625 0.613281 0.0375 0.0515625
0 0.341406 0.570312 0.0453125 0.059375
0 0.175 0.392969 0.04375 0.0578125
0 0.584375 0.416406 0.05 0.0734375
0 0.627344 0.85625 0.0515625 0.0625
0 0.6875 0.555469 0.053125 0.0671875
0 0.409375 0.357031 0.05 0.0671875
0 0.246094 0.253906 0.0484375 0.0671875
0 0.208594 0.370313 0.0421875 0.0625
0 0.721875 0.335156 0.05625 0.0640625
0 0.553125 0.358594 0.046875 0.0640625
0 0.458594 0.673437 0.0484375 0.05625
0 0.485156 0.503125 0.0453125 0.0625
0 0.729688 0.526563 0.05 0.065625
0 0.232031 0.580469 0.0421875 0.0515625
0 0.577344 0.521875 0.0546875 0.06875
0 0.728906 0.43125 0.0515625 0.06875
0 0.209375 0.539062 0.040625 0.05625
0 0.4875 0.328125 0.053125 0.071875
0 0.482812 0.719531 0.04375 0.0546875
0 0.432813 0.790625 0.05 0.0625
0 0.44375 0.517187 0.046875 0.059375
0 0.617188 0.478125 0.05 0.065625
0 0.365625 0.305469 0.053125 0.0640625
0 0.285937 0.720312 0.046875 0.059375
0 0.39375 0.494531 0.046875 0.0609375
0 0.195312 0.3 0.05 0.06875
0 0.575 0.257031 0.053125 0.0640625
0 0.639844 0.392969 0.0578125 0.0703125
0 0.623438 0.717969 0.05 0.0640625
0 0.595312 0.324219 0.05625 0.0578125
0 0.55625 0.629687 0.05 0.065625
0 0.520312 0.638281 0.0375 0.0578125
0 0.678906 0.615625 0.0515625 0.06875
0 0.317969 0.34375 0.0484375 0.0625
0 0.33125 0.75 0.05 0.05625
0 0.557031 0.150781 0.0609375 0.0765625
0 0.169531 0.44375 0.0421875 0.053125
0 0.403125 0.548437 0.046875 0.05625
0 0.552344 0.844531 0.0515625 0.0640625
0 0.65625 0.332812 0.053125 0.06875
0 0.380469 0.249219 0.0546875 0.0609375
0 0.308594 0.403125 0.0484375 0.065625
0 0.669531 0.2625 0.0484375 0.059375
0 0.383594 0.654688 0.0421875 0.05
0 0.46875 0.379687 0.04375 0.0625
0 0.203906 0.630469 0.0359375 0.0515625
0 0.442187 0.721094 0.04375 0.0515625
0 0.279687 0.516406 0.04375 0.0578125
0 0.296875 0.455469 0.04375 0.0515625
0 0.520312 0.590625 0.046875 0.059375
0 0.255469 0.55625 0.0453125 0.053125
0 0.317969 0.505469 0.0421875 0.0578125
0 0.257812 0.413281 0.046875 0.0578125
0 0.441406 0.560938 0.0390625 0.05
0 0.353125 0.655469 0.0375 0.0515625
0 0.316406 0.678125 0.0453125 0.05625
0 0.482812 0.552344 0.04375 0.0546875
0 0.529688 0.482031 0.053125 0.0640625
0 0.258594 0.607031 0.0421875 0.0546875
0 0.246094 0.459375 0.0484375 0.05625
0 0.365625 0.384375 0.053125 0.065625
0 0.419531 0.61875 0.0421875 0.053125
0 0.483594 0.810938 0.0453125 0.059375
0 0.292969 0.621875 0.0453125 0.05625
