0 0.524219 0.639063 0.0359375 0.046875
0 0.696094 0.492969 0.0453125 0.0578125
0 0.482031 0.575 0.0234375 0.0375
0 0.648438 0.419531 0.028125 0.0453125
0 0.635156 0.302344 0.0421875 0.0765625
0 0.550781 0.577344 0.0328125 0.0359375
0 0.488281 0.472656 0.0421875 0.0609375
0 0.6875 0.1875 0.046875 0.06875
0 0.741406 0.33125 0.0515625 0.075
0 0.609375 0.496875 0.0375 0.04375
0 0.713281 0.215625 0.0390625 0.0625
0 0.132812 0.51875 0.040625 0.05625
0 0.657031 0.328125 0.0421875 0.059375
0 0.724219 0.68125 0.0421875 0.05
0 0.613281 0.663281 0.0421875 0.0546875
0 0.335938 0.439844 0.046875 0.0609375
0 0.777344 0.515625 0.0515625 0.0625
0 0.350781 0.484375 0.0515625 0.05625
0 0.5875 0.389844 0.034375 0.0421875
0 0.435937 0.239063 0.04375 0.06875
0 0.447656 0.435156 0.0484375 0.0640625
0 0.499219 0.547656 0.0421875 0.0546875
0 0.309375 0.582031 0.046875 0.0578125
0 0.4375 0.566406 0.04375 0.0546875
0 0.621094 0.458594 0.0421875 0.0578125
0 0.550781 0.167969 0.0453125 0.0671875
0 0.746875 0.392969 0.04375 0.0546875
0 0.217187 0.520312 0.05 0.04375
0 0.458594 0.297656 0.0484375 0.0640625
0 0.125 0.567187 0.046875 0.05
0 0.689844 0.644531 0.0421875 0.0453125
0 0.402344 0.527344 0.0421875 0.0453125
0 0.220313 0.691406 0.04375 0.0453125
0 0.571875 0.0882813 0.04375 0.0734375
0 0.271875 0.409375 0.05 0.0625
0 0.360938 0.290625 0.040625 0.065625
0 0.45 0.617969 0.0375 0.0515625
0 0.772656 0.445312 0.0484375 0.0625
0 0.1625 0.271094 0.046875 0.0734375
0 0.672656 0.275 0.0453125 0.0625
0 0.726562 0.566406 0.040625 0.0546875
0 0.494531 0.700781 0.0390625 0.0546875
0 0.415625 0.650781 0.040625 0.0484375
0 0.539062 0.554688 0.0375 0.05
0 0.703125 0.724219 0.034375 0.0453125
0 0.640625 0.383594 0.040625 0.0578125
0 0.542188 0.715625 0.034375 0.05
0 0.680469 0.602344 0.0390625 0.0484375
0 0.592969 0.705469 0.0421875 0.0453125
0 0.478125 0.2375 0.05 0.06875
0 0.292969 0.305469 0.0484375 0.0671875
0 0.533594 0.66875 0.0421875 0.04375
0 0.104687 0.285937 0.053125 0.06875
0 0.685156 0.36875 0.0453125 0.0625
0 0.483594 0.336719 0.0484375 0.0671875
0 0.407813 0.294531 0.046875 0.0671875
0 0.591406 0.240625 0.0453125 0.065625
0 0.570312 0.296875 0.04375 0.059375
0 0.450781 0.658594 0.0421875 0.0484375
0 0.1625 0.394531 0.053125 0.0671875
0 0.653125 0.463281 0.034375 0.0484375
0 0.221875 0.475781 0.053125 0.0671875
0 0.753906 0.596875 0.0421875 0.05625
0 0.332812 0.352344 0.053125 0.0578125
0 0.121875 0.389844 0.046875 0.0640625
0 0.364844 0.522656 0.0453125 0.0546875
0 0.528125 0.303125 0.05 0.065625
0 0.710156 0.608594 0.0421875 0.0453125
0 0.571875 0.667188 0.03125 0.04375
0 0.572656 0.476562 0.0453125 0.059375
0 0.455469 0.530469 0.0421875 0.0546875
0 0.220313 0.317969 0.05 0.0640625
0 0.582031 0.634375 0.0421875 0.04375
0 0.3875 0.342969 0.046875 0.0578125
0 0.741406 0.48125 0.0484375 0.05625
0 0.546875 0.232031 0.05 0.0640625
0 0.554688 0.435156 0.05 0.0546875
0 0.653125 0.555469 0.040625 0.0515625
0 0.565625 0.526563 0.040625 0.05625
0 0.220313 0.403906 0.05 0.0703125
0 0.252344 0.282031 0.0515625 0.0640625
0 0.305469 0.673437 0.0453125 0.05625
0 0.530469 0.470313 0.0390625 0.053125
0 0.271875 0.554688 0.04375 0.053125
0 0.70625 0.444531 0.04375 0.0578125
0 0.383594 0.564844 0.0421875 0.0453125
0 0.308594 0.529688 0.0421875 0.05625
0 0.532031 0.344531 0.0453125 0.0578125
0 0.364844 0.397656 0.0484375 0.0578125
0 0.615625 0.727344 0.0375 0.0453125
0 0.620313 0.120312 0.05 0.065625
0 0.19375 0.653906 0.04375 0.0546875
0 0.170312 0.491406 0.05 0.0640625
0 0.630469 0.225 0.0453125 0.065625
0 0.407031 0.484375 0.0453125 0.046875
0 0.357031 0.680469 0.0421875 0.0546875
0 0.654688 0.710156 0.034375 0.0453125
0 0.378125 0.627344 0.040625 0.0515625
0 0.196875 0.574219 0.046875 0.0578125
0 0.269531 0.692187 0.0421875 0.053125
0 0.333594 0.634375 0.0421875 0.053125
0 0.480469 0.617188 0.0359375 0.05
0 0.689062 0.555469 0.040625 0.0515625
0 0.642187 0.680469 0.040625 0.0484375
0 0.267969 0.507812 0.0453125 0.059375
0 0.157813 0.630469 0.04375 0.0484375
0 0.245312 0.592969 0.04375 0.0515625
0 0.242188 0.646875 0.040625 0.05
0 0.719531 0.285156 0.0484375 0.0671875
0 0.603906 0.344531 0.0484375 0.0578125
0 0.620313 0.579687 0.04375 0.053125
0 0.410156 0.38125 0.0515625 0.059375
0 0.483594 0.407813 0.0484375 0.05625
0 0.394531 0.429688 0.0453125 0.05625
