0 0.735156 0.357031 0.0265625 0.0546875
0 0.775 0.729688 0.034375 0.04375
0 0.660937 0.282031 0.040625 0.0515625
0 0.704687 0.725781 0.025 0.0390625
0 0.783594 0.7375 0.0328125 0.040625
0 0.474219 0.374219 0.0453125 0.0609375
0 0.753906 0.761719 0.0390625 0.0453125
0 0.7 0.514844 0.0375 0.0453125
0 0.802344 0.705469 0.0296875 0.0453125
0 0.4 0.776563 0.040625 0.053125
0 0.84375 0.514844 0.034375 0.0453125
0 0.348437 0.678125 0.04375 0.053125
0 0.553125 0.846094 0.040625 0.0484375
0 0.692969 0.64375 0.0328125 0.053125
0 0.525 0.609375 0.04375 0.05
0 0.661719 0.217187 0.0359375 0.05625
0 0.734375 0.735937 0.034375 0.04375
0 0.1625 0.74375 0.05 0.065625
0 0.585938 0.352344 0.040625 0.0578125
0 0.196094 0.701563 0.0484375 0.05625
0 0.635938 0.636719 0.034375 0.0390625
0 0.685156 0.786719 0.0359375 0.0390625
0 0.73125 0.799219 0.03125 0.0453125
0 0.576563 0.830469 0.028125 0.0328125
0 0.163281 0.675 0.0453125 0.05625
0 0.782812 0.791406 0.0375 0.0546875
0 0.630469 0.804688 0.0359375 0.046875
0 0.482812 0.846875 0.040625 0.05625
0 0.669531 0.389062 0.0390625 0.05625
0 0.560938 0.391406 0.04375 0.0578125
0 0.692187 0.202344 0.0375 0.0578125
0 0.645312 0.753906 0.034375 0.0484375
0 0.664062 0.671875 0.0375 0.053125
0 0.4875 0.428125 0.040625 0.053125
0 0.791406 0.58125 0.0328125 0.04375
0 0.789062 0.653906 0.034375 0.0453125
0 0.515625 0.846094 0.034375 0.0484375
0 0.716406 0.553125 0.0390625 0.05
0 0.657031 0.79375 0.0328125 0.046875
0 0.596875 0.2375 0.0375 0.059375
0 0.507812 0.682031 0.04375 0.0546875
0 0.625781 0.832031 0.0421875 0.0390625
0 0.398438 0.560156 0.04375 0.0578125
0 0.682031 0.741406 0.0359375 0.0515625
0 0.525781 0.579687 0.0453125 0.053125
0 0.716406 0.771875 0.0390625 0.040625
0 0.249219 0.490625 0.0484375 0.059375
0 0.496875 0.746094 0.04375 0.0578125
0 0.759375 0.275781 0.0375 0.0578125
0 0.757812 0.815625 0.0375 0.05
0 0.733594 0.607813 0.0390625 0.053125
0 0.146875 0.815625 0.05 0.0625
0 0.210156 0.36875 0.0515625 0.06875
0 0.567969 0.586719 0.0390625 0.0546875
0 0.597656 0.392188 0.0390625 0.05625
0 0.299219 0.571094 0.0515625 0.0609375
0 0.688281 0.341406 0.0390625 0.0546875
0 0.729688 0.696094 0.034375 0.0453125
0 0.16875 0.589844 0.05 0.0640625
0 0.682031 0.490625 0.0390625 0.05625
0 0.813281 0.369531 0.0328125 0.0546875
0 0.546875 0.807813 0.040625 0.05625
0 0.402344 0.310156 0.0484375 0.0609375
0 0.78125 0.622656 0.034375 0.0453125
0 0.664062 0.4375 0.0375 0.05
0 0.628125 0.420312 0.04375 0.059375
0 0.260156 0.552344 0.0453125 0.0578125
0 0.416406 0.724219 0.0484375 0.0515625
0 0.717969 0.463281 0.0359375 0.0484375
0 0.827344 0.420312 0.0359375 0.05
0 0.557031 0.745313 0.0359375 0.053125
0 0.697656 0.590625 0.0359375 0.040625
0 0.761719 0.457812 0.0390625 0.053125
0 0.132031 0.695312 0.0484375 0.05625
0 0.405469 0.821875 0.0453125 0.053125
0 0.517969 0.332812 0.0484375 0.0625
0 0.327344 0.634375 0.0515625 0.0625
0 0.605469 0.296094 0.0390625 0.0578125
0 0.328125 0.816406 0.04375 0.0484375
0 0.425781 0.678906 0.0421875 0.0515625
0 0.534375 0.436719 0.046875 0.0609375
0 0.472656 0.791406 0.0421875 0.0546875
0 0.427344 0.489844 0.0484375 0.0609375
0 0.577344 0.682813 0.0390625 0.053125
0 0.376563 0.460938 0.053125 0.0625
0 0.755469 0.346875 0.0328125 0.05625
0 0.5 0.644531 0.04375 0.0578125
0 0.544531 0.484375 0.0390625 0.05625
0 0.552344 0.642187 0.0421875 0.05625
0 0.717188 0.657031 0.034375 0.0453125
0 0.789062 0.407813 0.0375 0.053125
0 0.727344 0.31875 0.0390625 0.046875
0 0.636719 0.344531 0.0421875 0.0578125
0 0.304688 0.416406 0.05 0.0578125
0 0.805469 0.496875 0.0328125 0.05
0 0.550781 0.28125 0.0453125 0.059375
0 0.542188 0.696094 0.040625 0.0546875
0 0.264062 0.375781 0.05625 0.0671875
0 0.53125 0.21875 0.04375 0.059375
0 0.257031 0.261719 0.0484375 0.0671875
0 0.382812 0.694531 0.04375 0.0515625
0 0.617188 0.584375 0.040625 0.05
0 0.307031 0.776563 0.0484375 0.059375
0 0.507812 0.800781 0.0375 0.0515625
0 0.398438 0.244531 0.05 0.0640625
0 0.83125 0.471875 0.034375 0.05
0 0.217187 0.596875 0.053125 0.059375
0 0.692187 0.428125 0.034375 0.046875
0 0.349219 0.417969 0.0515625 0.0640625
0 0.753125 0.642187 0.034375 0.05
0 0.59375 0.721094 0.04375 0.0546875
0 0.721094 0.829687 0.0328125 0.04375
0 0.594531 0.804688 0.0390625 0.05
0 0.428125 0.366406 0.046875 0.0609375
0 0.745313 0.4125 0.0375 0.059375
0 0.258594 0.789844 0.0484375 0.0609375
0 0.396094 0.409375 0.0453125 0.0625
0 0.704687 0.284375 0.040625 0.053125
0 0.328906 0.471094 0.0515625 0.0609375
0 0.736719 0.504687 0.0359375 0.05
0 0.555469 0.545313 0.0421875 0.059375
0 0.68125 0.555469 0.0375 0.0515625
0 0.616406 0.469531 0.0421875 0.0546875
0 0.588281 0.619531 0.0390625 0.0515625
0 0.632812 0.711719 0.0375 0.0515625
0 0.802344 0.548437 0.0328125 0.046875
0 0.259375 0.609375 0.046875 0.059375
0 0.444531 0.835938 0.0421875 0.053125
0 0.51875 0.391406 0.04375 0.0578125
0 0.770312 0.515625 0.040625 0.053125
0 0.578906 0.433594 0.0421875 0.0546875
0 0.617969 0.76875 0.0359375 0.05
0 0.309375 0.291406 0.05 0.0671875
0 0.215625 0.540625 0.05 0.0625
0 0.791406 0.460938 0.0328125 0.046875
0 0.642969 0.507812 0.0390625 0.05625
0 0.414844 0.604688 0.0421875 0.053125
0 0.389844 0.51875 0.0484375 0.053125
0 0.767187 0.56875 0.0375 0.05
0 0.452344 0.742188 0.0390625 0.046875
0 0.61875 0.679688 0.034375 0.05
0 0.207813 0.650781 0.046875 0.0578125
0 0.428125 0.778906 0.0375 0.0484375
0 0.253125 0.669531 0.053125 0.0640625
0 0.352344 0.582812 0.0484375 0.059375
0 0.242969 0.317969 0.0515625 0.0671875
0 0.46875 0.694531 0.04375 0.0578125
0 0.532031 0.763281 0.0390625 0.0546875
0 0.49375 0.26875 0.05 0.0625
0 0.692187 0.828906 0.0375 0.0453125
0 0.332031 0.722656 0.0453125 0.0578125
0 0.590625 0.504687 0.040625 0.05
0 0.442187 0.232031 0.046875 0.0609375
0 0.60625 0.53125 0.040625 0.053125
0 0.453906 0.317187 0.0453125 0.0625
0 0.469531 0.578906 0.0421875 0.0546875
0 0.365625 0.364062 0.053125 0.065625
0 0.703125 0.382812 0.0375 0.053125
0 0.444531 0.548437 0.0484375 0.0625
0 0.692969 0.684375 0.0359375 0.046875
0 0.355469 0.765625 0.0421875 0.05625
0 0.25625 0.427344 0.05 0.0640625
0 0.20625 0.801562 0.053125 0.0625
0 0.441406 0.430469 0.0484375 0.0609375
0 0.34375 0.522656 0.046875 0.0609375
0 0.308594 0.353906 0.0515625 0.0703125
0 0.358594 0.290625 0.0515625 0.06875
0 0.457812 0.633594 0.040625 0.0578125
0 0.207031 0.446875 0.0484375 0.065625
0 0.667969 0.611719 0.0359375 0.0515625
0 0.232812 0.732031 0.05 0.0609375
0 0.280469 0.708594 0.0453125 0.0609375
0 0.367969 0.810938 0.0421875 0.05625
0 0.392969 0.647656 0.0453125 0.0609375
