0 0.350781 0.345313 0.0640625 0.1125
0 0.505469 0.303906 0.0734375 0.117188
0 0.771875 0.471094 0.103125 0.123438
0 0.775 0.372656 0.075 0.120312
0 0.417969 0.352344 0.0796875 0.0953125
0 0.428906 0.499219 0.0703125 0.114063
0 0.2625 0.341406 0.071875 0.0984375
0 0.217187 0.383594 0.06875 0.104687
0 0.671094 0.697656 0.0796875 0.107813
0 0.471094 0.5875 0.0703125 0.109375
0 0.757031 0.583594 0.0828125 0.117188
0 0.579687 0.569531 0.078125 0.120312
0 0.632812 0.455469 0.0875 0.107813
0 0.851562 0.4375 0.0875 0.109375
0 0.313281 0.603125 0.0703125 0.1
0 0.664062 0.221875 0.078125 0.1
0 0.735937 0.282031 0.1 0.114063
0 0.545313 0.1875 0.075 0.096875
0 0.714844 0.400781 0.0953125 0.107813
0 0.605469 0.685938 0.0859375 0.10625
0 0.759375 0.721094 0.084375 0.101562
0 0.564062 0.404687 0.084375 0.10625
0 0.291406 0.7125 0.0734375 0.096875
0 0.4375 0.676562 0.075 0.1
0 0.691406 0.5125 0.0890625 0.109375
0 0.394531 0.595312 0.0828125 0.10625
0 0.657812 0.605469 0.09375 0.114063
0 0.366406 0.240625 0.0734375 0.103125
0 0.814844 0.642969 0.0859375 0.101562
0 0.432813 0.251563 0.078125 0.096875
0 0.279687 0.440625 0.071875 0.109375
0 0.379687 0.441406 0.075 0.110937
0 0.204688 0.478125 0.075 0.1
0 0.366406 0.670313 0.0734375 0.0875
0 0.633594 0.34375 0.0859375 0.115625
0 0.482031 0.409375 0.0796875 0.11875
0 0.183594 0.703125 0.0703125 0.10625
0 0.846094 0.546094 0.0859375 0.114063
0 0.246094 0.644531 0.0765625 0.101562
0 0.322656 0.507812 0.0765625 0.109375
0 0.25625 0.542969 0.078125 0.0984375
0 0.519531 0.507812 0.0828125 0.109375
0 0.521094 0.66875 0.0796875 0.1125
0 0.580469 0.269531 0.0796875 0.114063
0 0.18125 0.584375 0.078125 0.109375
