0 0.526563 0.535937 0.01875 0.028125
0 0.697656 0.485156 0.0234375 0.0265625
0 0.649219 0.425 0.0234375 0.03125
0 0.136719 0.586719 0.0265625 0.0265625
0 0.325 0.7 0.03125 0.0375
0 0.589844 0.860937 0.0296875 0.0375
0 0.409375 0.2875 0.028125 0.03125
0 0.349219 0.724219 0.0328125 0.0421875
0 0.711719 0.885938 0.0296875 0.040625
0 0.672656 0.435156 0.0265625 0.0390625
0 0.452344 0.484375 0.0265625 0.0375
0 0.767187 0.482812 0.03125 0.040625
0 0.229687 0.648438 0.021875 0.03125
0 0.335156 0.313281 0.0296875 0.0359375
0 0.395312 0.620313 0.025 0.034375
0 0.36875 0.326562 0.025 0.028125
0 0.394531 0.517187 0.0265625 0.040625
0 0.609375 0.380469 0.025 0.0421875
0 0.613281 0.491406 0.0265625 0.0421875
0 0.365625 0.353906 0.028125 0.0421875
0 0.591406 0.619531 0.0265625 0.0296875
0 0.66875 0.465625 0.03125 0.0375
0 0.160156 0.475781 0.0265625 0.0390625
0 0.413281 0.622656 0.0296875 0.0390625
0 0.285156 0.430469 0.0265625 0.0359375
0 0.3 0.297656 0.03125 0.0390625
0 0.298438 0.499219 0.021875 0.0421875
0 0.585938 0.825 0.03125 0.0375
0 0.510938 0.683594 0.025 0.0359375
0 0.673437 0.560156 0.028125 0.0390625
0 0.323438 0.490625 0.028125 0.0375
0 0.775 0.50625 0.028125 0.03125
0 0.738281 0.838281 0.0296875 0.0421875
0 0.3875 0.425 0.025 0.04375
0 0.385156 0.739062 0.0265625 0.040625
0 0.297656 0.683594 0.0265625 0.0484375
0 0.413281 0.464063 0.0296875 0.0375
0 0.461719 0.385156 0.0328125 0.0359375
0 0.266406 0.417969 0.0296875 0.0484375
0 0.171094 0.535156 0.0328125 0.0390625
0 0.446875 0.341406 0.03125 0.0328125
0 0.513281 0.563281 0.0296875 0.0390625
0 0.610156 0.421094 0.0234375 0.0359375
0 0.497656 0.289062 0.0328125 0.0375
0 0.695312 0.589844 0.03125 0.0390625
0 0.296875 0.61875 0.028125 0.0375
0 0.582812 0.484375 0.03125 0.034375
0 0.15625 0.516406 0.028125 0.0390625
0 0.485156 0.403125 0.0265625 0.0375
0 0.235156 0.352344 0.0296875 0.0359375
0 0.309375 0.259375 0.03125 0.040625
0 0.372656 0.458594 0.0296875 0.0390625
0 0.289844 0.397656 0.0265625 0.0359375
0 0.375781 0.564062 0.0328125 0.034375
0 0.805469 0.728906 0.0328125 0.0421875
0 0.150781 0.428906 0.0296875 0.0421875
0 0.250781 0.55 0.0296875 0.040625
0 0.526563 0.464063 0.03125 0.0375
0 0.171875 0.597656 0.028125 0.0390625
0 0.621875 0.564844 0.03125 0.0328125
0 0.625781 0.688281 0.0296875 0.0421875
0 0.55625 0.471094 0.025 0.0328125
0 0.596875 0.664062 0.03125 0.0375
0 0.278906 0.657031 0.0265625 0.0359375
0 0.614844 0.796875 0.0296875 0.04375
0 0.733594 0.682031 0.0265625 0.0390625
0 0.209375 0.452344 0.03125 0.0390625
0 0.617969 0.459375 0.0296875 0.0375
0 0.675 0.721094 0.028125 0.0421875
0 0.396094 0.492188 0.0265625 0.03125
0 0.392188 0.329688 0.028125 0.0375
0 0.619531 0.638281 0.0296875 0.0328125
0 0.610156 0.596094 0.0296875 0.0421875
0 0.3875 0.253906 0.028125 0.0453125
0 0.576563 0.640625 0.03125 0.040625
0 0.567187 0.405469 0.025 0.0421875
0 0.539062 0.389062 0.028125 0.040625
0 0.415625 0.309375 0.028125 0.0375
0 0.705469 0.716406 0.0296875 0.0328125
0 0.472656 0.325 0.0296875 0.0375
0 0.685156 0.858594 0.0328125 0.0453125
0 0.180469 0.360156 0.0296875 0.0359375
0 0.150781 0.35625 0.0328125 0.034375
0 0.505469 0.728125 0.0296875 0.0375
0 0.542969 0.582812 0.0296875 0.034375
0 0.430469 0.271875 0.0296875 0.0375
0 0.539062 0.786719 0.03125 0.0453125
0 0.738281 0.719531 0.0265625 0.0421875
0 0.347656 0.479688 0.0265625 0.04375
0 0.435156 0.380469 0.0265625 0.0359375
0 0.767969 0.847656 0.0328125 0.0484375
0 0.234375 0.509375 0.03125 0.034375
0 0.667188 0.753125 0.03125 0.0375
0 0.739062 0.590625 0.028125 0.04375
0 0.710156 0.558594 0.0296875 0.0421875
0 0.784375 0.536719 0.028125 0.0421875
0 0.346094 0.389844 0.0296875 0.0328125
0 0.442187 0.307813 0.028125 0.028125
0 0.701563 0.753906 0.028125 0.0421875
0 0.223438 0.591406 0.03125 0.0390625
0 0.195312 0.601562 0.03125 0.040625
0 0.319531 0.59375 0.0296875 0.0375
0 0.21875 0.319531 0.028125 0.0328125
0 0.703125 0.467187 0.028125 0.04375
0 0.760156 0.609375 0.0265625 0.040625
0 0.239063 0.446875 0.028125 0.0375
0 0.799219 0.58125 0.0296875 0.040625
0 0.803125 0.779688 0.03125 0.040625
0 0.775 0.580469 0.028125 0.0390625
0 0.592969 0.417969 0.0265625 0.0390625
0 0.203906 0.335156 0.0234375 0.0359375
0 0.545313 0.546875 0.03125 0.0375
0 0.163281 0.396094 0.0296875 0.0390625
0 0.341406 0.346875 0.0265625 0.0375
0 0.319531 0.346094 0.0265625 0.0359375
0 0.592969 0.572656 0.0265625 0.0328125
0 0.822656 0.611719 0.0296875 0.0484375
0 0.317969 0.396875 0.0296875 0.034375
0 0.75 0.541406 0.03125 0.0421875
0 0.464063 0.465625 0.03125 0.04375
0 0.458594 0.774219 0.0296875 0.0359375
0 0.577344 0.446875 0.0296875 0.040625
0 0.639063 0.721094 0.028125 0.0359375
0 0.651563 0.532031 0.03125 0.0421875
0 0.407813 0.703906 0.028125 0.0328125
0 0.553906 0.83125 0.0296875 0.040625
0 0.271094 0.617969 0.0265625 0.0421875
0 0.692187 0.628906 0.028125 0.0390625
0 0.803125 0.679688 0.03125 0.040625
0 0.615625 0.847656 0.03125 0.0359375
0 0.19375 0.407813 0.03125 0.03125
0 0.372656 0.517969 0.0265625 0.0359375
0 0.126563 0.540625 0.03125 0.040625
0 0.672656 0.7875 0.0328125 0.0375
0 0.352344 0.575 0.0296875 0.04375
0 0.486719 0.670313 0.0296875 0.040625
0 0.671875 0.608594 0.028125 0.0390625
0 0.344531 0.6375 0.0296875 0.046875
0 0.524219 0.867969 0.0296875 0.0359375
0 0.728125 0.480469 0.028125 0.0328125
0 0.328906 0.457812 0.0296875 0.0375
0 0.757031 0.645312 0.0296875 0.040625
0 0.214844 0.552344 0.0296875 0.0421875
0 0.552344 0.439844 0.0296875 0.0359375
0 0.533594 0.501562 0.0328125 0.040625
0 0.176563 0.446094 0.03125 0.0359375
0 0.782812 0.64375 0.028125 0.0375
0 0.644531 0.814844 0.0296875 0.0421875
0 0.642969 0.461719 0.0265625 0.0390625
0 0.283594 0.585156 0.0296875 0.0421875
0 0.726562 0.757031 0.028125 0.0390625
0 0.485156 0.707031 0.0265625 0.0390625
0 0.392969 0.367969 0.0265625 0.0390625
0 0.183594 0.492969 0.0296875 0.0421875
0 0.571094 0.565625 0.0265625 0.0375
0 0.704687 0.684375 0.028125 0.034375
0 0.24375 0.624219 0.03125 0.0421875
0 0.591406 0.353906 0.0296875 0.0421875
0 0.40625 0.396094 0.03125 0.0359375
0 0.772656 0.704687 0.0296875 0.040625
0 0.582031 0.739062 0.0296875 0.0375
0 0.711719 0.607813 0.0296875 0.0375
0 0.730469 0.514844 0.0296875 0.0421875
0 0.692969 0.530469 0.0265625 0.0359375
0 0.64375 0.609375 0.03125 0.034375
0 0.484375 0.596094 0.03125 0.0421875
0 0.14375 0.558594 0.03125 0.0390625
0 0.192969 0.570312 0.0296875 0.034375
0 0.371094 0.39375 0.0265625 0.0375
0 0.541406 0.615625 0.0296875 0.040625
0 0.571875 0.601562 0.028125 0.0375
0 0.2875 0.367188 0.028125 0.0375
0 0.285937 0.332031 0.028125 0.0359375
0 0.440625 0.748438 0.03125 0.034375
0 0.596094 0.542188 0.0265625 0.0375
0 0.260938 0.35625 0.025 0.040625
0 0.667969 0.509375 0.0265625 0.0375
0 0.547656 0.358594 0.0296875 0.0359375
0 0.490625 0.43125 0.03125 0.04375
0 0.40625 0.759375 0.028125 0.040625
0 0.273438 0.503906 0.03125 0.0390625
0 0.297656 0.454688 0.0296875 0.0375
0 0.64375 0.577344 0.028125 0.0390625
0 0.496875 0.478125 0.028125 0.0375
0 0.432031 0.592969 0.0296875 0.0359375
0 0.423438 0.434375 0.03125 0.040625
0 0.767969 0.741406 0.0328125 0.0453125
0 0.582031 0.782031 0.0296875 0.0390625
0 0.616406 0.529688 0.0296875 0.040625
0 0.645312 0.775 0.028125 0.0375
0 0.521094 0.815625 0.0328125 0.04375
0 0.457031 0.605469 0.0265625 0.0390625
0 0.432031 0.782031 0.0296875 0.0390625
0 0.33125 0.421875 0.028125 0.040625
0 0.453906 0.814062 0.0296875 0.040625
0 0.41875 0.541406 0.034375 0.0421875
0 0.457031 0.566406 0.0296875 0.0421875
0 0.210156 0.378906 0.0328125 0.0390625
0 0.516406 0.378125 0.0296875 0.0375
0 0.434375 0.507031 0.028125 0.0390625
0 0.255469 0.31875 0.0296875 0.040625
0 0.70625 0.829687 0.03125 0.04375
0 0.655469 0.696094 0.0296875 0.0359375
0 0.367969 0.609375 0.0296875 0.0375
0 0.3375 0.534375 0.03125 0.040625
0 0.773438 0.791406 0.03125 0.0421875
0 0.353125 0.432813 0.03125 0.034375
0 0.275781 0.467969 0.0265625 0.0390625
0 0.463281 0.421094 0.0296875 0.0390625
0 0.5125 0.603906 0.028125 0.0390625
0 0.471875 0.630469 0.03125 0.0359375
0 0.346094 0.673437 0.0296875 0.034375
0 0.557031 0.754687 0.0296875 0.040625
0 0.504687 0.51875 0.03125 0.040625
0 0.227344 0.480469 0.0296875 0.0359375
0 0.367969 0.291406 0.0296875 0.0390625
0 0.396094 0.659375 0.0328125 0.034375
0 0.730469 0.799219 0.0296875 0.0421875
0 0.504687 0.641406 0.03125 0.0421875
0 0.435156 0.720312 0.0328125 0.04375
0 0.484375 0.842969 0.03125 0.0359375
0 0.480469 0.496875 0.0296875 0.0375
0 0.639844 0.871094 0.0328125 0.0390625
0 0.407813 0.574219 0.028125 0.0390625
0 0.377344 0.692187 0.0296875 0.040625
0 0.279687 0.263281 0.03125 0.0390625
0 0.64375 0.650781 0.028125 0.0390625
0 0.516406 0.321875 0.0296875 0.040625
0 0.717188 0.65 0.028125 0.040625
0 0.461719 0.269531 0.0296875 0.0359375
0 0.453125 0.680469 0.03125 0.0421875
0 0.56875 0.529688 0.03125 0.040625
0 0.685938 0.66875 0.03125 0.0375
0 0.567187 0.715625 0.03125 0.040625
0 0.44375 0.6375 0.03125 0.0375
0 0.480469 0.75 0.0296875 0.0375
0 0.314844 0.546875 0.0265625 0.040625
0 0.516406 0.417188 0.0296875 0.040625
0 0.528906 0.663281 0.0296875 0.0421875
0 0.603906 0.710156 0.0328125 0.0421875
0 0.482031 0.799219 0.0296875 0.0453125
0 0.491406 0.347656 0.0265625 0.0390625
0 0.424219 0.667969 0.0296875 0.0453125
0 0.282031 0.5375 0.0296875 0.040625
0 0.533594 0.7375 0.0328125 0.040625
0 0.658594 0.847656 0.0296875 0.0421875
0 0.455469 0.522656 0.0328125 0.0390625
0 0.532812 0.7 0.03125 0.04375
0 0.240625 0.410156 0.03125 0.0421875
0 0.31875 0.65 0.03125 0.04375
0 0.340625 0.271094 0.025 0.0390625
0 0.604688 0.760156 0.028125 0.0390625
0 0.478125 0.551562 0.03125 0.04375
0 0.641406 0.496875 0.0296875 0.034375
0 0.50625 0.771875 0.03125 0.040625
0 0.567187 0.673437 0.03125 0.040625
