0 0.224219 0.55 0.0484375 0.059375
0 0.45 0.8125 0.0375 0.071875
0 0.473437 0.500781 0.05 0.0640625
0 0.569531 0.382812 0.0421875 0.0625
0 0.2375 0.601562 0.04375 0.05
0 0.224219 0.65 0.0421875 0.059375
0 0.1375 0.685156 0.040625 0.0546875
0 0.789844 0.6625 0.0421875 0.05
0 0.786719 0.336719 0.0453125 0.0640625
0 0.263281 0.676562 0.0421875 0.05625
0 0.689844 0.765625 0.0484375 0.059375
0 0.472656 0.360156 0.0390625 0.0546875
0 0.485938 0.423438 0.046875 0.059375
0 0.613281 0.775781 0.0484375 0.0578125
0 0.548437 0.814844 0.046875 0.0640625
0 0.821875 0.609375 0.040625 0.059375
0 0.51875 0.367188 0.046875 0.06875
0 0.840625 0.521875 0.05 0.059375
0 0.110937 0.735156 0.04375 0.0609375
0 0.0804688 0.689062 0.0453125 0.059375
0 0.314844 0.516406 0.0421875 0.0609375
0 0.660937 0.433594 0.053125 0.0671875
0 0.2375 0.394531 0.040625 0.0640625
0 0.798437 0.498437 0.053125 0.059375
0 0.177344 0.527344 0.0484375 0.0578125
0 0.260938 0.503906 0.04375 0.0640625
0 0.375781 0.494531 0.0484375 0.0640625
0 0.589844 0.250781 0.0515625 0.0671875
0 0.771094 0.624219 0.0515625 0.0671875
0 0.747656 0.676562 0.0484375 0.0625
0 0.701563 0.707812 0.05 0.0625
0 0.635156 0.564062 0.0484375 0.0625
0 0.334375 0.473437 0.04375 0.059375
0 0.540625 0.711719 0.046875 0.0546875
0 0.684375 0.576563 0.046875 0.0625
0 0.594531 0.540625 0.0453125 0.065625
0 0.300781 0.697656 0.0515625 0.0640625
0 0.832031 0.446875 0.0484375 0.06875
0 0.7375 0.502344 0.053125 0.0703125
0 0.521094 0.551562 0.0421875 0.0625
0 0.63125 0.275 0.04375 0.065625
0 0.255469 0.452344 0.0453125 0.0578125
0 0.546875 0.30625 0.05 0.06875
0 0.428125 0.504687 0.05 0.059375
0 0.388281 0.645312 0.0484375 0.0625
0 0.432813 0.378125 0.04375 0.0625
0 0.459375 0.551562 0.046875 0.0625
0 0.171875 0.467969 0.04375 0.0640625
0 0.739062 0.754687 0.05 0.0625
0 0.182031 0.644531 0.0421875 0.0609375
0 0.621094 0.664844 0.0453125 0.0578125
0 0.728125 0.319531 0.05 0.0640625
0 0.492188 0.238281 0.05 0.0671875
0 0.583594 0.704687 0.0421875 0.0625
0 0.596094 0.324219 0.0484375 0.0671875
0 0.492969 0.599219 0.0484375 0.0578125
0 0.402344 0.702344 0.0484375 0.0609375
0 0.495313 0.815625 0.04375 0.059375
0 0.210938 0.433594 0.046875 0.0609375
0 0.742188 0.565625 0.046875 0.0625
0 0.642187 0.620313 0.05 0.0625
0 0.121094 0.442187 0.0484375 0.0625
0 0.421094 0.604688 0.0421875 0.0625
0 0.182812 0.585156 0.040625 0.0640625
0 0.347656 0.728125 0.0453125 0.0625
0 0.435156 0.438281 0.0484375 0.0640625
0 0.579687 0.851562 0.05 0.0625
0 0.70625 0.617969 0.05 0.0578125
0 0.542188 0.450781 0.053125 0.0640625
0 0.382031 0.771094 0.0453125 0.0609375
0 0.429688 0.316406 0.04375 0.0546875
0 0.354688 0.667188 0.04375 0.0625
0 0.155469 0.409375 0.0453125 0.059375
0 0.354688 0.392188 0.046875 0.0625
0 0.228125 0.708594 0.04375 0.0578125
0 0.194531 0.767187 0.0421875 0.05625
0 0.597656 0.619531 0.0484375 0.0609375
0 0.682813 0.814062 0.046875 0.05625
0 0.229687 0.492188 0.040625 0.05
0 0.792188 0.557813 0.05 0.0625
0 0.410937 0.239063 0.05 0.065625
0 0.453906 0.715625 0.0421875 0.059375
0 0.264844 0.342969 0.0484375 0.0609375
0 0.548437 0.516406 0.05 0.0671875
0 0.692187 0.364062 0.05 0.065625
0 0.630469 0.841406 0.0484375 0.0671875
0 0.478125 0.303125 0.04375 0.059375
0 0.626562 0.495313 0.053125 0.065625
0 0.571094 0.767969 0.0453125 0.0609375
0 0.396094 0.553906 0.0453125 0.0609375
0 0.286719 0.571094 0.0484375 0.0609375
0 0.590625 0.450781 0.05 0.0703125
0 0.680469 0.516406 0.0546875 0.0640625
0 0.453125 0.65625 0.046875 0.05625
0 0.29375 0.630469 0.04375 0.0609375
0 0.7875 0.727344 0.05 0.0640625
0 0.83125 0.388281 0.046875 0.0609375
0 0.486719 0.767187 0.0515625 0.065625
0 0.694531 0.289844 0.0453125 0.0640625
0 0.620313 0.391406 0.05 0.0640625
0 0.367969 0.583594 0.0421875 0.0578125
0 0.642969 0.341406 0.0546875 0.0640625
0 0.307031 0.353125 0.0453125 0.0625
0 0.354688 0.335156 0.046875 0.0609375
0 0.394531 0.359375 0.0421875 0.059375
0 0.352344 0.530469 0.0421875 0.0546875
0 0.33125 0.594531 0.04375 0.0578125
0 0.771875 0.416406 0.053125 0.0703125
0 0.157813 0.730469 0.04375 0.0578125
0 0.392188 0.427344 0.046875 0.0640625
0 0.43125 0.751562 0.04375 0.059375
0 0.704687 0.846875 0.0375 0.053125
0 0.732031 0.383594 0.0484375 0.0609375
0 0.70625 0.45 0.053125 0.0625
0 0.630469 0.724219 0.0453125 0.0609375
0 0.548437 0.603125 0.053125 0.065625
0 0.66875 0.678125 0.046875 0.05625
0 0.375 0.282813 0.05 0.059375
0 0.532812 0.660156 0.05 0.0609375
0 0.283594 0.396875 0.0453125 0.0625
