0 0.629687 0.69375 0.040625 0.0375
0 0.561719 0.567187 0.0484375 0.046875
0 0.196875 0.71875 0.028125 0.028125
0 0.291406 0.835156 0.0265625 0.0390625
0 0.451562 0.622656 0.040625 0.0515625
0 0.196094 0.717188 0.0421875 0.04375
0 0.209375 0.775781 0.028125 0.0359375
0 0.797656 0.525781 0.0453125 0.0515625
0 0.348437 0.173438 0.046875 0.071875
0 0.203906 0.567187 0.0328125 0.04375
0 0.310156 0.551562 0.0453125 0.05625
0 0.200781 0.227344 0.0484375 0.0640625
0 0.624219 0.788281 0.0421875 0.0546875
0 0.525781 0.590625 0.0421875 0.05
0 0.726562 0.474219 0.053125 0.0609375
0 0.539062 0.694531 0.028125 0.0546875
0 0.773438 0.632031 0.05 0.0578125
0 0.588281 0.361719 0.0453125 0.0671875
0 0.816406 0.319531 0.0453125 0.0609375
0 0.225 0.459375 0.046875 0.059375
0 0.736719 0.717188 0.0421875 0.046875
0 0.348437 0.338281 0.05 0.0578125
0 0.117188 0.407813 0.04375 0.059375
0 0.400781 0.367969 0.0484375 0.0609375
0 0.575 0.748438 0.040625 0.053125
0 0.289062 0.665625 0.034375 0.046875
0 0.671875 0.384375 0.053125 0.065625
0 0.630469 0.667188 0.0421875 0.053125
0 0.328125 0.732031 0.046875 0.0578125
0 0.471094 0.81875 0.0421875 0.04375
0 0.419531 0.48125 0.0453125 0.05625
0 0.435937 0.221875 0.053125 0.06875
0 0.0960938 0.29375 0.0453125 0.071875
0 0.410156 0.599219 0.0484375 0.0609375
0 0.175 0.364844 0.040625 0.0515625
0 0.775781 0.295312 0.0484375 0.065625
0 0.39375 0.170312 0.04375 0.06875
0 0.770312 0.425 0.05 0.05625
0 0.107813 0.351562 0.04375 0.0625
0 0.700781 0.441406 0.0484375 0.0578125
0 0.442187 0.678906 0.04375 0.0515625
0 0.883594 0.425781 0.0484375 0.0640625
0 0.448438 0.567187 0.040625 0.059375
0 0.123438 0.567187 0.040625 0.05625
0 0.449219 0.39375 0.0453125 0.0625
0 0.374219 0.471094 0.0453125 0.0609375
0 0.826563 0.470313 0.05 0.059375
0 0.198437 0.692187 0.046875 0.05
0 0.247656 0.267188 0.0421875 0.0625
0 0.624219 0.400781 0.0515625 0.0609375
0 0.6125 0.297656 0.053125 0.0703125
0 0.216406 0.400781 0.0359375 0.0453125
0 0.507812 0.825 0.040625 0.04375
0 0.267188 0.501562 0.05 0.05625
0 0.845312 0.513281 0.05 0.0609375
0 0.372656 0.647656 0.0484375 0.0640625
0 0.128125 0.664062 0.04375 0.053125
0 0.635938 0.739844 0.04375 0.0515625
0 0.260156 0.452344 0.0484375 0.0546875
0 0.366406 0.290625 0.0453125 0.0625
0 0.820312 0.619531 0.05 0.0546875
0 0.285937 0.179688 0.04375 0.06875
0 0.778125 0.489844 0.05 0.0578125
0 0.548437 0.807031 0.040625 0.0578125
0 0.542188 0.634375 0.05 0.0625
0 0.11875 0.4625 0.040625 0.059375
0 0.30625 0.809375 0.040625 0.04375
0 0.282031 0.616406 0.0453125 0.0546875
0 0.46875 0.267969 0.05 0.0671875
0 0.64375 0.338281 0.05 0.0640625
0 0.396094 0.255469 0.0484375 0.0671875
0 0.572656 0.704687 0.0421875 0.053125
0 0.576563 0.419531 0.05 0.0640625
0 0.421875 0.708594 0.04375 0.0515625
0 0.696875 0.323438 0.05 0.065625
0 0.189844 0.2875 0.0484375 0.06875
0 0.0828125 0.542969 0.046875 0.0546875
0 0.796094 0.567969 0.0453125 0.0546875
0 0.359375 0.567969 0.046875 0.0609375
0 0.328906 0.233594 0.0453125 0.0671875
0 0.228906 0.514844 0.0421875 0.0546875
0 0.725781 0.669531 0.0484375 0.0609375
0 0.285937 0.75625 0.04375 0.053125
0 0.853125 0.564062 0.05 0.0625
0 0.134375 0.628125 0.040625 0.05625
0 0.08125 0.423438 0.04375 0.0625
0 0.730469 0.369531 0.0515625 0.0671875
0 0.549219 0.267188 0.0515625 0.065625
0 0.165625 0.489844 0.046875 0.0609375
0 0.75 0.557813 0.04375 0.05
0 0.459375 0.727344 0.040625 0.0453125
0 0.640625 0.502344 0.04375 0.0546875
0 0.171094 0.425781 0.0390625 0.0609375
0 0.29375 0.708594 0.040625 0.0484375
0 0.09375 0.582812 0.040625 0.05
0 0.635938 0.616406 0.04375 0.0484375
0 0.353906 0.800781 0.0359375 0.0453125
0 0.286719 0.30625 0.0484375 0.0625
0 0.725781 0.616406 0.0421875 0.0484375
0 0.685156 0.521875 0.0484375 0.059375
0 0.413281 0.539844 0.0484375 0.0609375
0 0.55 0.202344 0.05 0.0671875
0 0.486719 0.707031 0.0390625 0.0484375
0 0.660156 0.453906 0.0453125 0.0578125
0 0.349219 0.692969 0.0421875 0.0484375
0 0.472656 0.667969 0.0421875 0.0515625
0 0.458594 0.507031 0.0484375 0.0609375
0 0.458594 0.148438 0.0515625 0.06875
0 0.254687 0.708594 0.04375 0.0546875
0 0.503125 0.771094 0.040625 0.0484375
0 0.421875 0.314844 0.05 0.0671875
0 0.342969 0.59375 0.0421875 0.053125
0 0.14375 0.260938 0.04375 0.065625
0 0.300781 0.369531 0.0515625 0.0609375
0 0.253906 0.389844 0.0453125 0.0578125
0 0.592188 0.641406 0.046875 0.0515625
0 0.135937 0.519531 0.04375 0.0578125
0 0.18125 0.63125 0.046875 0.059375
0 0.25 0.207031 0.05 0.0609375
0 0.159375 0.691406 0.040625 0.0453125
0 0.576563 0.492188 0.046875 0.053125
0 0.232031 0.566406 0.0421875 0.0546875
0 0.285156 0.245312 0.0453125 0.0625
0 0.597656 0.228906 0.0484375 0.0703125
0 0.370313 0.720312 0.040625 0.046875
0 0.241406 0.621875 0.0484375 0.053125
0 0.09375 0.490625 0.040625 0.05625
0 0.789062 0.369531 0.053125 0.0640625
0 0.519531 0.667969 0.0421875 0.0484375
0 0.251563 0.31875 0.040625 0.053125
0 0.497656 0.408594 0.0515625 0.0671875
0 0.545313 0.339844 0.05 0.0671875
0 0.505469 0.227344 0.0515625 0.0671875
0 0.471094 0.346094 0.0484375 0.0609375
0 0.610156 0.541406 0.0484375 0.0546875
0 0.909375 0.539062 0.046875 0.059375
0 0.330469 0.482031 0.0515625 0.0640625
0 0.145313 0.31875 0.046875 0.0625
0 0.738281 0.520312 0.0453125 0.053125
0 0.709375 0.564844 0.046875 0.0609375
0 0.596875 0.59375 0.046875 0.05
0 0.707031 0.2625 0.0515625 0.0625
0 0.676562 0.70625 0.04375 0.05
0 0.530469 0.501562 0.0453125 0.053125
0 0.509375 0.73125 0.04375 0.05625
0 0.214844 0.355469 0.0453125 0.0609375
0 0.492969 0.542969 0.0421875 0.0546875
0 0.26875 0.544531 0.040625 0.0546875
0 0.494531 0.630469 0.0421875 0.0546875
0 0.403906 0.799219 0.0390625 0.0453125
0 0.31875 0.664062 0.040625 0.053125
0 0.49375 0.478125 0.04375 0.05625
0 0.830469 0.405469 0.0484375 0.0609375
0 0.409375 0.744531 0.0375 0.0484375
0 0.442969 0.757812 0.0359375 0.046875
0 0.303125 0.41875 0.04375 0.05625
0 0.321875 0.78125 0.0375 0.05
0 0.444531 0.459375 0.0484375 0.065625
0 0.645312 0.20625 0.046875 0.0625
0 0.19375 0.529688 0.040625 0.05
0 0.680469 0.60625 0.0453125 0.053125
0 0.613281 0.466406 0.0515625 0.0609375
0 0.545313 0.454688 0.046875 0.05625
0 0.39375 0.423438 0.046875 0.0625
0 0.417969 0.653125 0.0421875 0.053125
0 0.392969 0.68125 0.0421875 0.05
0 0.669531 0.653906 0.0421875 0.0515625
0 0.367969 0.514844 0.0421875 0.0515625
0 0.228125 0.749219 0.040625 0.0484375
0 0.505469 0.305469 0.0515625 0.0640625
0 0.654688 0.275 0.05 0.06875
0 0.344531 0.41875 0.0484375 0.0625
0 0.654688 0.5625 0.053125 0.0625
0 0.229687 0.672656 0.040625 0.0546875
