0 0.410156 0.842188 0.0328125 0.034375
0 0.478125 0.344531 0.053125 0.0796875
0 0.557813 0.264062 0.0625 0.071875
0 0.71875 0.664062 0.053125 0.053125
0 0.646875 0.827344 0.03125 0.0515625
0 0.751562 0.425 0.046875 0.065625
0 0.591406 0.657031 0.0390625 0.0453125
0 0.845312 0.39375 0.04375 0.05625
0 0.661719 0.546875 0.0515625 0.0625
0 0.832812 0.654688 0.04375 0.053125
0 0.571875 0.364844 0.05 0.0671875
0 0.725 0.330469 0.040625 0.0609375
0 0.774219 0.664062 0.0453125 0.053125
0 0.521094 0.560156 0.0484375 0.0578125
0 0.657812 0.585156 0.046875 0.0546875
0 0.145313 0.571094 0.05 0.0734375
0 0.398438 0.797656 0.05 0.0671875
0 0.423438 0.454688 0.05625 0.06875
0 0.657812 0.292188 0.05625 0.078125
0 0.297656 0.345313 0.0578125 0.075
0 0.735156 0.71875 0.0484375 0.0625
0 0.465625 0.840625 0.04375 0.053125
0 0.203125 0.417188 0.053125 0.071875
0 0.8 0.313281 0.05 0.0703125
0 0.8375 0.748438 0.046875 0.05625
0 0.571875 0.864062 0.05 0.059375
0 0.31875 0.139062 0.05625 0.0875
0 0.779688 0.742188 0.04375 0.065625
0 0.435156 0.391406 0.0484375 0.0671875
0 0.149219 0.2875 0.0515625 0.075
0 0.611719 0.503125 0.0421875 0.059375
0 0.214062 0.479688 0.046875 0.06875
0 0.685156 0.878906 0.0484375 0.0546875
0 0.655469 0.424219 0.0546875 0.0640625
0 0.511719 0.492969 0.0515625 0.0765625
0 0.594531 0.292188 0.0484375 0.078125
0 0.301562 0.271094 0.05625 0.0734375
0 0.425 0.31875 0.059375 0.078125
0 0.845312 0.833594 0.046875 0.0609375
0 0.436719 0.651563 0.0484375 0.065625
0 0.521875 0.376563 0.053125 0.065625
0 0.374219 0.165625 0.0515625 0.071875
0 0.108594 0.523438 0.0484375 0.06875
0 0.396875 0.735937 0.046875 0.05625
0 0.376563 0.574219 0.053125 0.0609375
0 0.494531 0.803125 0.0453125 0.05
0 0.725781 0.146094 0.0515625 0.0765625
0 0.109375 0.332812 0.053125 0.06875
0 0.524219 0.317187 0.0578125 0.071875
0 0.382031 0.275781 0.0578125 0.0765625
0 0.421875 0.154687 0.040625 0.065625
0 0.748438 0.942969 0.046875 0.0546875
0 0.710156 0.521875 0.0484375 0.05625
0 0.572656 0.114844 0.0546875 0.0765625
0 0.3125 0.549219 0.04375 0.0578125
0 0.440625 0.759375 0.040625 0.046875
0 0.228125 0.167187 0.0625 0.090625
0 0.1875 0.234375 0.05 0.065625
0 0.619531 0.576563 0.0484375 0.065625
0 0.285156 0.421094 0.0515625 0.0734375
0 0.797656 0.425 0.0515625 0.06875
0 0.878906 0.582812 0.0515625 0.059375
0 0.739062 0.257031 0.04375 0.0671875
0 0.760156 0.192188 0.0484375 0.071875
0 0.289062 0.200781 0.05625 0.0703125
0 0.772656 0.502344 0.0484375 0.0765625
0 0.213281 0.792969 0.0484375 0.0515625
0 0.628125 0.075 0.053125 0.084375
0 0.833594 0.557031 0.0421875 0.0703125
0 0.560156 0.796094 0.0515625 0.0640625
0 0.160156 0.504687 0.0546875 0.065625
0 0.880469 0.440625 0.0484375 0.065625
0 0.352344 0.808594 0.0453125 0.0546875
0 0.585938 0.189844 0.05625 0.0734375
0 0.499219 0.130469 0.0671875 0.0828125
0 0.414844 0.525781 0.0484375 0.0734375
0 0.81875 0.364062 0.059375 0.06875
0 0.257812 0.690625 0.046875 0.065625
0 0.534375 0.742188 0.05 0.06875
0 0.282813 0.600781 0.053125 0.0671875
0 0.578125 0.625781 0.053125 0.0640625
0 0.56875 0.497656 0.053125 0.0734375
0 0.589063 0.732031 0.04375 0.0671875
0 0.25 0.242188 0.05 0.06875
0 0.215625 0.739844 0.05 0.0640625
0 0.344531 0.317187 0.0546875 0.075
0 0.338281 0.225 0.0578125 0.065625
0 0.665625 0.48125 0.053125 0.0625
0 0.46875 0.552344 0.05 0.0765625
0 0.470313 0.194531 0.05625 0.0796875
0 0.684375 0.346875 0.05 0.06875
0 0.707812 0.602344 0.053125 0.0703125
0 0.629687 0.150781 0.053125 0.0734375
0 0.296875 0.665625 0.053125 0.06875
0 0.482812 0.425 0.053125 0.0625
0 0.114844 0.396875 0.0515625 0.065625
0 0.349219 0.747656 0.0515625 0.0609375
0 0.119531 0.460156 0.0484375 0.0578125
0 0.767969 0.799219 0.0390625 0.0515625
0 0.240625 0.378125 0.059375 0.08125
0 0.547656 0.677344 0.0515625 0.0671875
0 0.467187 0.482031 0.05 0.0640625
0 0.875 0.619531 0.040625 0.0515625
0 0.313281 0.4875 0.0546875 0.071875
0 0.251563 0.464063 0.053125 0.075
0 0.364844 0.451562 0.0515625 0.075
0 0.546875 0.432031 0.05 0.0671875
0 0.157813 0.430469 0.05 0.0703125
0 0.69375 0.203906 0.065625 0.0734375
0 0.680469 0.714063 0.0515625 0.059375
0 0.114063 0.582031 0.04375 0.0578125
0 0.525 0.0703125 0.05 0.065625
0 0.596875 0.440625 0.05 0.075
0 0.529688 0.194531 0.053125 0.0859375
0 0.619531 0.764063 0.0453125 0.0625
0 0.195312 0.319531 0.05625 0.0703125
0 0.257031 0.533594 0.0546875 0.0609375
0 0.457031 0.0773437 0.0609375 0.0984375
0 0.717969 0.469531 0.0484375 0.0640625
0 0.342969 0.392969 0.0578125 0.0734375
0 0.761719 0.366406 0.0453125 0.0734375
0 0.384375 0.639844 0.053125 0.0703125
0 0.924219 0.569531 0.0484375 0.0671875
0 0.39375 0.0929687 0.05625 0.0671875
0 0.700781 0.279687 0.0515625 0.06875
0 0.758594 0.627344 0.0453125 0.0546875
0 0.164844 0.357031 0.0546875 0.0671875
0 0.389062 0.364062 0.05625 0.06875
0 0.258594 0.307031 0.0515625 0.0671875
0 0.825 0.480469 0.05 0.0578125
0 0.342187 0.692187 0.05 0.059375
0 0.744531 0.773438 0.0421875 0.053125
0 0.678125 0.116406 0.05625 0.0765625
0 0.360156 0.51875 0.0515625 0.071875
0 0.66875 0.782031 0.046875 0.0578125
0 0.61875 0.228906 0.05625 0.0703125
0 0.470313 0.269531 0.053125 0.0734375
0 0.333594 0.602344 0.0453125 0.0609375
0 0.495313 0.671875 0.053125 0.065625
0 0.245312 0.628125 0.05 0.0625
0 0.746875 0.871094 0.04375 0.0578125
0 0.870313 0.702344 0.04375 0.0578125
0 0.107031 0.641406 0.0484375 0.0671875
0 0.632812 0.89375 0.046875 0.05
0 0.273438 0.811719 0.05 0.0640625
0 0.203906 0.563281 0.0453125 0.0734375
0 0.259375 0.760156 0.053125 0.0640625
0 0.633594 0.7 0.0515625 0.0625
0 0.3125 0.76875 0.046875 0.05625
0 0.167969 0.689844 0.0546875 0.0671875
0 0.478906 0.614062 0.0546875 0.065625
0 0.608594 0.83125 0.0421875 0.0625
0 0.303125 0.715625 0.05 0.05625
0 0.419531 0.227344 0.0515625 0.0734375
0 0.149219 0.632812 0.0546875 0.065625
0 0.625 0.35625 0.05625 0.06875
0 0.194531 0.617188 0.0515625 0.065625
0 0.820312 0.714844 0.04375 0.0578125
0 0.119531 0.717969 0.0484375 0.0640625
0 0.707031 0.407813 0.0484375 0.065625
0 0.769531 0.576563 0.0484375 0.065625
0 0.819531 0.614844 0.0484375 0.0640625
0 0.701563 0.80625 0.04375 0.053125
0 0.39375 0.692187 0.05 0.05625
0 0.433594 0.713281 0.0515625 0.0671875
0 0.641406 0.640625 0.0453125 0.059375
0 0.880469 0.509375 0.0453125 0.0625
0 0.570312 0.564062 0.05625 0.06875
0 0.153906 0.758594 0.0515625 0.0609375
0 0.527344 0.61875 0.0515625 0.065625
0 0.480469 0.73125 0.0453125 0.059375
0 0.432031 0.589844 0.0546875 0.0640625
0 0.207813 0.673437 0.053125 0.065625
