0 0.675781 0.65 0.0640625 0.078125
0 0.308594 0.783594 0.0546875 0.0640625
0 0.703906 0.888281 0.0703125 0.0546875
0 0.35 0.353906 0.084375 0.0921875
0 0.348437 0.853906 0.059375 0.0703125
0 0.767969 0.878125 0.0578125 0.06875
0 0.449219 0.810938 0.0640625 0.0625
0 0.713281 0.744531 0.0703125 0.0671875
0 0.66875 0.835156 0.0625 0.0609375
0 0.529688 0.797656 0.06875 0.0921875
0 0.610937 0.678906 0.06875 0.0765625
0 0.833594 0.682031 0.0796875 0.0796875
0 0.432031 0.85625 0.0640625 0.078125
0 0.898438 0.635938 0.065625 0.09375
0 0.349219 0.778906 0.0671875 0.0796875
0 0.642187 0.884375 0.05625 0.071875
0 0.285937 0.709375 0.075 0.071875
0 0.738281 0.824219 0.0640625 0.0734375
0 0.165625 0.745313 0.053125 0.065625
0 0.552344 0.527344 0.0671875 0.0890625
0 0.845312 0.769531 0.05625 0.0734375
0 0.219531 0.715625 0.0578125 0.08125
0 0.505469 0.604688 0.0609375 0.084375
0 0.461719 0.539062 0.0703125 0.08125
0 0.817187 0.836719 0.06875 0.0609375
0 0.639844 0.760938 0.0671875 0.06875
0 0.375781 0.686719 0.0609375 0.0890625
0 0.574219 0.339063 0.0796875 0.096875
0 0.441406 0.615625 0.0671875 0.0875
0 0.566406 0.870313 0.0640625 0.0625
0 0.741406 0.689844 0.0703125 0.0859375
0 0.541406 0.674219 0.0703125 0.0609375
0 0.414062 0.758594 0.06875 0.0671875
0 0.710156 0.488281 0.0765625 0.0953125
0 0.504687 0.86875 0.059375 0.071875
0 0.505469 0.717969 0.0671875 0.0671875
0 0.322656 0.642969 0.0703125 0.0796875
0 0.375 0.594531 0.06875 0.0765625
0 0.577344 0.447656 0.0796875 0.104687
0 0.842188 0.533594 0.08125 0.0828125
0 0.845312 0.61875 0.059375 0.09375
0 0.274219 0.38125 0.0703125 0.109375
0 0.570312 0.741406 0.0625 0.0796875
0 0.753906 0.603906 0.0671875 0.0953125
0 0.263281 0.578125 0.0609375 0.078125
0 0.604688 0.807031 0.0625 0.0765625
0 0.613281 0.601562 0.0734375 0.0875
0 0.210156 0.54375 0.0703125 0.090625
0 0.6875 0.584375 0.075 0.090625
0 0.510156 0.389062 0.0703125 0.09375
0 0.317187 0.555469 0.071875 0.0921875
0 0.778906 0.423438 0.0796875 0.096875
0 0.458594 0.684375 0.0671875 0.078125
0 0.201562 0.619531 0.06875 0.0734375
0 0.670313 0.414844 0.071875 0.0984375
0 0.399219 0.442969 0.0859375 0.107813
0 0.482812 0.45625 0.071875 0.103125
0 0.33125 0.446875 0.065625 0.09375
0 0.236719 0.79375 0.0671875 0.071875
0 0.375 0.257812 0.075 0.109375
0 0.382812 0.509375 0.071875 0.090625
0 0.642969 0.499219 0.0796875 0.0921875
0 0.43125 0.353125 0.0875 0.115625
0 0.249219 0.495313 0.0796875 0.096875
0 0.520312 0.258594 0.08125 0.110937
