0 0.724219 0.423438 0.0390625 0.059375
0 0.820312 0.558594 0.03125 0.0421875
0 0.261719 0.7 0.0421875 0.05
0 0.823438 0.508594 0.046875 0.0640625
0 0.773438 0.509375 0.040625 0.059375
0 0.560156 0.338281 0.0453125 0.0640625
0 0.173438 0.733594 0.04375 0.0546875
0 0.210156 0.753125 0.0390625 0.059375
0 0.353125 0.651563 0.04375 0.05625
0 0.535937 0.539062 0.040625 0.053125
0 0.439063 0.315625 0.040625 0.053125
0 0.333594 0.477344 0.0421875 0.0609375
0 0.402344 0.523438 0.0453125 0.053125
0 0.610156 0.4125 0.0390625 0.059375
0 0.310937 0.714844 0.040625 0.0515625
0 0.644531 0.327344 0.0453125 0.0609375
0 0.733594 0.369531 0.0421875 0.0578125
0 0.639844 0.391406 0.0421875 0.0546875
0 0.596875 0.352344 0.040625 0.0609375
0 0.310156 0.671094 0.0390625 0.0578125
0 0.752344 0.553125 0.0421875 0.05625
0 0.439844 0.665625 0.0421875 0.05
0 0.670313 0.350781 0.040625 0.0609375
0 0.428906 0.257812 0.0453125 0.059375
0 0.517969 0.367188 0.0421875 0.053125
0 0.435937 0.371875 0.04375 0.0625
0 0.551562 0.592188 0.040625 0.053125
0 0.575 0.455469 0.04375 0.0484375
0 0.553125 0.265625 0.04375 0.0625
0 0.472656 0.227344 0.0453125 0.0609375
0 0.336719 0.757812 0.0390625 0.05625
0 0.353125 0.525 0.04375 0.05625
0 0.24375 0.803125 0.040625 0.059375
0 0.515625 0.241406 0.04375 0.0609375
0 0.205469 0.614062 0.0484375 0.059375
0 0.391406 0.300781 0.0421875 0.0609375
0 0.153906 0.792969 0.0453125 0.0515625
0 0.438281 0.441406 0.0453125 0.0578125
0 0.561719 0.642969 0.0390625 0.0546875
0 0.614062 0.477344 0.04375 0.0578125
0 0.667969 0.596094 0.0421875 0.0578125
0 0.507812 0.703125 0.0375 0.053125
0 0.59375 0.294531 0.04375 0.0609375
0 0.471094 0.703125 0.0390625 0.053125
0 0.296875 0.444531 0.04375 0.0609375
0 0.820312 0.616406 0.0375 0.0546875
0 0.779688 0.645312 0.040625 0.05625
0 0.335156 0.346875 0.0515625 0.0625
0 0.734375 0.729688 0.040625 0.05625
0 0.427344 0.717188 0.0421875 0.05
0 0.796094 0.583594 0.0390625 0.0546875
0 0.720312 0.507031 0.040625 0.0609375
0 0.303906 0.769531 0.0390625 0.0546875
0 0.704687 0.304688 0.04375 0.053125
0 0.475 0.342969 0.04375 0.0609375
0 0.782812 0.422656 0.04375 0.0546875
0 0.632812 0.678906 0.040625 0.0578125
0 0.439844 0.613281 0.0390625 0.0546875
0 0.744531 0.669531 0.0390625 0.0546875
0 0.478906 0.427344 0.0453125 0.0578125
0 0.632031 0.569531 0.0390625 0.0578125
0 0.246875 0.578125 0.046875 0.059375
0 0.66875 0.289062 0.046875 0.059375
0 0.714063 0.641406 0.0375 0.0515625
0 0.220313 0.690625 0.040625 0.05
0 0.584375 0.553906 0.040625 0.0546875
0 0.476562 0.280469 0.046875 0.0578125
0 0.688281 0.545313 0.0421875 0.053125
0 0.38125 0.728125 0.040625 0.05625
0 0.328125 0.619531 0.040625 0.0546875
0 0.367969 0.590625 0.0421875 0.05625
0 0.653906 0.446875 0.0390625 0.059375
0 0.18125 0.678125 0.04375 0.059375
0 0.466406 0.574219 0.0453125 0.0546875
0 0.529688 0.41875 0.04375 0.05625
0 0.570312 0.503906 0.040625 0.0578125
0 0.471875 0.483594 0.040625 0.0609375
0 0.395312 0.670313 0.040625 0.05625
0 0.505469 0.507031 0.0390625 0.0546875
0 0.532812 0.482812 0.0375 0.05
0 0.349219 0.707031 0.0421875 0.0546875
0 0.529688 0.642969 0.040625 0.0515625
0 0.696875 0.742969 0.040625 0.0515625
0 0.282031 0.61875 0.0421875 0.05625
0 0.482031 0.644531 0.0453125 0.0578125
0 0.657031 0.704687 0.0421875 0.05
0 0.629687 0.267188 0.04375 0.05625
0 0.328125 0.405469 0.046875 0.0578125
0 0.567187 0.394531 0.04375 0.0546875
0 0.807031 0.461719 0.0421875 0.0515625
0 0.307813 0.567187 0.04375 0.053125
0 0.592188 0.689062 0.0375 0.05
0 0.742969 0.607031 0.0390625 0.0546875
0 0.66875 0.657031 0.040625 0.0515625
0 0.257812 0.528906 0.04375 0.0515625
0 0.405469 0.403125 0.0453125 0.059375
0 0.553125 0.685156 0.040625 0.0515625
0 0.705469 0.580469 0.0390625 0.0515625
0 0.544531 0.207031 0.0453125 0.0578125
0 0.521875 0.305469 0.04375 0.0609375
0 0.394531 0.616406 0.0421875 0.0515625
0 0.670313 0.499219 0.04375 0.0546875
0 0.604688 0.607813 0.040625 0.053125
0 0.755469 0.458594 0.0421875 0.0578125
0 0.371094 0.365625 0.0453125 0.059375
0 0.511719 0.594531 0.0421875 0.0515625
0 0.704687 0.685156 0.0375 0.0515625
0 0.45625 0.533594 0.046875 0.0515625
0 0.245312 0.654688 0.04375 0.053125
0 0.304688 0.509375 0.040625 0.059375
0 0.26875 0.754687 0.040625 0.053125
0 0.6875 0.40625 0.046875 0.05625
0 0.39375 0.471875 0.046875 0.059375
0 0.63125 0.621875 0.040625 0.05
0 0.367188 0.422656 0.040625 0.0578125
0 0.595312 0.235156 0.046875 0.0640625
0 0.621094 0.521094 0.0453125 0.0546875
0 0.416406 0.572656 0.0421875 0.0578125
