0 0.847656 0.603906 0.0765625 0.104687
0 0.380469 0.757812 0.0734375 0.1
0 0.577344 0.628906 0.0890625 0.0984375
0 0.599219 0.69375 0.0703125 0.0875
0 0.90625 0.576563 0.0625 0.1125
0 0.684375 0.374219 0.084375 0.0921875
0 0.748438 0.409375 0.075 0.115625
0 0.750781 0.3125 0.0703125 0.1
0 0.80625 0.691406 0.071875 0.107813
0 0.799219 0.49375 0.0859375 0.11875
0 0.610937 0.45625 0.075 0.10625
0 0.686719 0.271094 0.0734375 0.110937
0 0.674219 0.482812 0.0796875 0.10625
0 0.740625 0.553906 0.08125 0.0984375
0 0.816406 0.403906 0.0765625 0.0859375
0 0.346875 0.674219 0.078125 0.120312
0 0.717188 0.657031 0.075 0.101562
0 0.560938 0.785156 0.078125 0.101562
0 0.423438 0.208594 0.08125 0.114063
0 0.505469 0.680469 0.0828125 0.0984375
0 0.4625 0.765625 0.075 0.103125
0 0.480469 0.301562 0.0734375 0.096875
0 0.18125 0.430469 0.078125 0.110937
0 0.671875 0.785937 0.071875 0.109375
0 0.739844 0.745313 0.0734375 0.103125
0 0.483594 0.592969 0.0859375 0.114063
0 0.261719 0.458594 0.0828125 0.101562
0 0.614062 0.219531 0.08125 0.0984375
0 0.235156 0.327344 0.0796875 0.101562
0 0.440625 0.384375 0.084375 0.1
0 0.639844 0.567187 0.0796875 0.096875
0 0.310937 0.265625 0.08125 0.10625
0 0.396094 0.56875 0.0890625 0.1125
0 0.210156 0.547656 0.0765625 0.120312
0 0.435156 0.685156 0.0890625 0.117188
0 0.460156 0.495313 0.0796875 0.115625
0 0.340625 0.163281 0.084375 0.101562
0 0.288281 0.585156 0.0828125 0.110937
0 0.3375 0.494531 0.0875 0.107813
0 0.319531 0.38125 0.0796875 0.115625
0 0.385938 0.321094 0.084375 0.120312
0 0.527344 0.49375 0.0765625 0.1
0 0.53125 0.394531 0.08125 0.120312
0 0.595312 0.321094 0.078125 0.120312
0 0.51875 0.208594 0.084375 0.110937
