0 0.45 0.853125 0.03125 0.034375
0 0.075 0.309375 0.034375 0.059375
0 0.729688 0.521094 0.040625 0.0515625
0 0.863281 0.499219 0.0421875 0.0546875
0 0.623438 0.585938 0.040625 0.05
0 0.274219 0.639063 0.0390625 0.05625
0 0.463281 0.301562 0.0453125 0.0625
0 0.423438 0.871875 0.0375 0.04375
0 0.525781 0.535937 0.0421875 0.05
0 0.611719 0.782031 0.0328125 0.0546875
0 0.657812 0.236719 0.05 0.0640625
0 0.791406 0.56875 0.0453125 0.053125
0 0.497656 0.398438 0.0484375 0.065625
0 0.73125 0.302344 0.05 0.0578125
0 0.158594 0.278906 0.0484375 0.0546875
0 0.810938 0.314063 0.040625 0.05625
0 0.828906 0.536719 0.0453125 0.0546875
0 0.264844 0.675 0.0390625 0.046875
0 0.164062 0.35 0.04375 0.059375
0 0.272656 0.126563 0.0453125 0.06875
0 0.660156 0.649219 0.0453125 0.0578125
0 0.311719 0.174219 0.0453125 0.0640625
0 0.463281 0.358594 0.0484375 0.0578125
0 0.248437 0.351562 0.046875 0.065625
0 0.865625 0.378125 0.046875 0.0625
0 0.797656 0.500781 0.0453125 0.0578125
0 0.360938 0.401563 0.04375 0.059375
0 0.866406 0.439844 0.0390625 0.0546875
0 0.297656 0.2375 0.0453125 0.065625
0 0.448438 0.76875 0.0375 0.04375
0 0.0976562 0.504687 0.0453125 0.0625
0 0.267969 0.767187 0.0484375 0.059375
0 0.346875 0.863281 0.040625 0.0578125
0 0.701563 0.415625 0.04375 0.053125
0 0.633594 0.489062 0.0484375 0.059375
0 0.771094 0.307813 0.0421875 0.059375
0 0.33125 0.505469 0.046875 0.0546875
0 0.296875 0.363281 0.04375 0.0609375
0 0.474219 0.520312 0.0453125 0.0625
0 0.663281 0.378125 0.0453125 0.05625
0 0.385156 0.689062 0.0390625 0.053125
0 0.148438 0.20625 0.046875 0.065625
0 0.386719 0.632812 0.0421875 0.059375
0 0.116406 0.446875 0.0453125 0.059375
0 0.507031 0.622656 0.0421875 0.0484375
0 0.141406 0.4125 0.0515625 0.0625
0 0.160938 0.492188 0.05 0.059375
0 0.685938 0.526563 0.040625 0.059375
0 0.378125 0.322656 0.053125 0.0640625
0 0.516406 0.432813 0.0390625 0.05
0 0.642187 0.291406 0.046875 0.0578125
0 0.730469 0.642187 0.0328125 0.05
0 0.422656 0.684375 0.0421875 0.05
0 0.334375 0.292969 0.05 0.0671875
0 0.786719 0.419531 0.0421875 0.0484375
0 0.585938 0.280469 0.046875 0.0671875
0 0.683594 0.467187 0.0453125 0.059375
0 0.358594 0.179688 0.0484375 0.065625
0 0.398438 0.442969 0.040625 0.0609375
0 0.314844 0.83125 0.0484375 0.059375
0 0.196094 0.390625 0.0421875 0.059375
0 0.671094 0.316406 0.0453125 0.0609375
0 0.245312 0.719531 0.04375 0.0578125
0 0.426562 0.317187 0.05 0.065625
0 0.779688 0.377344 0.046875 0.0578125
0 0.596875 0.476562 0.04375 0.0625
0 0.202344 0.332031 0.0515625 0.0640625
0 0.486719 0.241406 0.0515625 0.0671875
0 0.263281 0.582031 0.0453125 0.0546875
0 0.707812 0.576563 0.04375 0.05625
0 0.60625 0.205469 0.04375 0.0578125
0 0.107031 0.557813 0.0453125 0.05625
0 0.407813 0.201562 0.05 0.065625
0 0.621875 0.633594 0.040625 0.0515625
0 0.703125 0.366406 0.04375 0.0515625
0 0.815625 0.371875 0.040625 0.053125
0 0.514063 0.2 0.053125 0.065625
0 0.442969 0.238281 0.0453125 0.0640625
0 0.525781 0.783594 0.0453125 0.0546875
0 0.4125 0.772656 0.040625 0.0484375
0 0.410937 0.727344 0.040625 0.0484375
0 0.341406 0.677344 0.0421875 0.0578125
0 0.571875 0.565625 0.040625 0.059375
0 0.63125 0.679688 0.040625 0.053125
0 0.322656 0.419531 0.0421875 0.0609375
0 0.547656 0.315625 0.0421875 0.0625
0 0.19375 0.552344 0.04375 0.0546875
0 0.585938 0.728906 0.0375 0.0546875
0 0.597656 0.528125 0.0390625 0.053125
0 0.208594 0.658594 0.0390625 0.0515625
0 0.485938 0.467187 0.04375 0.05625
0 0.771875 0.469531 0.040625 0.0546875
0 0.254687 0.225781 0.05 0.0671875
0 0.533594 0.370313 0.0453125 0.059375
0 0.528906 0.266406 0.0515625 0.0671875
0 0.301562 0.678906 0.04375 0.0515625
0 0.189063 0.707812 0.04375 0.053125
0 0.679688 0.727344 0.040625 0.0515625
0 0.107031 0.36875 0.0484375 0.059375
0 0.527344 0.695312 0.0421875 0.053125
0 0.340625 0.353125 0.04375 0.05625
0 0.142969 0.555469 0.0390625 0.0578125
0 0.396094 0.576563 0.0421875 0.059375
0 0.559375 0.510938 0.04375 0.059375
0 0.73125 0.474219 0.053125 0.0640625
0 0.571875 0.776563 0.0375 0.05
0 0.357812 0.594531 0.04375 0.0578125
0 0.520312 0.49375 0.040625 0.05625
0 0.18125 0.450781 0.04375 0.0609375
0 0.421875 0.614844 0.040625 0.0546875
0 0.282813 0.302344 0.046875 0.0640625
0 0.620313 0.353906 0.040625 0.0578125
0 0.310156 0.729688 0.0390625 0.05625
0 0.74375 0.58125 0.040625 0.053125
0 0.745313 0.352344 0.04375 0.0578125
0 0.367969 0.746094 0.0453125 0.0578125
0 0.50625 0.324219 0.046875 0.0671875
0 0.170312 0.15625 0.053125 0.06875
0 0.35625 0.798437 0.046875 0.059375
0 0.39375 0.503906 0.040625 0.0578125
0 0.228906 0.174219 0.0484375 0.0671875
0 0.317187 0.570312 0.040625 0.05625
0 0.461719 0.18125 0.0515625 0.06875
0 0.172656 0.657031 0.0421875 0.0515625
0 0.542969 0.603125 0.0421875 0.053125
0 0.13125 0.635938 0.046875 0.05625
0 0.279687 0.417188 0.04375 0.059375
0 0.253906 0.480469 0.0484375 0.0609375
0 0.702344 0.632031 0.0421875 0.0515625
0 0.432813 0.530469 0.04375 0.0484375
0 0.305469 0.46875 0.0453125 0.059375
0 0.417188 0.828125 0.040625 0.05
0 0.545313 0.653125 0.040625 0.053125
0 0.23125 0.619531 0.04375 0.0546875
0 0.594531 0.667188 0.0421875 0.05625
0 0.107031 0.310156 0.0453125 0.0671875
0 0.395312 0.257031 0.046875 0.0578125
0 0.592969 0.6125 0.0421875 0.05625
0 0.24375 0.282031 0.046875 0.0640625
0 0.451562 0.730469 0.040625 0.0484375
0 0.221094 0.78125 0.0390625 0.053125
0 0.444531 0.470313 0.0453125 0.059375
0 0.828906 0.457031 0.0421875 0.0546875
0 0.45625 0.642969 0.04375 0.0546875
0 0.363281 0.541406 0.0484375 0.0578125
0 0.483594 0.780469 0.0390625 0.0546875
0 0.55625 0.45625 0.04375 0.05625
0 0.484375 0.68125 0.04375 0.0625
0 0.49375 0.730469 0.0375 0.0515625
0 0.617969 0.415625 0.0453125 0.059375
0 0.192188 0.617188 0.040625 0.05625
0 0.655469 0.435156 0.0453125 0.0609375
0 0.541406 0.735156 0.0453125 0.0546875
0 0.694531 0.261719 0.0484375 0.0640625
0 0.569531 0.410937 0.0484375 0.0625
0 0.346094 0.238281 0.0515625 0.0671875
0 0.239844 0.532031 0.0453125 0.0578125
0 0.854688 0.317187 0.04375 0.05625
0 0.694531 0.675 0.0421875 0.05
0 0.19375 0.221875 0.046875 0.0625
0 0.770312 0.535156 0.040625 0.0578125
0 0.579687 0.353906 0.040625 0.0546875
0 0.629687 0.734375 0.046875 0.05625
0 0.2375 0.408594 0.046875 0.0578125
0 0.282031 0.534375 0.0453125 0.059375
0 0.357031 0.471875 0.0484375 0.059375
0 0.454688 0.575 0.040625 0.05625
0 0.204688 0.499219 0.040625 0.0546875
0 0.407031 0.380469 0.0453125 0.0546875
0 0.319531 0.775781 0.0421875 0.0546875
0 0.319531 0.616406 0.0421875 0.0515625
0 0.445312 0.414844 0.05 0.0609375
0 0.669531 0.597656 0.0453125 0.0609375
0 0.742969 0.410937 0.0421875 0.05625
0 0.64375 0.535937 0.04375 0.059375
0 0.492188 0.573438 0.040625 0.05625
