0 0.692969 0.578906 0.0328125 0.0421875
0 0.185937 0.760156 0.040625 0.0359375
0 0.328906 0.525781 0.0453125 0.0609375
0 0.81875 0.413281 0.03125 0.0578125
0 0.3 0.325781 0.05 0.0734375
0 0.559375 0.571875 0.046875 0.053125
0 0.449219 0.245312 0.0515625 0.065625
0 0.489844 0.85625 0.0296875 0.040625
0 0.669531 0.630469 0.0453125 0.0578125
0 0.263281 0.735937 0.0453125 0.053125
0 0.222656 0.640625 0.0390625 0.06875
0 0.671094 0.728125 0.0390625 0.04375
0 0.323438 0.813281 0.04375 0.0515625
0 0.577344 0.2 0.0546875 0.05625
0 0.742969 0.202344 0.0484375 0.0609375
0 0.557031 0.780469 0.0421875 0.0484375
0 0.264062 0.609375 0.046875 0.059375
0 0.561719 0.734375 0.0390625 0.05
0 0.1125 0.571875 0.040625 0.053125
0 0.160938 0.264062 0.053125 0.071875
0 0.295312 0.770312 0.05 0.06875
0 0.398438 0.2375 0.046875 0.078125
0 0.554688 0.125 0.053125 0.05625
0 0.529688 0.196875 0.053125 0.0625
0 0.2375 0.790625 0.05 0.059375
0 0.660937 0.239063 0.040625 0.059375
0 0.797656 0.299219 0.0421875 0.0609375
0 0.201562 0.458594 0.040625 0.0640625
0 0.35 0.233594 0.04375 0.0640625
0 0.475 0.440625 0.05 0.065625
0 0.360156 0.710938 0.0484375 0.065625
0 0.385938 0.877344 0.04375 0.0578125
0 0.491406 0.340625 0.0421875 0.0625
0 0.485156 0.60625 0.0453125 0.059375
0 0.69375 0.677344 0.046875 0.0546875
0 0.590625 0.68125 0.040625 0.053125
0 0.2625 0.663281 0.05 0.0609375
0 0.199219 0.542969 0.0515625 0.0640625
0 0.228125 0.416406 0.046875 0.0609375
0 0.409375 0.669531 0.05 0.0609375
0 0.647656 0.460156 0.0453125 0.0578125
0 0.213281 0.338281 0.0453125 0.0671875
0 0.765625 0.246875 0.046875 0.0625
0 0.832031 0.553906 0.0453125 0.0609375
0 0.258594 0.38125 0.0515625 0.065625
0 0.791406 0.404687 0.0453125 0.05625
0 0.377344 0.816406 0.0421875 0.0484375
0 0.507812 0.830469 0.040625 0.0546875
0 0.0890625 0.34375 0.05 0.065625
0 0.501562 0.109375 0.053125 0.0625
0 0.148438 0.61875 0.04375 0.0625
0 0.428906 0.430469 0.0453125 0.0546875
0 0.509375 0.711719 0.053125 0.0671875
0 0.399219 0.371094 0.0515625 0.0703125
0 0.39375 0.125 0.05 0.0625
0 0.745313 0.427344 0.046875 0.0578125
0 0.284375 0.839844 0.04375 0.0578125
0 0.296094 0.189844 0.0484375 0.0578125
0 0.829687 0.355469 0.046875 0.0578125
0 0.780469 0.353906 0.0453125 0.0546875
0 0.6125 0.724219 0.05 0.0578125
0 0.304688 0.253906 0.053125 0.0640625
0 0.109375 0.485156 0.046875 0.0640625
0 0.216406 0.252344 0.0546875 0.0671875
0 0.533594 0.327344 0.0546875 0.0703125
0 0.601562 0.144531 0.05 0.0640625
0 0.646094 0.702344 0.0421875 0.0546875
0 0.397656 0.775 0.0421875 0.05625
0 0.439063 0.515625 0.05 0.06875
0 0.521094 0.555469 0.0453125 0.0640625
0 0.677344 0.414062 0.0484375 0.071875
0 0.330469 0.06875 0.0484375 0.06875
0 0.803125 0.520312 0.046875 0.05625
0 0.426562 0.183594 0.053125 0.0671875
0 0.379687 0.423438 0.046875 0.0625
0 0.582031 0.365625 0.0484375 0.0625
0 0.74375 0.746094 0.05 0.0546875
0 0.699219 0.189844 0.0421875 0.0671875
0 0.670313 0.557813 0.046875 0.0625
0 0.792188 0.660156 0.05 0.0609375
0 0.646875 0.175781 0.046875 0.0703125
0 0.617969 0.808594 0.0421875 0.0484375
0 0.286719 0.126563 0.0484375 0.0625
0 0.403125 0.728125 0.05 0.059375
0 0.810938 0.605469 0.04375 0.0578125
0 0.864062 0.442187 0.046875 0.0625
0 0.528125 0.617969 0.04375 0.0515625
0 0.602344 0.476562 0.0484375 0.0625
0 0.184375 0.598437 0.046875 0.059375
0 0.621094 0.241406 0.0515625 0.0671875
0 0.217187 0.180469 0.053125 0.0671875
0 0.245312 0.528906 0.046875 0.0640625
0 0.703125 0.2625 0.046875 0.059375
0 0.401563 0.490625 0.05 0.065625
0 0.570312 0.527344 0.046875 0.0640625
0 0.355469 0.472656 0.0484375 0.0578125
0 0.447656 0.315625 0.0578125 0.075
0 0.453906 0.713281 0.0515625 0.0609375
0 0.478125 0.166406 0.05625 0.0734375
0 0.494531 0.276563 0.0453125 0.065625
0 0.351562 0.307813 0.053125 0.06875
0 0.152344 0.420312 0.0515625 0.0625
0 0.638281 0.303125 0.0484375 0.065625
0 0.610937 0.867969 0.046875 0.0609375
0 0.435156 0.915625 0.0421875 0.053125
0 0.545313 0.472656 0.05 0.0609375
0 0.6375 0.758594 0.040625 0.0546875
0 0.546875 0.260938 0.053125 0.06875
0 0.167187 0.353906 0.05 0.0734375
0 0.536719 0.877344 0.0453125 0.0609375
0 0.727344 0.353125 0.0453125 0.0625
0 0.475 0.555469 0.046875 0.0609375
0 0.444531 0.107813 0.0484375 0.071875
0 0.454688 0.383594 0.046875 0.0640625
0 0.740625 0.577344 0.046875 0.0578125
0 0.644531 0.0890625 0.0390625 0.059375
0 0.346094 0.76875 0.0421875 0.0625
0 0.639063 0.366406 0.053125 0.0640625
0 0.308594 0.621094 0.0421875 0.0515625
0 0.571094 0.425 0.0484375 0.065625
0 0.617188 0.41875 0.04375 0.0625
0 0.594531 0.3 0.0484375 0.0625
0 0.339844 0.377344 0.0515625 0.0671875
0 0.435156 0.577344 0.0421875 0.0609375
0 0.652344 0.842188 0.0421875 0.053125
0 0.707812 0.709375 0.046875 0.059375
0 0.477344 0.805469 0.0421875 0.0546875
0 0.6875 0.0945313 0.053125 0.0640625
0 0.108594 0.402344 0.0453125 0.0640625
0 0.430469 0.814844 0.0453125 0.0515625
0 0.776563 0.467187 0.046875 0.059375
0 0.257031 0.301562 0.0515625 0.06875
0 0.194531 0.657031 0.0421875 0.0578125
0 0.299219 0.429688 0.0546875 0.06875
0 0.633594 0.591406 0.0421875 0.0546875
0 0.192969 0.726562 0.0484375 0.05625
0 0.711719 0.620313 0.0484375 0.05625
0 0.295312 0.564844 0.04375 0.0609375
0 0.520312 0.41875 0.05 0.065625
0 0.503125 0.491406 0.046875 0.0578125
0 0.832031 0.471875 0.0484375 0.059375
0 0.694531 0.75625 0.0453125 0.053125
0 0.784375 0.571875 0.046875 0.0625
0 0.34375 0.141406 0.046875 0.0640625
0 0.489844 0.75625 0.0421875 0.05625
0 0.285156 0.490625 0.0515625 0.06875
0 0.682031 0.502344 0.0453125 0.0640625
0 0.569531 0.844531 0.0421875 0.0546875
0 0.632031 0.652344 0.0421875 0.0578125
0 0.751562 0.304688 0.046875 0.059375
0 0.229687 0.702344 0.04375 0.0546875
0 0.59375 0.629687 0.04375 0.059375
0 0.546875 0.819531 0.04375 0.0515625
0 0.604688 0.778906 0.04375 0.0515625
0 0.757812 0.692969 0.04375 0.0515625
0 0.734375 0.479688 0.046875 0.065625
0 0.383594 0.632812 0.0453125 0.0625
0 0.715625 0.53125 0.05 0.0625
0 0.34375 0.59375 0.053125 0.06875
0 0.603906 0.55625 0.0484375 0.059375
0 0.457031 0.867188 0.0421875 0.05625
0 0.632031 0.508594 0.0484375 0.0578125
0 0.479688 0.660156 0.040625 0.0578125
0 0.346094 0.655469 0.0453125 0.0578125
0 0.679688 0.80625 0.040625 0.053125
0 0.758594 0.615625 0.0453125 0.05625
0 0.317969 0.7 0.0546875 0.059375
0 0.558594 0.658594 0.0484375 0.0640625
0 0.682813 0.338281 0.05 0.0671875
0 0.445312 0.754687 0.04375 0.053125
0 0.732031 0.659375 0.0484375 0.05625
