0 0.276563 0.630469 0.071875 0.0765625
0 0.691406 0.783594 0.0546875 0.0578125
0 0.253125 0.7 0.05625 0.065625
0 0.605469 0.582031 0.0578125 0.0796875
0 0.325 0.735156 0.059375 0.0640625
0 0.754687 0.775 0.0625 0.05625
0 0.3875 0.565625 0.06875 0.075
0 0.429688 0.638281 0.05625 0.0765625
0 0.364844 0.619531 0.0609375 0.0609375
0 0.599219 0.778125 0.0546875 0.06875
0 0.140625 0.616406 0.059375 0.0765625
0 0.191406 0.654688 0.0640625 0.05625
0 0.821094 0.545313 0.0640625 0.08125
0 0.774219 0.657812 0.0734375 0.08125
0 0.375781 0.70625 0.0609375 0.065625
0 0.703906 0.463281 0.0703125 0.0953125
0 0.685156 0.578906 0.0703125 0.0734375
0 0.376563 0.324219 0.071875 0.0984375
0 0.729688 0.725 0.0625 0.071875
0 0.859375 0.646094 0.071875 0.0671875
0 0.382031 0.421875 0.0734375 0.071875
0 0.288281 0.5 0.0640625 0.084375
0 0.321094 0.570312 0.0640625 0.071875
0 0.708594 0.648438 0.0546875 0.075
0 0.500781 0.620313 0.0671875 0.0625
0 0.210156 0.615625 0.0734375 0.08125
0 0.640625 0.43125 0.071875 0.071875
0 0.319531 0.672656 0.0546875 0.0578125
0 0.434375 0.715625 0.0625 0.075
0 0.520312 0.346875 0.065625 0.09375
0 0.400781 0.214844 0.0796875 0.0890625
0 0.886719 0.567187 0.0734375 0.0875
0 0.355469 0.499219 0.0671875 0.0796875
0 0.753125 0.591406 0.071875 0.0765625
0 0.196094 0.524219 0.0703125 0.0828125
0 0.810156 0.719531 0.0609375 0.0734375
0 0.44375 0.299219 0.084375 0.104687
0 0.453906 0.399219 0.0765625 0.0890625
0 0.560938 0.630469 0.065625 0.0734375
0 0.544531 0.54375 0.0609375 0.075
0 0.532031 0.746875 0.0546875 0.065625
0 0.871875 0.453906 0.075 0.104687
0 0.566406 0.41875 0.0734375 0.096875
0 0.307813 0.417969 0.065625 0.104687
0 0.446094 0.478125 0.0640625 0.0875
0 0.660937 0.73125 0.059375 0.075
0 0.75625 0.382031 0.078125 0.114063
0 0.814844 0.401563 0.0796875 0.1125
0 0.509375 0.453906 0.065625 0.0796875
0 0.532031 0.23125 0.0828125 0.109375
0 0.454688 0.547656 0.065625 0.0734375
0 0.61875 0.342187 0.075 0.096875
0 0.492188 0.691406 0.059375 0.0734375
0 0.245312 0.409375 0.071875 0.0875
0 0.632812 0.517969 0.065625 0.0828125
0 0.696094 0.316406 0.0765625 0.104687
0 0.64375 0.646094 0.06875 0.0671875
0 0.594531 0.699219 0.0578125 0.0703125
0 0.76875 0.505469 0.078125 0.0953125
0 0.609375 0.245312 0.084375 0.115625
0 0.279687 0.332812 0.078125 0.096875
