0 0.577344 0.211719 0.0265625 0.0328125
0 0.389062 0.415625 0.028125 0.040625
0 0.274219 0.850781 0.0328125 0.0421875
0 0.576563 0.214844 0.0375 0.0484375
0 0.521094 0.714844 0.0359375 0.0421875
0 0.4875 0.710938 0.034375 0.0375
0 0.569531 0.4125 0.0234375 0.034375
0 0.571875 0.229687 0.034375 0.05
0 0.561719 0.367969 0.0328125 0.0484375
0 0.464063 0.549219 0.034375 0.0390625
0 0.678906 0.747656 0.0390625 0.0390625
0 0.525781 0.739844 0.0359375 0.0421875
0 0.807031 0.48125 0.0296875 0.040625
0 0.714844 0.447656 0.0328125 0.0421875
0 0.611719 0.426562 0.0328125 0.04375
0 0.290625 0.883594 0.034375 0.0390625
0 0.611719 0.685938 0.0359375 0.034375
0 0.489062 0.401563 0.03125 0.046875
0 0.760156 0.884375 0.0359375 0.040625
0 0.885938 0.697656 0.0375 0.0390625
0 0.761719 0.639844 0.0328125 0.0390625
0 0.700781 0.411719 0.0328125 0.0484375
0 0.382812 0.482812 0.028125 0.046875
0 0.567969 0.828125 0.0359375 0.05
0 0.50625 0.539844 0.034375 0.0453125
0 0.857031 0.752344 0.0328125 0.0390625
0 0.148438 0.780469 0.040625 0.0453125
0 0.789062 0.422656 0.03125 0.0390625
0 0.277344 0.521875 0.0328125 0.04375
0 0.265625 0.660937 0.0375 0.040625
0 0.6 0.723437 0.0375 0.046875
0 0.710938 0.597656 0.034375 0.0453125
0 0.299219 0.535156 0.0328125 0.0453125
0 0.810938 0.527344 0.034375 0.0421875
0 0.785937 0.696094 0.0375 0.0421875
0 0.623438 0.272656 0.034375 0.0359375
0 0.448438 0.314063 0.034375 0.046875
0 0.686719 0.721094 0.0359375 0.0421875
0 0.222656 0.846094 0.0328125 0.0484375
0 0.617188 0.767969 0.034375 0.0390625
0 0.460938 0.753906 0.028125 0.0484375
0 0.3375 0.805469 0.034375 0.0390625
0 0.600781 0.235938 0.0296875 0.05
0 0.640625 0.332812 0.028125 0.04375
0 0.217187 0.649219 0.034375 0.0484375
0 0.346875 0.658594 0.028125 0.0453125
0 0.551562 0.207813 0.025 0.04375
0 0.455469 0.701563 0.0328125 0.04375
0 0.797656 0.719531 0.0296875 0.0296875
0 0.810156 0.761719 0.0390625 0.0453125
0 0.546094 0.447656 0.0296875 0.0390625
0 0.732031 0.521875 0.0328125 0.05
0 0.645312 0.897656 0.0375 0.0515625
0 0.758594 0.721094 0.0359375 0.0421875
0 0.771094 0.571875 0.0390625 0.0375
0 0.207031 0.74375 0.0359375 0.0375
0 0.760156 0.538281 0.0359375 0.0390625
0 0.430469 0.740625 0.0359375 0.05
0 0.392188 0.516406 0.03125 0.0421875
0 0.650781 0.379687 0.0296875 0.05
0 0.559375 0.663281 0.034375 0.0453125
0 0.361719 0.533594 0.0328125 0.0453125
0 0.705469 0.554688 0.0328125 0.04375
0 0.361719 0.403906 0.0296875 0.0421875
0 0.333594 0.419531 0.0296875 0.0390625
0 0.160156 0.90625 0.0390625 0.053125
0 0.398438 0.722656 0.034375 0.0359375
0 0.467187 0.677344 0.03125 0.0484375
0 0.653125 0.254687 0.03125 0.046875
0 0.826563 0.790625 0.03125 0.04375
0 0.20625 0.55625 0.034375 0.046875
0 0.589063 0.351562 0.03125 0.046875
0 0.807031 0.567969 0.0296875 0.0421875
0 0.897656 0.50625 0.0359375 0.046875
0 0.407813 0.7625 0.03125 0.04375
0 0.578125 0.589844 0.0375 0.0484375
0 0.727344 0.559375 0.0296875 0.040625
0 0.646875 0.622656 0.034375 0.0359375
0 0.690625 0.664844 0.034375 0.0453125
0 0.507812 0.789844 0.028125 0.0421875
0 0.629687 0.399219 0.03125 0.0421875
0 0.815625 0.691406 0.03125 0.0484375
0 0.276563 0.577344 0.03125 0.0421875
0 0.522656 0.207813 0.0296875 0.04375
0 0.528125 0.661719 0.034375 0.0484375
0 0.178125 0.732031 0.034375 0.0484375
0 0.497656 0.675 0.0328125 0.046875
0 0.850781 0.642187 0.0328125 0.053125
0 0.646875 0.294531 0.03125 0.0453125
0 0.210156 0.883594 0.0328125 0.0484375
0 0.372656 0.821875 0.0328125 0.04375
0 0.834375 0.590625 0.034375 0.05
0 0.239844 0.894531 0.0359375 0.0515625
0 0.635156 0.230469 0.0328125 0.0421875
0 0.233594 0.534375 0.0328125 0.046875
0 0.449219 0.229687 0.0296875 0.040625
0 0.497656 0.827344 0.0328125 0.0421875
0 0.646094 0.78125 0.0265625 0.05
0 0.334375 0.530469 0.028125 0.0421875
0 0.574219 0.855469 0.0359375 0.0390625
0 0.427344 0.610156 0.0359375 0.0453125
0 0.68125 0.628125 0.03125 0.0375
0 0.60625 0.59375 0.03125 0.04375
0 0.367969 0.442187 0.0265625 0.040625
0 0.692187 0.846094 0.034375 0.0453125
0 0.721875 0.682813 0.03125 0.040625
0 0.316406 0.401563 0.0359375 0.046875
0 0.854688 0.692969 0.03125 0.0453125
0 0.460156 0.396875 0.0328125 0.04375
0 0.496875 0.575 0.03125 0.04375
0 0.445312 0.578906 0.034375 0.0390625
0 0.619531 0.195312 0.0359375 0.05
0 0.444531 0.264844 0.0328125 0.0453125
0 0.685156 0.796875 0.0328125 0.04375
0 0.817969 0.628125 0.0359375 0.04375
0 0.317187 0.767187 0.034375 0.053125
0 0.409375 0.803906 0.03125 0.0453125
0 0.715625 0.767187 0.03125 0.04375
0 0.575 0.620313 0.03125 0.034375
0 0.170312 0.633594 0.034375 0.0484375
0 0.321094 0.623438 0.0328125 0.0375
0 0.432031 0.541406 0.0328125 0.0421875
0 0.6125 0.315625 0.03125 0.046875
0 0.410937 0.244531 0.03125 0.0453125
0 0.294531 0.688281 0.0359375 0.0453125
0 0.648438 0.478125 0.034375 0.040625
0 0.742188 0.445312 0.03125 0.05
0 0.683594 0.508594 0.0390625 0.0453125
0 0.465625 0.81875 0.03125 0.040625
0 0.589844 0.503906 0.0328125 0.0421875
0 0.388281 0.599219 0.0359375 0.0515625
0 0.238281 0.684375 0.0359375 0.05
0 0.728125 0.371094 0.034375 0.0453125
0 0.153906 0.857031 0.0359375 0.0515625
0 0.470313 0.610937 0.03125 0.05625
0 0.609375 0.857813 0.03125 0.040625
0 0.745313 0.78125 0.034375 0.05
0 0.492969 0.757812 0.0328125 0.046875
0 0.745313 0.595312 0.034375 0.040625
0 0.376563 0.766406 0.0375 0.0453125
0 0.639063 0.441406 0.028125 0.0453125
0 0.659375 0.857813 0.034375 0.040625
0 0.142969 0.665625 0.0359375 0.046875
0 0.597656 0.392969 0.0296875 0.0390625
0 0.194531 0.516406 0.0328125 0.0390625
0 0.789844 0.598437 0.0328125 0.040625
0 0.244531 0.767187 0.0328125 0.046875
0 0.884375 0.667969 0.0375 0.0453125
0 0.357031 0.855469 0.0328125 0.0453125
0 0.515625 0.869531 0.034375 0.0421875
0 0.80625 0.385156 0.028125 0.0390625
0 0.354688 0.698438 0.034375 0.040625
0 0.508594 0.616406 0.0328125 0.0453125
0 0.182031 0.815625 0.0328125 0.05
0 0.358594 0.345313 0.0328125 0.04375
0 0.842969 0.729688 0.0328125 0.046875
0 0.710156 0.492188 0.0328125 0.046875
0 0.669531 0.317969 0.0296875 0.0421875
0 0.314844 0.585156 0.0359375 0.0421875
0 0.557031 0.489062 0.0328125 0.04375
0 0.657812 0.822656 0.03125 0.0421875
0 0.425781 0.50625 0.0328125 0.040625
0 0.701563 0.34375 0.034375 0.046875
0 0.68125 0.378906 0.03125 0.0453125
0 0.776563 0.84375 0.034375 0.0375
0 0.485156 0.296094 0.0328125 0.0421875
0 0.390625 0.341406 0.03125 0.0421875
0 0.751562 0.81875 0.034375 0.040625
0 0.767187 0.917969 0.034375 0.0421875
0 0.429688 0.420312 0.03125 0.04375
0 0.334375 0.454688 0.034375 0.04375
0 0.696875 0.29375 0.03125 0.04375
0 0.784375 0.504687 0.03125 0.04375
0 0.715625 0.721875 0.034375 0.04375
0 0.621094 0.359375 0.0328125 0.04375
0 0.844531 0.479688 0.0328125 0.05
0 0.728906 0.410156 0.0296875 0.0390625
0 0.171094 0.691406 0.0328125 0.0453125
0 0.522656 0.369531 0.0328125 0.0390625
0 0.648438 0.707812 0.034375 0.046875
0 0.664844 0.410156 0.0328125 0.0421875
0 0.383594 0.641406 0.0359375 0.0421875
0 0.629687 0.816406 0.0375 0.0484375
0 0.35625 0.495313 0.03125 0.040625
0 0.719531 0.805469 0.0359375 0.0453125
0 0.492188 0.2125 0.028125 0.04375
0 0.280469 0.469531 0.0328125 0.0453125
0 0.778125 0.742969 0.03125 0.0453125
0 0.805469 0.817969 0.0328125 0.0453125
0 0.79375 0.653906 0.034375 0.0453125
0 0.796875 0.917188 0.03125 0.04375
0 0.320312 0.660156 0.034375 0.0421875
0 0.303125 0.81875 0.034375 0.05
0 0.679688 0.457031 0.03125 0.0484375
0 0.528125 0.582031 0.034375 0.0484375
0 0.539844 0.621875 0.0328125 0.04375
0 0.515625 0.321094 0.034375 0.0453125
0 0.394531 0.379687 0.0296875 0.04375
0 0.528125 0.819531 0.03125 0.0421875
0 0.278906 0.730469 0.0359375 0.0484375
0 0.559375 0.70625 0.03125 0.046875
0 0.728906 0.925 0.0328125 0.04375
0 0.21875 0.78125 0.03125 0.046875
0 0.353906 0.617969 0.0296875 0.0421875
0 0.592188 0.80625 0.03125 0.04375
0 0.315625 0.495313 0.03125 0.0375
0 0.603906 0.536719 0.0328125 0.0421875
0 0.398438 0.445312 0.034375 0.04375
0 0.647656 0.667969 0.0359375 0.0390625
0 0.792969 0.878125 0.0359375 0.04375
0 0.177344 0.555469 0.0328125 0.0421875
0 0.553125 0.271094 0.03125 0.0421875
0 0.244531 0.498437 0.0328125 0.04375
0 0.754687 0.492188 0.03125 0.04375
0 0.4125 0.569531 0.034375 0.0484375
0 0.282813 0.78125 0.034375 0.05
0 0.666406 0.547656 0.0296875 0.0453125
0 0.507812 0.485156 0.034375 0.0484375
0 0.546875 0.33125 0.034375 0.04375
0 0.475 0.516406 0.034375 0.0453125
0 0.407031 0.285937 0.0328125 0.046875
0 0.719531 0.646875 0.0328125 0.05
0 0.257812 0.809375 0.0375 0.05
0 0.319531 0.704687 0.0359375 0.046875
0 0.391406 0.684375 0.0390625 0.05
0 0.541406 0.532031 0.0328125 0.0484375
0 0.24375 0.590625 0.034375 0.046875
0 0.457031 0.4375 0.0296875 0.04375
0 0.56875 0.542188 0.034375 0.046875
0 0.780469 0.4625 0.0328125 0.05
0 0.442187 0.804688 0.034375 0.05
0 0.81875 0.436719 0.03125 0.0453125
0 0.524219 0.279687 0.0328125 0.046875
0 0.753906 0.678906 0.0328125 0.0453125
0 0.349219 0.744531 0.0359375 0.0421875
0 0.428906 0.65625 0.0328125 0.046875
0 0.191406 0.601562 0.0328125 0.04375
0 0.578906 0.45625 0.0328125 0.04375
0 0.541406 0.4125 0.0328125 0.04375
0 0.304688 0.45 0.03125 0.046875
0 0.355469 0.575781 0.0296875 0.0453125
0 0.627344 0.557031 0.0328125 0.0453125
0 0.640625 0.51875 0.034375 0.046875
0 0.490625 0.45625 0.034375 0.046875
0 0.503906 0.249219 0.0359375 0.0453125
0 0.577344 0.770312 0.0328125 0.0375
0 0.720312 0.860937 0.034375 0.046875
0 0.778906 0.7875 0.0359375 0.04375
0 0.541406 0.780469 0.0328125 0.0453125
0 0.455469 0.4875 0.0328125 0.046875
0 0.691406 0.886719 0.0359375 0.0390625
0 0.43125 0.471875 0.034375 0.046875
0 0.24375 0.724219 0.034375 0.0453125
0 0.60625 0.649219 0.034375 0.0484375
0 0.653125 0.585938 0.034375 0.046875
0 0.579687 0.298438 0.03125 0.04375
