0 0.935156 0.0632813 0.0328125 0.0640625
0 0.823438 0.579687 0.04375 0.04375
0 0.803906 0.427344 0.0578125 0.0828125
0 0.990625 0.175781 0.01875 0.0640625
0 0.834375 0.544531 0.053125 0.0859375
0 0.797656 0.621094 0.0296875 0.0546875
0 0.0273438 0.703906 0.0328125 0.0515625
0 0.3875 0.539844 0.05625 0.0578125
0 0.872656 0.551562 0.0390625 0.0625
0 0.353125 0.775781 0.0625 0.0484375
0 0.528906 0.667188 0.0484375 0.053125
0 0.121875 0.867188 0.028125 0.0375
0 0.823438 0.45 0.034375 0.05
0 0.807031 0.375 0.0359375 0.04375
0 0.225781 0.814062 0.0484375 0.0625
0 0.04375 0.552344 0.040625 0.0546875
0 0.414062 0.730469 0.046875 0.0546875
0 0.413281 0.389844 0.0546875 0.0984375
0 0.285937 0.554688 0.046875 0.065625
0 0.373437 0.601562 0.053125 0.078125
0 0.934375 0.551562 0.040625 0.059375
0 0.090625 0.68125 0.0375 0.05625
0 0.800781 0.189844 0.0484375 0.0671875
0 0.835156 0.034375 0.0484375 0.05625
0 0.978125 0.664844 0.04375 0.0546875
0 0.165625 0.815625 0.053125 0.0625
0 0.848437 0.274219 0.04375 0.0640625
0 0.4875 0.598437 0.040625 0.059375
0 0.249219 0.4125 0.0578125 0.0625
0 0.1 0.572656 0.046875 0.0578125
0 0.767187 0.349219 0.053125 0.0390625
0 0.774219 0.660156 0.0484375 0.0609375
0 0.466406 0.648438 0.0546875 0.065625
0 0.810938 0.310937 0.040625 0.053125
0 0.229687 0.271094 0.05 0.0828125
0 0.449219 0.564062 0.0546875 0.071875
0 0.298438 0.6875 0.053125 0.0625
0 0.583594 0.6 0.0421875 0.0625
0 0.489844 0.30625 0.0515625 0.078125
0 0.200781 0.588281 0.0515625 0.0640625
0 0.853906 0.495313 0.0390625 0.053125
0 0.135937 0.369531 0.05625 0.0703125
0 0.710156 0.367188 0.0421875 0.071875
0 0.114844 0.299219 0.0703125 0.0671875
0 0.892969 0.669531 0.0515625 0.0640625
0 0.686719 0.727344 0.0484375 0.0640625
0 0.366406 0.359375 0.0453125 0.06875
0 0.0578125 0.464063 0.059375 0.06875
0 0.535156 0.630469 0.0546875 0.0734375
0 0.829687 0.166406 0.0375 0.0671875
0 0.199219 0.354688 0.0578125 0.075
0 0.596094 0.352344 0.0484375 0.0796875
0 0.0640625 0.528125 0.046875 0.071875
0 0.655469 0.330469 0.0515625 0.0828125
0 0.0820312 0.392969 0.0546875 0.0609375
0 0.825781 0.778125 0.0515625 0.065625
0 0.664844 0.409375 0.0484375 0.075
0 0.485938 0.411719 0.05625 0.0890625
0 0.721094 0.103125 0.0515625 0.071875
0 0.865625 0.392969 0.046875 0.0640625
0 0.560938 0.530469 0.053125 0.0671875
0 0.363281 0.258594 0.0546875 0.0734375
0 0.123438 0.826563 0.04375 0.05
0 0.778906 0.603125 0.0453125 0.059375
0 0.282813 0.288281 0.05 0.0828125
0 0.976562 0.717969 0.040625 0.0609375
0 0.771875 0.130469 0.046875 0.0765625
0 0.79375 0.04375 0.053125 0.0875
0 0.946875 0.697656 0.0375 0.0453125
0 0.761719 0.553125 0.0515625 0.071875
0 0.341406 0.477344 0.0609375 0.0609375
0 0.7125 0.447656 0.05 0.0703125
0 0.121094 0.457812 0.0484375 0.06875
0 0.186719 0.648438 0.0546875 0.0625
0 0.559375 0.23125 0.0625 0.0875
0 0.621875 0.545313 0.059375 0.075
0 0.946094 0.146094 0.0484375 0.0640625
0 0.621094 0.688281 0.0484375 0.0640625
0 0.309375 0.401563 0.0625 0.071875
0 0.603906 0.432031 0.0515625 0.0890625
0 0.0609375 0.713281 0.046875 0.0578125
0 0.709375 0.292188 0.046875 0.071875
0 0.496094 0.489844 0.0578125 0.0828125
0 0.486719 0.69375 0.0515625 0.065625
0 0.392969 0.650781 0.0453125 0.0546875
0 0.605469 0.272656 0.0578125 0.0703125
0 0.0398437 0.667969 0.0484375 0.0546875
0 0.544531 0.396094 0.0515625 0.0859375
0 0.179688 0.519531 0.053125 0.0703125
0 0.510938 0.540625 0.053125 0.06875
0 0.432813 0.301562 0.05625 0.078125
0 0.946094 0.614844 0.0453125 0.0609375
0 0.286719 0.459375 0.0546875 0.06875
0 0.980469 0.54375 0.0390625 0.059375
0 0.250781 0.754687 0.0484375 0.0625
0 0.903906 0.592188 0.0390625 0.05
0 0.810156 0.241406 0.0453125 0.0640625
0 0.696094 0.76875 0.0453125 0.059375
0 0.871094 0.610937 0.0484375 0.065625
0 0.0554687 0.626562 0.0453125 0.0625
0 0.903125 0.135156 0.053125 0.0640625
0 0.903906 0.0523437 0.0515625 0.0703125
0 0.434375 0.4875 0.05625 0.071875
0 0.795313 0.726562 0.046875 0.0625
0 0.567969 0.694531 0.0484375 0.0671875
0 0.171094 0.447656 0.0546875 0.0640625
0 0.628125 0.219531 0.05 0.0640625
0 0.203906 0.854688 0.0421875 0.05625
0 0.539062 0.314844 0.059375 0.0703125
0 0.667188 0.64375 0.053125 0.065625
0 0.920313 0.189063 0.04375 0.0625
0 0.778125 0.489062 0.053125 0.0625
0 0.748438 0.720312 0.05 0.065625
0 0.815625 0.65625 0.040625 0.053125
0 0.313281 0.620313 0.0578125 0.06875
0 0.71875 0.166406 0.046875 0.0671875
0 0.117188 0.667188 0.05 0.059375
0 0.442187 0.220313 0.059375 0.090625
0 0.634375 0.752344 0.05 0.0640625
0 0.721875 0.673437 0.046875 0.065625
0 0.084375 0.75625 0.046875 0.059375
0 0.530469 0.717969 0.0484375 0.0546875
0 0.254687 0.664844 0.05 0.0671875
0 0.225781 0.478125 0.0546875 0.06875
0 0.667969 0.171094 0.0515625 0.0734375
0 0.657031 0.482031 0.0515625 0.0703125
0 0.909375 0.725 0.040625 0.059375
0 0.128125 0.53125 0.053125 0.06875
0 0.682813 0.582031 0.05 0.0671875
0 0.854688 0.333594 0.046875 0.0609375
0 0.596094 0.646875 0.0515625 0.0625
0 0.753906 0.228125 0.0546875 0.06875
0 0.263281 0.607031 0.0546875 0.0671875
0 0.957812 0.773438 0.04375 0.053125
0 0.739844 0.78125 0.0484375 0.0625
0 0.555469 0.467187 0.0609375 0.078125
0 0.703906 0.511719 0.0453125 0.0609375
0 0.690625 0.232812 0.053125 0.065625
0 0.908594 0.255469 0.0484375 0.0546875
0 0.771094 0.290625 0.0453125 0.059375
0 0.236719 0.528125 0.0515625 0.065625
0 0.732031 0.614062 0.0546875 0.059375
0 0.13125 0.782812 0.05 0.059375
0 0.878906 0.215625 0.0515625 0.065625
0 0.84375 0.0898438 0.059375 0.0703125
0 0.15625 0.5875 0.05 0.059375
0 0.632031 0.590625 0.0484375 0.0625
0 0.217187 0.70625 0.046875 0.059375
0 0.957812 0.235156 0.05 0.0671875
