0 0.703125 0.736719 0.05625 0.0765625
0 0.749219 0.524219 0.0640625 0.104687
0 0.6125 0.817969 0.0625 0.0765625
0 0.578125 0.751562 0.065625 0.075
0 0.596875 0.4 0.071875 0.0875
0 0.605469 0.589063 0.0671875 0.08125
0 0.548437 0.450781 0.075 0.0953125
0 0.748438 0.817969 0.06875 0.0953125
0 0.625 0.485938 0.065625 0.090625
0 0.503125 0.772656 0.065625 0.0953125
0 0.257031 0.489062 0.0640625 0.090625
0 0.678906 0.810938 0.0609375 0.090625
0 0.797656 0.433594 0.0640625 0.0984375
0 0.788281 0.607031 0.0671875 0.0890625
0 0.428125 0.615625 0.06875 0.084375
0 0.235938 0.642969 0.065625 0.0859375
0 0.811719 0.361719 0.0640625 0.0890625
0 0.189063 0.436719 0.06875 0.0890625
0 0.480469 0.663281 0.0671875 0.0890625
0 0.549219 0.53125 0.0734375 0.0875
0 0.342969 0.514844 0.0703125 0.0765625
0 0.489062 0.566406 0.071875 0.0828125
0 0.551562 0.817187 0.065625 0.06875
0 0.065625 0.578906 0.075 0.0921875
0 0.764844 0.722656 0.0671875 0.0859375
0 0.435937 0.719531 0.06875 0.0921875
0 0.729688 0.671875 0.065625 0.08125
0 0.451562 0.375781 0.06875 0.0984375
0 0.745313 0.379687 0.075 0.09375
0 0.475 0.196875 0.071875 0.10625
0 0.821875 0.514844 0.065625 0.0921875
0 0.305469 0.660156 0.0765625 0.101562
0 0.183594 0.328906 0.0734375 0.107813
0 0.353906 0.598437 0.0671875 0.090625
0 0.61875 0.201562 0.065625 0.1
0 0.252344 0.294531 0.0765625 0.0953125
0 0.175 0.63125 0.071875 0.090625
0 0.132031 0.275 0.0671875 0.103125
0 0.689844 0.465625 0.0671875 0.090625
0 0.403125 0.433594 0.078125 0.0890625
0 0.339844 0.230469 0.0734375 0.0921875
0 0.672656 0.278906 0.0671875 0.101562
0 0.605469 0.666406 0.0703125 0.0921875
0 0.66875 0.634375 0.075 0.09375
0 0.134375 0.479688 0.071875 0.096875
0 0.292969 0.566406 0.0734375 0.0984375
0 0.672656 0.55 0.0640625 0.0875
0 0.755469 0.267969 0.0765625 0.110937
0 0.649219 0.722656 0.0703125 0.0828125
0 0.327344 0.430469 0.0828125 0.0953125
0 0.332812 0.332031 0.071875 0.107813
0 0.421094 0.530469 0.0703125 0.0984375
0 0.447656 0.3 0.0734375 0.0875
0 0.667188 0.378125 0.08125 0.0875
0 0.394531 0.182812 0.0796875 0.115625
0 0.542188 0.619531 0.06875 0.0828125
0 0.480469 0.469531 0.0703125 0.0953125
0 0.546094 0.696094 0.0734375 0.0890625
0 0.610156 0.298438 0.0734375 0.096875
0 0.532031 0.246094 0.0796875 0.101562
0 0.05625 0.442187 0.078125 0.1125
0 0.254687 0.396875 0.078125 0.096875
0 0.380469 0.680469 0.0765625 0.0953125
0 0.546875 0.347656 0.078125 0.0953125
0 0.20625 0.554688 0.075 0.1
