0 0.417969 0.320312 0.0265625 0.05625
0 0.317969 0.389062 0.0328125 0.04375
0 0.701563 0.815625 0.0375 0.04375
0 0.53125 0.838281 0.034375 0.0390625
0 0.01875 0.858594 0.028125 0.0515625
0 0.479688 0.88125 0.040625 0.05
0 0.419531 0.601562 0.0421875 0.053125
0 0.653906 0.405469 0.0265625 0.0546875
0 0.374219 0.869531 0.0234375 0.0359375
0 0.304688 0.763281 0.028125 0.0328125
0 0.0132813 0.952344 0.0203125 0.0578125
0 0.286719 0.282813 0.0296875 0.05
0 0.550781 0.85 0.0296875 0.034375
0 0.741406 0.760938 0.0453125 0.046875
0 0.378906 0.803906 0.0390625 0.0484375
0 0.432031 0.898438 0.0359375 0.034375
0 0.764844 0.478906 0.0328125 0.0453125
0 0.424219 0.724219 0.0359375 0.0515625
0 0.366406 0.680469 0.0265625 0.0421875
0 0.247656 0.680469 0.0359375 0.0421875
0 0.2125 0.542969 0.028125 0.0453125
0 0.407031 0.653906 0.0390625 0.0421875
0 0.555469 0.707031 0.0390625 0.0390625
0 0.325 0.353906 0.034375 0.0546875
0 0.753125 0.550781 0.046875 0.0421875
0 0.736719 0.600781 0.0359375 0.0515625
0 0.304688 0.758594 0.04375 0.0515625
0 0.578906 0.884375 0.0421875 0.05
0 0.267969 0.265625 0.0328125 0.046875
0 0.442187 0.391406 0.040625 0.0421875
0 0.321875 0.521094 0.040625 0.0515625
0 0.544531 0.267188 0.0421875 0.05625
0 0.4 0.102344 0.040625 0.0578125
0 0.220313 0.491406 0.03125 0.0515625
0 0.574219 0.335156 0.0328125 0.0578125
0 0.336719 0.776563 0.0359375 0.040625
0 0.415625 0.782031 0.04375 0.0609375
0 0.313281 0.5625 0.0359375 0.046875
0 0.409375 0.414844 0.04375 0.0609375
0 0.253125 0.464844 0.0375 0.0484375
0 0.380469 0.517969 0.0421875 0.0609375
0 0.363281 0.41875 0.0359375 0.04375
0 0.502344 0.164844 0.0328125 0.0515625
0 0.403906 0.865625 0.0421875 0.05625
0 0.392188 0.276563 0.034375 0.046875
0 0.700781 0.603125 0.0515625 0.0625
0 0.465625 0.1 0.040625 0.065625
0 0.347656 0.866406 0.0359375 0.0515625
0 0.685156 0.427344 0.0546875 0.0796875
0 0.375 0.25625 0.04375 0.05625
0 0.460156 0.439063 0.0421875 0.05
0 0.428906 0.300781 0.0359375 0.0609375
0 0.396094 0.221875 0.0390625 0.053125
0 0.205469 0.59375 0.0421875 0.05625
0 0.255469 0.413281 0.0359375 0.0546875
0 0.471094 0.917188 0.0390625 0.05
0 0.303125 0.404687 0.040625 0.046875
0 0.242188 0.379687 0.03125 0.05
0 0.504687 0.802344 0.040625 0.0578125
0 0.717969 0.522656 0.0484375 0.0609375
0 0.398438 0.157813 0.03125 0.053125
0 0.171875 0.641406 0.0375 0.0546875
0 0.307031 0.260938 0.0359375 0.053125
0 0.16875 0.575 0.034375 0.053125
0 0.647656 0.753906 0.0421875 0.0515625
0 0.604688 0.314844 0.04375 0.0578125
0 0.522656 0.210938 0.0453125 0.0625
0 0.196875 0.727344 0.0375 0.0515625
0 0.448438 0.232031 0.05 0.0671875
0 0.41875 0.18125 0.0375 0.053125
0 0.352344 0.140625 0.0390625 0.053125
0 0.638281 0.301562 0.0578125 0.08125
0 0.659375 0.344531 0.040625 0.0609375
0 0.245312 0.616406 0.040625 0.0515625
0 0.578125 0.457031 0.046875 0.0546875
0 0.205469 0.792969 0.0390625 0.0484375
0 0.4875 0.420312 0.04375 0.059375
0 0.6 0.84375 0.04375 0.053125
0 0.271094 0.658594 0.0421875 0.0609375
0 0.561719 0.578125 0.0421875 0.05
0 0.485938 0.582812 0.040625 0.05625
0 0.283594 0.709375 0.0390625 0.053125
0 0.575781 0.628125 0.0421875 0.053125
0 0.511719 0.339844 0.0421875 0.0640625
0 0.257031 0.342969 0.0359375 0.0546875
0 0.473437 0.71875 0.0375 0.05625
0 0.597656 0.185156 0.0515625 0.0609375
0 0.215625 0.33125 0.03125 0.053125
0 0.450781 0.792969 0.0421875 0.0515625
0 0.2 0.392188 0.034375 0.053125
0 0.269531 0.503906 0.0328125 0.0484375
0 0.277344 0.773438 0.0390625 0.05
0 0.433594 0.127344 0.0359375 0.0578125
0 0.728906 0.467969 0.0546875 0.0734375
0 0.6125 0.592188 0.04375 0.05
0 0.660156 0.21875 0.0453125 0.059375
0 0.367969 0.753125 0.0390625 0.053125
0 0.320312 0.830469 0.034375 0.0453125
0 0.328906 0.428906 0.0328125 0.0515625
0 0.321094 0.155469 0.0328125 0.0546875
0 0.528906 0.904688 0.0421875 0.053125
0 0.465625 0.299219 0.053125 0.0671875
0 0.559375 0.525781 0.040625 0.0609375
0 0.496094 0.628125 0.0421875 0.046875
0 0.29375 0.354688 0.03125 0.05
0 0.3875 0.607031 0.040625 0.0515625
0 0.457031 0.178906 0.0390625 0.0515625
0 0.527344 0.414844 0.0515625 0.0640625
0 0.603906 0.6875 0.0453125 0.05625
0 0.645312 0.590625 0.040625 0.05625
0 0.444531 0.353906 0.0453125 0.0578125
0 0.40625 0.467187 0.0375 0.05625
0 0.340625 0.639844 0.0375 0.0515625
0 0.280469 0.573438 0.0328125 0.046875
0 0.452344 0.835156 0.0390625 0.0515625
0 0.657031 0.817969 0.0421875 0.0546875
0 0.595312 0.419531 0.046875 0.0578125
0 0.346875 0.578906 0.0375 0.0453125
0 0.417188 0.542969 0.040625 0.0546875
0 0.34375 0.277344 0.034375 0.0484375
0 0.571875 0.239063 0.046875 0.065625
0 0.178906 0.455469 0.0359375 0.0515625
0 0.36875 0.315625 0.0375 0.053125
0 0.610156 0.905469 0.0421875 0.0578125
0 0.730469 0.678125 0.0421875 0.053125
0 0.20625 0.666406 0.0375 0.0453125
0 0.655469 0.642187 0.0421875 0.053125
0 0.530469 0.464844 0.0453125 0.0578125
0 0.369531 0.195312 0.0359375 0.059375
0 0.620313 0.547656 0.046875 0.0546875
0 0.546094 0.807813 0.0453125 0.05625
0 0.53125 0.653906 0.040625 0.0515625
0 0.502344 0.754687 0.0453125 0.053125
0 0.657031 0.878125 0.0421875 0.053125
0 0.528125 0.542188 0.040625 0.05
0 0.361719 0.38125 0.0390625 0.053125
0 0.355469 0.491406 0.0328125 0.0484375
0 0.167187 0.504687 0.0375 0.05
0 0.639844 0.707812 0.0421875 0.053125
0 0.304688 0.453906 0.034375 0.0484375
0 0.682031 0.729688 0.0453125 0.05625
0 0.691406 0.65625 0.0421875 0.053125
0 0.332031 0.224219 0.0359375 0.0515625
0 0.621094 0.507031 0.0484375 0.0578125
0 0.660937 0.532031 0.046875 0.0546875
0 0.454688 0.523438 0.0375 0.053125
