0 0.991406 0.80625 0.0171875 0.0875
0 0.572656 0.225781 0.0609375 0.0984375
0 0.290625 0.414844 0.06875 0.0734375
0 0.698438 0.254687 0.06875 0.096875
0 0.501562 0.452344 0.06875 0.0828125
0 0.525 0.617969 0.059375 0.0734375
0 0.779688 0.585938 0.053125 0.084375
0 0.775 0.36875 0.065625 0.09375
0 0.717188 0.517969 0.0625 0.0796875
0 0.627344 0.417969 0.0546875 0.0890625
0 0.626562 0.244531 0.053125 0.0953125
0 0.239844 0.371094 0.0671875 0.0734375
0 0.400781 0.504687 0.0703125 0.078125
0 0.550781 0.392188 0.0671875 0.06875
0 0.202344 0.666406 0.0546875 0.0796875
0 0.173438 0.511719 0.059375 0.0828125
0 0.116406 0.467187 0.0671875 0.0625
0 0.3625 0.371875 0.065625 0.084375
0 0.250781 0.61875 0.0578125 0.09375
0 0.427344 0.34375 0.0640625 0.078125
0 0.829687 0.528125 0.053125 0.075
0 0.242188 0.529688 0.05625 0.084375
0 0.801562 0.678125 0.059375 0.078125
0 0.602344 0.33125 0.0640625 0.09375
0 0.805469 0.432031 0.0578125 0.0765625
0 0.740625 0.644531 0.059375 0.0828125
0 0.778125 0.517969 0.059375 0.0671875
0 0.694531 0.696094 0.0578125 0.0859375
0 0.41875 0.421875 0.06875 0.090625
0 0.596875 0.61875 0.053125 0.084375
0 0.403125 0.576563 0.065625 0.06875
0 0.75 0.442969 0.06875 0.0734375
0 0.466406 0.517187 0.0578125 0.08125
0 0.4625 0.726562 0.059375 0.078125
0 0.519531 0.7 0.0609375 0.084375
0 0.167187 0.603125 0.0625 0.078125
0 0.358594 0.626562 0.0640625 0.075
0 0.702344 0.604688 0.0609375 0.090625
0 0.689062 0.403906 0.0625 0.0734375
0 0.654688 0.64375 0.053125 0.078125
0 0.648438 0.492188 0.071875 0.08125
0 0.291406 0.496094 0.0671875 0.0890625
0 0.847656 0.607031 0.0578125 0.0734375
0 0.367188 0.288281 0.065625 0.101562
0 0.757031 0.729688 0.0546875 0.078125
0 0.432813 0.249219 0.065625 0.0890625
0 0.390625 0.694531 0.065625 0.0703125
0 0.234375 0.453125 0.065625 0.08125
0 0.492969 0.33125 0.0640625 0.096875
0 0.117188 0.55 0.06875 0.075
0 0.575781 0.471875 0.0609375 0.084375
0 0.179688 0.332812 0.071875 0.1
0 0.594531 0.542188 0.0578125 0.078125
0 0.355469 0.452344 0.0671875 0.0828125
0 0.645312 0.569531 0.05625 0.0671875
0 0.528125 0.54375 0.059375 0.075
0 0.467969 0.589063 0.0578125 0.078125
0 0.30625 0.570312 0.059375 0.078125
0 0.317969 0.228906 0.0796875 0.0921875
0 0.432813 0.649219 0.05625 0.0890625
0 0.544531 0.301562 0.0703125 0.09375
0 0.603125 0.69375 0.059375 0.075
0 0.157031 0.427344 0.0703125 0.0953125
0 0.304688 0.686719 0.0625 0.0734375
0 0.669531 0.329688 0.0703125 0.075
0 0.296094 0.317187 0.0734375 0.09375
