0 0.424219 0.475781 0.0578125 0.0828125
0 0.325781 0.370313 0.0609375 0.075
0 0.395312 0.327344 0.05625 0.0765625
0 0.424219 0.388281 0.0546875 0.0703125
0 0.190625 0.539844 0.05 0.0671875
0 0.286719 0.549219 0.0421875 0.0609375
0 0.383594 0.43125 0.0484375 0.06875
0 0.749219 0.416406 0.0703125 0.0859375
0 0.53125 0.426562 0.0625 0.075
0 0.45 0.610156 0.05625 0.0609375
0 0.330469 0.448438 0.0578125 0.065625
0 0.435937 0.266406 0.059375 0.0890625
0 0.245312 0.357812 0.0375 0.065625
0 0.439844 0.542969 0.0515625 0.0734375
0 0.572656 0.357812 0.0671875 0.084375
0 0.282813 0.247656 0.059375 0.0703125
0 0.38125 0.242188 0.053125 0.090625
0 0.617188 0.554688 0.05625 0.08125
0 0.209375 0.395312 0.05 0.065625
0 0.599219 0.628125 0.0640625 0.078125
0 0.678125 0.413281 0.06875 0.0890625
0 0.704687 0.675781 0.065625 0.0703125
0 0.165625 0.591406 0.05625 0.0671875
0 0.661719 0.614844 0.0640625 0.0828125
0 0.541406 0.625 0.0640625 0.06875
0 0.523438 0.689844 0.05625 0.0796875
0 0.774219 0.557813 0.0765625 0.084375
0 0.329688 0.536719 0.05625 0.0734375
0 0.583594 0.699219 0.0578125 0.0703125
0 0.5125 0.35 0.059375 0.075
0 0.225781 0.45625 0.0484375 0.071875
0 0.639063 0.703125 0.0625 0.078125
0 0.557813 0.277344 0.0625 0.0859375
0 0.641406 0.351562 0.0671875 0.090625
0 0.410156 0.677344 0.0515625 0.0734375
0 0.332812 0.292969 0.05625 0.0765625
0 0.28125 0.482031 0.053125 0.0734375
0 0.282813 0.326562 0.05625 0.075
0 0.314844 0.686719 0.0546875 0.0671875
0 0.478906 0.440625 0.0609375 0.071875
0 0.389062 0.528125 0.05625 0.071875
0 0.566406 0.489062 0.0578125 0.084375
0 0.364062 0.679688 0.053125 0.06875
0 0.658594 0.267188 0.0734375 0.096875
0 0.215625 0.647656 0.053125 0.0640625
0 0.332031 0.625781 0.0515625 0.0765625
0 0.503125 0.503125 0.065625 0.071875
0 0.729688 0.499219 0.065625 0.0765625
0 0.470313 0.692969 0.05625 0.0609375
0 0.233594 0.594531 0.0484375 0.0640625
0 0.282031 0.621094 0.0515625 0.0640625
0 0.458594 0.342187 0.0609375 0.071875
0 0.758594 0.633594 0.0671875 0.0765625
0 0.3875 0.605469 0.046875 0.0734375
0 0.494531 0.267188 0.0671875 0.090625
0 0.607031 0.427344 0.0671875 0.0921875
0 0.267969 0.666406 0.0484375 0.0609375
0 0.557031 0.558594 0.0578125 0.0703125
0 0.270312 0.403906 0.053125 0.0734375
0 0.494531 0.578125 0.0609375 0.078125
0 0.228906 0.528906 0.0515625 0.0671875
0 0.8 0.471094 0.075 0.0921875
0 0.660156 0.492969 0.0703125 0.0765625
0 0.710938 0.567969 0.071875 0.0796875
0 0.70625 0.330469 0.078125 0.0921875
