0 0.264844 0.254687 0.0515625 0.059375
0 0.254687 0.821875 0.0375 0.04375
0 0.117188 0.425781 0.053125 0.0609375
0 0.321094 0.947656 0.0453125 0.0609375
0 0.241406 0.666406 0.0515625 0.0546875
0 0.491406 0.46875 0.0453125 0.059375
0 0.525781 0.775781 0.0484375 0.0578125
0 0.276563 0.741406 0.040625 0.0453125
0 0.367969 0.352344 0.0609375 0.0640625
0 0.822656 0.724219 0.0515625 0.0515625
0 0.745313 0.910156 0.053125 0.0546875
0 0.550781 0.810156 0.0484375 0.0484375
0 0.244531 0.424219 0.0484375 0.0609375
0 0.115625 0.703906 0.03125 0.0453125
0 0.107031 0.528906 0.0453125 0.0640625
0 0.2375 0.225 0.040625 0.053125
0 0.327344 0.317187 0.0453125 0.071875
0 0.701563 0.692187 0.053125 0.053125
0 0.385938 0.932813 0.04375 0.05
0 0.464063 0.435156 0.05625 0.0640625
0 0.525 0.335938 0.046875 0.065625
0 0.675 0.396094 0.05 0.0703125
0 0.454688 0.8125 0.046875 0.05
0 0.291406 0.551562 0.0515625 0.053125
0 0.774219 0.66875 0.0609375 0.08125
0 0.2625 0.876562 0.040625 0.05
0 0.500781 0.832031 0.0515625 0.0765625
0 0.236719 0.298438 0.0390625 0.05625
0 0.807813 0.946875 0.05 0.053125
0 0.364844 0.954687 0.0359375 0.053125
0 0.290625 0.424219 0.0375 0.0578125
0 0.3 0.501562 0.053125 0.059375
0 0.660156 0.735937 0.0453125 0.059375
0 0.652344 0.525 0.0515625 0.0625
0 0.646094 0.0914062 0.0796875 0.104687
0 0.876562 0.355469 0.05625 0.0796875
0 0.196094 0.666406 0.0421875 0.0640625
0 0.560156 0.690625 0.0421875 0.046875
0 0.698438 0.560156 0.053125 0.0578125
0 0.178125 0.892969 0.05 0.0546875
0 0.29375 0.852344 0.046875 0.0546875
0 0.592188 0.239844 0.053125 0.0796875
0 0.726562 0.444531 0.059375 0.0640625
0 0.557813 0.56875 0.053125 0.05625
0 0.189844 0.433594 0.0421875 0.0546875
0 0.374219 0.233594 0.0421875 0.0671875
0 0.317187 0.40625 0.05 0.075
0 0.647656 0.345313 0.0578125 0.0625
0 0.639063 0.802344 0.053125 0.0515625
0 0.740625 0.7 0.05 0.0625
0 0.250781 0.369531 0.0546875 0.0703125
0 0.115625 0.590625 0.05625 0.065625
0 0.675 0.633594 0.05 0.0640625
0 0.688281 0.145313 0.0546875 0.06875
0 0.692969 0.867188 0.0421875 0.05625
0 0.142969 0.361719 0.0484375 0.0640625
0 0.76875 0.33125 0.05625 0.075
0 0.821875 0.834375 0.05 0.0625
0 0.169531 0.344531 0.0515625 0.0640625
0 0.69375 0.8125 0.05625 0.065625
0 0.729688 0.189844 0.05625 0.0734375
0 0.864062 0.823438 0.046875 0.059375
0 0.298438 0.342187 0.0375 0.0625
0 0.2375 0.915625 0.05 0.05625
0 0.9125 0.700781 0.053125 0.0640625
0 0.426562 0.369531 0.046875 0.0671875
0 0.778125 0.414062 0.0625 0.071875
0 0.848437 0.507031 0.05625 0.0703125
0 0.570312 0.632031 0.04375 0.0734375
0 0.905469 0.492188 0.0546875 0.078125
0 0.127344 0.832031 0.0453125 0.0578125
0 0.828125 0.414844 0.05 0.0703125
0 0.719531 0.627344 0.0578125 0.0671875
0 0.635938 0.278906 0.05 0.0734375
0 0.573438 0.475781 0.046875 0.0640625
0 0.713281 0.317187 0.0578125 0.071875
0 0.694531 0.252344 0.0546875 0.0765625
0 0.764063 0.859375 0.05 0.059375
0 0.228125 0.791406 0.046875 0.0546875
0 0.850781 0.879687 0.0484375 0.05625
0 0.199219 0.391406 0.0515625 0.0640625
0 0.323438 0.611719 0.046875 0.0609375
0 0.576563 0.421094 0.05 0.0640625
0 0.5125 0.252344 0.05 0.0640625
0 0.902344 0.419531 0.0578125 0.0765625
0 0.655469 0.867188 0.0484375 0.059375
0 0.530469 0.513281 0.0515625 0.0671875
0 0.645312 0.661719 0.05 0.0609375
0 0.921094 0.557813 0.0484375 0.075
0 0.75625 0.252344 0.065625 0.0640625
0 0.380469 0.4125 0.0484375 0.0625
0 0.415625 0.227344 0.053125 0.0734375
0 0.397656 0.475 0.0484375 0.065625
0 0.267188 0.589063 0.053125 0.059375
0 0.410937 0.290625 0.05 0.06875
0 0.282813 0.801562 0.05 0.065625
0 0.472656 0.366406 0.0578125 0.0640625
0 0.571094 0.16875 0.0578125 0.078125
0 0.840625 0.683594 0.0625 0.0671875
0 0.674219 0.46875 0.0578125 0.065625
0 0.35625 0.460156 0.04375 0.0578125
0 0.123438 0.667969 0.0375 0.0578125
0 0.613281 0.716406 0.0453125 0.0546875
0 0.0703125 0.455469 0.046875 0.0640625
0 0.31875 0.248437 0.05 0.075
0 0.622656 0.404687 0.0546875 0.06875
0 0.159375 0.684375 0.05 0.059375
0 0.604688 0.678125 0.053125 0.0625
0 0.647656 0.211719 0.0578125 0.0609375
0 0.805469 0.592969 0.0484375 0.0609375
0 0.532031 0.383594 0.0515625 0.0578125
0 0.404687 0.539844 0.05625 0.0640625
0 0.142188 0.46875 0.0375 0.053125
0 0.621875 0.475781 0.05 0.0703125
0 0.854688 0.566406 0.05625 0.0703125
0 0.532031 0.653125 0.0453125 0.0625
0 0.478125 0.539844 0.05 0.0640625
0 0.398438 0.625781 0.05 0.0640625
0 0.771094 0.504687 0.0578125 0.075
0 0.241406 0.526563 0.0515625 0.06875
0 0.34375 0.533594 0.046875 0.0640625
0 0.188281 0.792969 0.0453125 0.0484375
0 0.571094 0.776563 0.0515625 0.065625
0 0.45 0.49375 0.05 0.06875
0 0.219531 0.604688 0.0421875 0.05625
0 0.0945313 0.644531 0.0484375 0.0609375
0 0.210156 0.729688 0.0453125 0.059375
0 0.329688 0.827344 0.046875 0.0578125
0 0.179688 0.751562 0.04375 0.053125
0 0.470313 0.279687 0.046875 0.065625
0 0.529688 0.448438 0.053125 0.0625
0 0.873438 0.753125 0.053125 0.065625
0 0.576563 0.355469 0.053125 0.0671875
0 0.366406 0.727344 0.0484375 0.0609375
0 0.407031 0.814844 0.0484375 0.0609375
0 0.348437 0.896094 0.046875 0.0546875
0 0.217969 0.865625 0.0484375 0.0625
0 0.319531 0.773438 0.0515625 0.0625
0 0.713281 0.507031 0.0515625 0.0671875
0 0.532812 0.914062 0.053125 0.065625
0 0.373437 0.842188 0.046875 0.05625
0 0.21875 0.460156 0.046875 0.0578125
0 0.164844 0.510938 0.0484375 0.059375
0 0.896875 0.628906 0.0625 0.0765625
0 0.407813 0.76875 0.046875 0.059375
0 0.357031 0.653125 0.0515625 0.065625
0 0.142969 0.728125 0.0421875 0.05625
0 0.105469 0.78125 0.0453125 0.0625
0 0.441406 0.579687 0.0453125 0.059375
0 0.267969 0.475 0.0546875 0.065625
0 0.171094 0.833594 0.0421875 0.0578125
0 0.707031 0.735156 0.0484375 0.0546875
0 0.44375 0.641406 0.05 0.0640625
0 0.28125 0.703906 0.046875 0.0578125
0 0.494531 0.613281 0.0515625 0.0703125
0 0.595312 0.875781 0.046875 0.0578125
0 0.600781 0.541406 0.0546875 0.0703125
0 0.482031 0.727344 0.0453125 0.0578125
0 0.753906 0.574219 0.0578125 0.0765625
0 0.182812 0.575 0.046875 0.0625
0 0.48125 0.678125 0.05 0.0625
0 0.732813 0.769531 0.05 0.0578125
0 0.36875 0.778906 0.046875 0.0578125
0 0.328906 0.682031 0.0453125 0.0546875
0 0.44375 0.699219 0.046875 0.0609375
0 0.398438 0.679688 0.046875 0.053125
0 0.620313 0.596094 0.05 0.0671875
0 0.305469 0.896875 0.0421875 0.05
0 0.770312 0.735937 0.046875 0.0625
0 0.454688 0.770312 0.04375 0.053125
0 0.292969 0.635156 0.0421875 0.0609375
0 0.14375 0.785156 0.046875 0.0640625
