0 0.675 0.325 0.034375 0.05
0 0.213281 0.784375 0.0390625 0.040625
0 0.739062 0.705469 0.040625 0.0453125
0 0.410156 0.59375 0.0359375 0.040625
0 0.2875 0.676562 0.0375 0.04375
0 0.632812 0.775 0.0375 0.0375
0 0.717188 0.739062 0.0375 0.046875
0 0.775 0.667969 0.040625 0.0578125
0 0.324219 0.7125 0.0390625 0.040625
0 0.453125 0.252344 0.04375 0.0546875
0 0.364062 0.657812 0.040625 0.046875
0 0.68125 0.760938 0.034375 0.046875
0 0.385156 0.400781 0.0421875 0.0453125
0 0.345313 0.370313 0.0375 0.04375
0 0.451562 0.839063 0.03125 0.040625
0 0.6 0.536719 0.034375 0.0390625
0 0.742188 0.471875 0.040625 0.05625
0 0.636719 0.7375 0.0421875 0.053125
0 0.591406 0.78125 0.0390625 0.05
0 0.5 0.740625 0.040625 0.05
0 0.616406 0.652344 0.0359375 0.0453125
0 0.275 0.496875 0.040625 0.05
0 0.226562 0.485938 0.046875 0.05625
0 0.499219 0.804688 0.0390625 0.053125
0 0.776563 0.376563 0.046875 0.065625
0 0.550781 0.678906 0.0359375 0.0484375
0 0.673437 0.285937 0.04375 0.05625
0 0.238281 0.249219 0.0421875 0.0515625
0 0.174219 0.660156 0.0421875 0.0609375
0 0.214844 0.751562 0.0453125 0.053125
0 0.534375 0.213281 0.05 0.0640625
0 0.471094 0.389844 0.0421875 0.0578125
0 0.703125 0.482812 0.040625 0.05
0 0.339844 0.760156 0.0453125 0.0546875
0 0.189844 0.525 0.0390625 0.053125
0 0.599219 0.425781 0.0390625 0.0578125
0 0.682813 0.717188 0.040625 0.053125
0 0.535156 0.839063 0.0390625 0.05625
0 0.375 0.767187 0.05 0.059375
0 0.685156 0.642187 0.0359375 0.053125
0 0.535937 0.746875 0.040625 0.05625
0 0.735937 0.647656 0.040625 0.0578125
0 0.299219 0.340625 0.0421875 0.053125
0 0.751562 0.535156 0.04375 0.0546875
0 0.576563 0.194531 0.05 0.0578125
0 0.203906 0.578125 0.0421875 0.053125
0 0.676562 0.207031 0.03125 0.0546875
0 0.43125 0.866406 0.040625 0.0484375
0 0.471875 0.111719 0.034375 0.0515625
0 0.757812 0.430469 0.0375 0.0453125
0 0.496094 0.567187 0.0421875 0.05625
0 0.414062 0.795313 0.040625 0.05
0 0.482031 0.617969 0.0453125 0.0546875
0 0.808594 0.407031 0.0484375 0.0640625
0 0.732031 0.585938 0.0421875 0.053125
0 0.689844 0.582812 0.0359375 0.05
0 0.410937 0.138281 0.0375 0.0578125
0 0.617969 0.830469 0.0359375 0.0421875
0 0.384375 0.560938 0.040625 0.05625
0 0.652344 0.172656 0.0421875 0.0484375
0 0.411719 0.509375 0.0421875 0.05
0 0.436719 0.582812 0.0421875 0.05625
0 0.589063 0.742188 0.040625 0.053125
0 0.471875 0.296094 0.046875 0.0578125
0 0.245312 0.327344 0.04375 0.0578125
0 0.595312 0.245312 0.046875 0.059375
0 0.303125 0.789062 0.04375 0.046875
0 0.315625 0.3875 0.040625 0.053125
0 0.533594 0.151562 0.0390625 0.059375
0 0.241406 0.596094 0.0515625 0.0640625
0 0.747656 0.270312 0.0515625 0.06875
0 0.552344 0.390625 0.0421875 0.053125
0 0.615625 0.310937 0.040625 0.05625
0 0.570312 0.0867188 0.05 0.0671875
0 0.546875 0.589063 0.040625 0.05
0 0.521875 0.880469 0.040625 0.0515625
0 0.158594 0.452344 0.0421875 0.0578125
0 0.403906 0.665625 0.0390625 0.053125
0 0.470313 0.880469 0.040625 0.0453125
0 0.705469 0.407031 0.0359375 0.0546875
0 0.446094 0.778125 0.0390625 0.04375
0 0.755469 0.604688 0.0359375 0.05
0 0.436719 0.483594 0.0421875 0.0546875
0 0.510156 0.275 0.0453125 0.0625
0 0.302344 0.56875 0.0390625 0.05
0 0.246094 0.814844 0.0453125 0.0578125
0 0.389844 0.235156 0.0421875 0.0546875
0 0.221875 0.541406 0.04375 0.0546875
0 0.583594 0.502344 0.0390625 0.0515625
0 0.426562 0.741406 0.040625 0.0484375
0 0.325 0.64375 0.040625 0.05625
0 0.666406 0.496875 0.0421875 0.053125
0 0.345313 0.414844 0.0375 0.0515625
0 0.403125 0.29375 0.04375 0.053125
0 0.278125 0.617969 0.04375 0.0515625
0 0.519531 0.1 0.0390625 0.059375
0 0.446875 0.16875 0.040625 0.05625
0 0.466406 0.517187 0.0390625 0.053125
0 0.375 0.628906 0.040625 0.0515625
0 0.403125 0.360938 0.04375 0.053125
0 0.557031 0.270312 0.0484375 0.0625
0 0.317969 0.242188 0.0421875 0.05625
0 0.257031 0.690625 0.0390625 0.05
0 0.310156 0.444531 0.0421875 0.0515625
0 0.584375 0.60625 0.040625 0.053125
0 0.351562 0.203906 0.040625 0.0515625
0 0.495313 0.1625 0.0375 0.05625
0 0.204688 0.316406 0.04375 0.0578125
0 0.50625 0.353125 0.04375 0.059375
0 0.642969 0.414844 0.0421875 0.0578125
0 0.438281 0.30625 0.0359375 0.053125
0 0.390625 0.863281 0.040625 0.0546875
0 0.659375 0.832031 0.0375 0.0515625
0 0.607813 0.375781 0.046875 0.0609375
0 0.18125 0.380469 0.040625 0.0546875
0 0.23125 0.369531 0.04375 0.0484375
0 0.508594 0.68125 0.0390625 0.05625
0 0.332812 0.305469 0.0375 0.0546875
0 0.396094 0.471094 0.0421875 0.0515625
0 0.280469 0.264844 0.0390625 0.0515625
0 0.146875 0.50625 0.046875 0.059375
0 0.321875 0.133594 0.04375 0.0578125
0 0.691406 0.45625 0.0421875 0.053125
0 0.239844 0.419531 0.0421875 0.0546875
0 0.617969 0.482812 0.0421875 0.059375
0 0.50625 0.49375 0.040625 0.05625
0 0.392969 0.705469 0.0390625 0.0515625
0 0.424219 0.204688 0.0453125 0.05625
0 0.221875 0.679688 0.04375 0.05
0 0.382031 0.176563 0.0390625 0.059375
0 0.669531 0.380469 0.0421875 0.0546875
0 0.46875 0.441406 0.040625 0.0546875
0 0.479688 0.207031 0.04375 0.0515625
0 0.367188 0.332812 0.040625 0.05625
0 0.579687 0.311719 0.040625 0.0609375
0 0.319531 0.492969 0.0390625 0.0546875
0 0.402344 0.0929687 0.0390625 0.0484375
0 0.645312 0.542188 0.034375 0.046875
0 0.266406 0.454688 0.0390625 0.053125
0 0.682813 0.5375 0.0375 0.053125
0 0.269531 0.398438 0.0421875 0.059375
0 0.455469 0.721094 0.0421875 0.0578125
0 0.35625 0.117969 0.040625 0.0546875
0 0.592969 0.694531 0.0421875 0.0484375
0 0.617188 0.580469 0.0375 0.0515625
0 0.342969 0.842969 0.0390625 0.0484375
0 0.439063 0.0828125 0.04375 0.05625
0 0.355469 0.257031 0.0390625 0.0515625
0 0.535156 0.321094 0.0515625 0.0640625
0 0.55625 0.4375 0.0375 0.053125
0 0.157813 0.5875 0.05 0.0625
0 0.517969 0.407031 0.0421875 0.0546875
0 0.666406 0.623438 0.0421875 0.05
0 0.35625 0.507031 0.040625 0.0515625
0 0.544531 0.547656 0.0453125 0.0546875
0 0.579687 0.85625 0.040625 0.05
0 0.341406 0.553125 0.0421875 0.053125
0 0.646094 0.220313 0.0453125 0.0625
0 0.417188 0.396875 0.040625 0.053125
0 0.692187 0.8 0.040625 0.046875
