0 0.247656 0.549219 0.0421875 0.0546875
0 0.325 0.801562 0.046875 0.059375
0 0.239063 0.724219 0.040625 0.0484375
0 0.448438 0.535937 0.04375 0.059375
0 0.425 0.6375 0.040625 0.05625
0 0.813281 0.398438 0.0453125 0.05625
0 0.523438 0.585156 0.0375 0.0484375
0 0.476562 0.724219 0.040625 0.0578125
0 0.477344 0.499219 0.0421875 0.0578125
0 0.523438 0.200781 0.04375 0.0703125
0 0.374219 0.450781 0.0421875 0.0578125
0 0.338281 0.285156 0.0421875 0.0546875
0 0.239844 0.488281 0.0484375 0.0609375
0 0.814844 0.451562 0.0421875 0.05625
0 0.352344 0.402344 0.0453125 0.0578125
0 0.289062 0.664844 0.040625 0.0546875
0 0.300781 0.310937 0.0421875 0.053125
0 0.323438 0.575781 0.0375 0.0546875
0 0.589063 0.214844 0.046875 0.0609375
0 0.549219 0.471875 0.0421875 0.05625
0 0.774219 0.379687 0.0390625 0.053125
0 0.596875 0.592969 0.040625 0.0609375
0 0.460938 0.379687 0.04375 0.053125
0 0.489844 0.623438 0.0453125 0.05625
0 0.576563 0.321094 0.046875 0.0578125
0 0.559375 0.614844 0.040625 0.0578125
0 0.500781 0.677344 0.0453125 0.0578125
0 0.660937 0.208594 0.046875 0.0640625
0 0.627344 0.5625 0.0484375 0.059375
0 0.621094 0.185937 0.0453125 0.0625
0 0.265625 0.76875 0.046875 0.059375
0 0.204688 0.696094 0.04375 0.0578125
0 0.324219 0.628906 0.0453125 0.0546875
0 0.322656 0.685938 0.0421875 0.053125
0 0.316406 0.753906 0.0390625 0.0515625
0 0.334375 0.465625 0.0375 0.05625
0 0.798437 0.265625 0.04375 0.0625
0 0.550781 0.546094 0.0421875 0.0515625
0 0.728906 0.510938 0.0484375 0.0625
0 0.355469 0.853125 0.0421875 0.05625
0 0.589063 0.522656 0.04375 0.0546875
0 0.632812 0.442969 0.04375 0.0578125
0 0.76875 0.490625 0.04375 0.05625
0 0.75625 0.307031 0.040625 0.0578125
0 0.251563 0.605469 0.034375 0.0546875
0 0.610156 0.269531 0.0453125 0.0609375
0 0.159375 0.576563 0.040625 0.059375
0 0.728906 0.346875 0.0453125 0.05625
0 0.439063 0.428125 0.04375 0.05625
0 0.739844 0.244531 0.0453125 0.0515625
0 0.565625 0.66875 0.05 0.059375
0 0.827344 0.335156 0.0515625 0.0609375
0 0.677344 0.328906 0.0421875 0.0546875
0 0.553125 0.274219 0.04375 0.0609375
0 0.708594 0.452344 0.0421875 0.0578125
0 0.414062 0.578125 0.04375 0.053125
0 0.203906 0.589844 0.0453125 0.0546875
0 0.509375 0.270312 0.046875 0.0625
0 0.725781 0.29375 0.0421875 0.05625
0 0.728906 0.400781 0.0453125 0.0546875
0 0.390625 0.74375 0.046875 0.053125
0 0.671875 0.428906 0.040625 0.0546875
0 0.649219 0.382031 0.0421875 0.0546875
0 0.197656 0.525 0.0390625 0.059375
0 0.394531 0.839844 0.0421875 0.0546875
0 0.471094 0.2125 0.0453125 0.065625
0 0.321875 0.520312 0.04375 0.05625
0 0.602344 0.369531 0.0453125 0.0546875
0 0.660156 0.270312 0.0453125 0.0625
0 0.405469 0.391406 0.0421875 0.0578125
0 0.289844 0.539062 0.0390625 0.05625
0 0.45625 0.292188 0.04375 0.05625
0 0.595312 0.470313 0.040625 0.05625
0 0.289062 0.478906 0.040625 0.0546875
0 0.665625 0.478906 0.0375 0.0515625
0 0.394531 0.685156 0.0421875 0.0609375
0 0.522656 0.507812 0.0421875 0.0625
0 0.241406 0.384375 0.0453125 0.05625
0 0.360938 0.65625 0.040625 0.053125
0 0.685156 0.379687 0.0390625 0.053125
0 0.264844 0.446094 0.0421875 0.0546875
0 0.282813 0.378906 0.040625 0.0578125
0 0.286719 0.707031 0.0359375 0.0515625
0 0.542969 0.371094 0.0453125 0.0578125
0 0.352344 0.732031 0.0421875 0.0578125
0 0.301562 0.430469 0.04375 0.0515625
0 0.192969 0.635938 0.0390625 0.0625
0 0.492188 0.544531 0.04375 0.0546875
0 0.217187 0.420312 0.04375 0.05625
0 0.332812 0.355469 0.04375 0.0578125
0 0.38125 0.620313 0.046875 0.059375
0 0.453906 0.585938 0.0421875 0.05625
0 0.41875 0.308594 0.04375 0.0546875
0 0.196094 0.469531 0.0421875 0.0453125
0 0.529688 0.319531 0.040625 0.0546875
0 0.420312 0.254687 0.04375 0.0625
0 0.442969 0.473437 0.0453125 0.053125
0 0.692187 0.235938 0.040625 0.059375
0 0.633594 0.311719 0.0484375 0.0609375
0 0.382031 0.324219 0.0390625 0.0578125
0 0.28125 0.60625 0.04375 0.059375
0 0.489844 0.332031 0.0453125 0.0578125
0 0.407813 0.528906 0.04375 0.0546875
0 0.432031 0.707812 0.0421875 0.05625
0 0.757812 0.434375 0.040625 0.05625
0 0.366406 0.560156 0.0421875 0.0578125
0 0.453906 0.664062 0.0421875 0.05625
0 0.15625 0.517187 0.040625 0.053125
0 0.369531 0.505469 0.0421875 0.0578125
0 0.242969 0.675781 0.0421875 0.0578125
0 0.66875 0.53125 0.04375 0.05625
0 0.634375 0.496875 0.04375 0.059375
0 0.567187 0.420312 0.04375 0.059375
0 0.267188 0.328906 0.040625 0.0546875
0 0.521094 0.434375 0.0421875 0.0625
0 0.444531 0.763281 0.0453125 0.0578125
0 0.367969 0.785156 0.0421875 0.0609375
0 0.48125 0.434375 0.040625 0.0625
0 0.505469 0.385938 0.0421875 0.05625
0 0.38125 0.271875 0.04375 0.0625
