0 0.869531 0.705469 0.0296875 0.0390625
0 0.751562 0.475 0.025 0.03125
0 0.413281 0.735937 0.0359375 0.053125
0 0.674219 0.763281 0.0328125 0.0484375
0 0.852344 0.525 0.0359375 0.040625
0 0.375 0.328125 0.034375 0.053125
0 0.7125 0.301562 0.03125 0.0375
0 0.9 0.825781 0.03125 0.0484375
0 0.461719 0.399219 0.0359375 0.0515625
0 0.724219 0.563281 0.0359375 0.0453125
0 0.603125 0.814062 0.0375 0.05625
0 0.113281 0.510938 0.0359375 0.040625
0 0.413281 0.539062 0.0390625 0.053125
0 0.1875 0.585938 0.040625 0.05
0 0.461719 0.327344 0.0328125 0.0484375
0 0.733594 0.333594 0.0296875 0.0484375
0 0.798437 0.425 0.0375 0.046875
0 0.325781 0.208594 0.0359375 0.0421875
0 0.599219 0.264062 0.0328125 0.04375
0 0.713281 0.796094 0.0296875 0.0453125
0 0.152344 0.339063 0.0421875 0.053125
0 0.214844 0.633594 0.0390625 0.0578125
0 0.148438 0.485938 0.034375 0.053125
0 0.3375 0.374219 0.040625 0.0453125
0 0.341406 0.723437 0.0359375 0.046875
0 0.585938 0.123438 0.03125 0.0375
0 0.335938 0.763281 0.0375 0.0484375
0 0.725781 0.939844 0.0359375 0.0484375
0 0.223438 0.265625 0.0375 0.059375
0 0.5875 0.722656 0.0375 0.0453125
0 0.710938 0.763281 0.0375 0.0453125
0 0.891406 0.75625 0.0296875 0.05
0 0.849219 0.678125 0.0328125 0.05
0 0.247656 0.375781 0.0328125 0.0484375
0 0.323438 0.249219 0.040625 0.0578125
0 0.561719 0.640625 0.0359375 0.05
0 0.222656 0.764844 0.0359375 0.0515625
0 0.6875 0.571094 0.034375 0.0421875
0 0.185156 0.340625 0.0359375 0.05
0 0.635156 0.627344 0.0359375 0.0546875
0 0.411719 0.627344 0.0359375 0.0515625
0 0.710938 0.872656 0.034375 0.0484375
0 0.410937 0.576563 0.0375 0.046875
0 0.565625 0.827344 0.040625 0.0421875
0 0.625781 0.703906 0.0359375 0.0484375
0 0.821875 0.914844 0.034375 0.0453125
0 0.28125 0.220313 0.0375 0.05625
0 0.177344 0.673437 0.0390625 0.0375
0 0.828125 0.707812 0.040625 0.046875
0 0.779688 0.905469 0.0375 0.0453125
0 0.311719 0.728906 0.0359375 0.0484375
0 0.261719 0.671875 0.0390625 0.053125
0 0.797656 0.875781 0.0328125 0.0453125
0 0.534375 0.247656 0.03125 0.0453125
0 0.498437 0.182812 0.034375 0.053125
0 0.772656 0.689062 0.0359375 0.046875
0 0.285156 0.514844 0.0328125 0.0484375
0 0.625781 0.822656 0.0359375 0.0515625
0 0.313281 0.347656 0.0390625 0.0515625
0 0.480469 0.291406 0.0328125 0.0453125
0 0.376563 0.766406 0.034375 0.0515625
0 0.267969 0.774219 0.0328125 0.0453125
0 0.314063 0.427344 0.034375 0.0546875
0 0.683594 0.339844 0.0328125 0.0453125
0 0.853125 0.572656 0.034375 0.0390625
0 0.735156 0.676562 0.0359375 0.046875
0 0.735937 0.890625 0.0375 0.04375
0 0.508594 0.694531 0.0359375 0.0578125
0 0.796875 0.609375 0.03125 0.046875
0 0.644531 0.771875 0.0359375 0.053125
0 0.613281 0.415625 0.0328125 0.04375
0 0.702344 0.907812 0.0390625 0.04375
0 0.696875 0.73125 0.0375 0.053125
0 0.301562 0.6875 0.0375 0.053125
0 0.747656 0.583594 0.0359375 0.0515625
0 0.820312 0.617969 0.03125 0.0484375
0 0.758594 0.864062 0.0328125 0.04375
0 0.766406 0.628906 0.0296875 0.0453125
0 0.548437 0.596875 0.0375 0.046875
0 0.776563 0.771875 0.03125 0.05
0 0.789062 0.717969 0.034375 0.0484375
0 0.451562 0.445312 0.0375 0.053125
0 0.257812 0.739844 0.0375 0.0515625
0 0.785156 0.569531 0.0359375 0.0484375
0 0.395312 0.825 0.0375 0.05625
0 0.760938 0.73125 0.0375 0.05
0 0.488281 0.45625 0.0359375 0.046875
0 0.594531 0.854688 0.0390625 0.04375
0 0.133594 0.550781 0.0359375 0.0515625
0 0.358594 0.40625 0.0359375 0.053125
0 0.666406 0.604688 0.0359375 0.05
0 0.646875 0.446094 0.034375 0.0421875
0 0.334375 0.678906 0.0375 0.0546875
0 0.610156 0.154687 0.0328125 0.05
0 0.475 0.745313 0.040625 0.05625
0 0.614844 0.750781 0.0328125 0.0484375
0 0.703125 0.616406 0.0375 0.0484375
0 0.846094 0.767969 0.0359375 0.0390625
0 0.873438 0.619531 0.034375 0.0453125
0 0.448438 0.232812 0.034375 0.053125
0 0.808594 0.829687 0.0359375 0.046875
0 0.66875 0.29375 0.03125 0.05
0 0.122656 0.430469 0.0421875 0.0515625
0 0.599219 0.308594 0.0390625 0.0515625
0 0.65625 0.894531 0.0375 0.0484375
0 0.215625 0.336719 0.040625 0.0546875
0 0.767187 0.383594 0.0375 0.0515625
0 0.584375 0.670313 0.0375 0.05
0 0.259375 0.267969 0.034375 0.0515625
0 0.653906 0.566406 0.0359375 0.0515625
0 0.659375 0.7 0.034375 0.05
0 0.349219 0.496875 0.0390625 0.046875
0 0.278125 0.630469 0.04375 0.0515625
0 0.46875 0.828906 0.034375 0.0515625
0 0.871094 0.834375 0.0328125 0.046875
0 0.458594 0.665625 0.0359375 0.046875
0 0.54375 0.320312 0.034375 0.046875
0 0.753125 0.442187 0.034375 0.046875
0 0.36875 0.269531 0.0375 0.0546875
0 0.839844 0.81875 0.0359375 0.046875
0 0.50625 0.50625 0.0375 0.05625
0 0.713281 0.380469 0.0296875 0.0515625
0 0.671875 0.528125 0.034375 0.046875
0 0.536719 0.555469 0.0359375 0.0515625
0 0.710156 0.521875 0.0328125 0.040625
0 0.5 0.553906 0.0375 0.0453125
0 0.252344 0.515625 0.0390625 0.046875
0 0.883594 0.663281 0.0359375 0.0453125
0 0.628906 0.278906 0.0390625 0.0515625
0 0.503906 0.316406 0.0390625 0.0515625
0 0.208594 0.535156 0.0390625 0.0546875
0 0.26875 0.317187 0.0375 0.053125
0 0.778125 0.519531 0.03125 0.0515625
0 0.344531 0.453906 0.0359375 0.0484375
0 0.615625 0.460938 0.03125 0.046875
0 0.508594 0.428125 0.0390625 0.05
0 0.195312 0.389844 0.0375 0.0546875
0 0.0929687 0.471875 0.0390625 0.05
0 0.510156 0.746094 0.0359375 0.0484375
0 0.654688 0.344531 0.034375 0.0484375
0 0.180469 0.640625 0.0359375 0.05
0 0.583594 0.386719 0.0328125 0.0453125
0 0.558594 0.209375 0.0328125 0.046875
0 0.578906 0.341406 0.0359375 0.0515625
0 0.709375 0.255469 0.0375 0.0515625
0 0.583594 0.771875 0.0359375 0.05
0 0.445312 0.621875 0.0375 0.05625
0 0.494531 0.800781 0.0421875 0.0515625
0 0.30625 0.479688 0.040625 0.053125
0 0.609375 0.357031 0.034375 0.0453125
0 0.232031 0.58125 0.0359375 0.053125
0 0.377344 0.596875 0.0390625 0.05
0 0.71875 0.430469 0.034375 0.0515625
0 0.736719 0.829687 0.0328125 0.046875
0 0.455469 0.776563 0.0359375 0.05
0 0.71875 0.708594 0.034375 0.0421875
0 0.646094 0.402344 0.0359375 0.0453125
0 0.428906 0.169531 0.0390625 0.0546875
0 0.466406 0.517187 0.0359375 0.053125
0 0.423438 0.779688 0.034375 0.053125
0 0.776563 0.83125 0.0375 0.05
0 0.422656 0.66875 0.0359375 0.05
0 0.624219 0.519531 0.0359375 0.0515625
0 0.353125 0.833594 0.040625 0.0515625
0 0.594531 0.204688 0.0328125 0.05
0 0.446094 0.28125 0.0359375 0.05
0 0.31875 0.815625 0.0375 0.053125
0 0.226562 0.692187 0.0375 0.05
0 0.548437 0.370313 0.034375 0.05
0 0.333594 0.5875 0.0359375 0.05625
0 0.382812 0.661719 0.040625 0.0484375
0 0.745313 0.923437 0.03125 0.046875
0 0.792188 0.651563 0.03125 0.04375
0 0.247656 0.428906 0.0359375 0.0453125
0 0.383594 0.447656 0.0328125 0.0515625
0 0.294531 0.582812 0.0421875 0.05625
0 0.286719 0.805469 0.0390625 0.0515625
0 0.485938 0.24375 0.0375 0.05
0 0.553906 0.792188 0.0359375 0.05
0 0.670313 0.428125 0.034375 0.05
0 0.577344 0.160938 0.0359375 0.046875
0 0.142969 0.642187 0.0390625 0.053125
0 0.519531 0.832031 0.0390625 0.0515625
0 0.408594 0.235938 0.0359375 0.05
0 0.740625 0.770312 0.0375 0.04375
0 0.321094 0.30625 0.0390625 0.05
0 0.182812 0.74375 0.04375 0.053125
0 0.188281 0.494531 0.0390625 0.0578125
0 0.679688 0.382031 0.03125 0.0453125
0 0.563281 0.278906 0.0296875 0.0484375
0 0.454688 0.142188 0.0375 0.05
0 0.542188 0.503125 0.034375 0.046875
0 0.432031 0.828906 0.0359375 0.0484375
0 0.667969 0.645312 0.0359375 0.046875
0 0.453906 0.560156 0.0390625 0.0546875
0 0.811719 0.755469 0.0359375 0.0515625
0 0.582031 0.433594 0.0328125 0.0484375
0 0.778125 0.472656 0.034375 0.0484375
0 0.392969 0.495313 0.0359375 0.053125
0 0.157813 0.585938 0.034375 0.05
0 0.524219 0.642969 0.0359375 0.0515625
0 0.648438 0.492188 0.034375 0.046875
0 0.378906 0.546875 0.0359375 0.05625
0 0.723437 0.483594 0.034375 0.0421875
0 0.419531 0.428906 0.0359375 0.0515625
0 0.379687 0.713281 0.034375 0.0515625
0 0.685938 0.80625 0.0375 0.040625
0 0.553906 0.460938 0.0328125 0.046875
0 0.590625 0.482812 0.034375 0.046875
0 0.482812 0.361719 0.0375 0.0484375
0 0.63125 0.877344 0.0375 0.0484375
0 0.503906 0.596875 0.0390625 0.046875
0 0.165625 0.532812 0.040625 0.05625
0 0.553906 0.41875 0.0390625 0.05
0 0.591406 0.532031 0.0359375 0.0515625
0 0.741406 0.632031 0.0359375 0.0515625
0 0.416406 0.339844 0.0390625 0.0484375
0 0.392188 0.36875 0.0375 0.053125
0 0.542969 0.746875 0.0390625 0.05625
0 0.546094 0.685156 0.0390625 0.0578125
0 0.276563 0.467969 0.0375 0.0515625
0 0.36875 0.2125 0.040625 0.05625
0 0.491406 0.653906 0.0390625 0.0515625
0 0.466406 0.2 0.0296875 0.046875
0 0.428906 0.38125 0.0390625 0.053125
0 0.741406 0.520312 0.0328125 0.04375
0 0.610937 0.655469 0.034375 0.0484375
0 0.703125 0.6625 0.034375 0.046875
0 0.516406 0.283594 0.0359375 0.0421875
0 0.404687 0.2875 0.034375 0.053125
0 0.690625 0.480469 0.034375 0.0484375
0 0.194531 0.441406 0.0390625 0.0515625
0 0.804688 0.510156 0.034375 0.0453125
0 0.594531 0.610937 0.0359375 0.05
0 0.229687 0.48125 0.040625 0.053125
0 0.666406 0.847656 0.0328125 0.0515625
0 0.329688 0.535937 0.0375 0.05
0 0.617188 0.575 0.034375 0.046875
0 0.280469 0.398438 0.0390625 0.046875
0 0.265625 0.549219 0.040625 0.0453125
0 0.517187 0.376563 0.0375 0.05
0 0.392969 0.171875 0.0328125 0.05
0 0.43125 0.486719 0.040625 0.0515625
