0 0.349219 0.751562 0.0515625 0.053125
0 0.9 0.473437 0.046875 0.071875
0 0.175781 0.807031 0.0359375 0.0515625
0 0.296094 0.522656 0.0546875 0.0734375
0 0.189844 0.897656 0.0453125 0.0609375
0 0.7 0.529688 0.059375 0.08125
0 0.278906 0.626562 0.0578125 0.06875
0 0.163281 0.647656 0.0484375 0.0765625
0 0.727344 0.401563 0.0546875 0.078125
0 0.851562 0.461719 0.059375 0.0765625
0 0.0828125 0.259375 0.053125 0.078125
0 0.721094 0.823438 0.0578125 0.065625
0 0.55 0.646875 0.05625 0.065625
0 0.83125 0.607813 0.05625 0.065625
0 0.164062 0.316406 0.046875 0.0734375
0 0.0703125 0.664844 0.046875 0.0671875
0 0.577344 0.507031 0.0578125 0.0796875
0 0.288281 0.697656 0.0546875 0.0640625
0 0.899219 0.403906 0.0671875 0.0828125
0 0.6625 0.784375 0.05 0.065625
0 0.842188 0.710156 0.059375 0.0578125
0 0.496875 0.470313 0.065625 0.096875
0 0.349219 0.210938 0.0609375 0.0875
0 0.742188 0.6125 0.059375 0.05625
0 0.839844 0.361719 0.0578125 0.0609375
0 0.598437 0.578125 0.05625 0.078125
0 0.4875 0.790625 0.05625 0.071875
0 0.439063 0.589844 0.059375 0.0734375
0 0.875 0.553906 0.0625 0.0796875
0 0.146094 0.392969 0.0546875 0.0859375
0 0.251563 0.550781 0.059375 0.0703125
0 0.75625 0.485156 0.05625 0.0921875
0 0.432813 0.211719 0.05625 0.0859375
0 0.303906 0.295312 0.0546875 0.09375
0 0.114063 0.678125 0.053125 0.06875
0 0.489844 0.726562 0.0578125 0.0625
0 0.807031 0.665625 0.0703125 0.06875
0 0.245312 0.371094 0.059375 0.0921875
0 0.451562 0.391406 0.059375 0.0765625
0 0.203906 0.403125 0.0609375 0.078125
0 0.198437 0.604688 0.053125 0.06875
0 0.210156 0.203125 0.0703125 0.09375
0 0.761719 0.235156 0.0671875 0.0796875
0 0.103906 0.424219 0.0546875 0.0796875
0 0.615625 0.626562 0.065625 0.0625
0 0.375781 0.715625 0.0546875 0.06875
0 0.411719 0.796094 0.0515625 0.0609375
0 0.114063 0.330469 0.05625 0.0671875
0 0.6625 0.575781 0.0625 0.0609375
0 0.289844 0.45625 0.0609375 0.065625
0 0.626562 0.274219 0.059375 0.0953125
0 0.370313 0.4375 0.0625 0.075
0 0.744531 0.672656 0.0453125 0.0609375
0 0.690625 0.646875 0.05625 0.06875
0 0.389844 0.651563 0.0515625 0.06875
0 0.121875 0.59375 0.05625 0.0625
0 0.0953125 0.733594 0.05 0.0671875
0 0.563281 0.31875 0.0640625 0.08125
0 0.285156 0.207031 0.0671875 0.0890625
0 0.648438 0.354688 0.06875 0.084375
0 0.09375 0.827344 0.053125 0.0609375
0 0.788281 0.407031 0.0609375 0.0703125
0 0.145313 0.770312 0.05 0.06875
0 0.0789063 0.553906 0.0546875 0.0609375
0 0.666406 0.438281 0.0640625 0.0796875
0 0.330469 0.650781 0.0546875 0.0671875
0 0.567969 0.720312 0.0515625 0.08125
0 0.0828125 0.491406 0.05625 0.0734375
0 0.664062 0.145313 0.075 0.0875
0 0.54375 0.569531 0.053125 0.0765625
0 0.753906 0.566406 0.0578125 0.0828125
0 0.351562 0.515625 0.0625 0.0875
0 0.345313 0.821875 0.05625 0.05625
0 0.590625 0.157031 0.071875 0.0828125
0 0.635156 0.504687 0.0578125 0.071875
0 0.367188 0.292969 0.059375 0.0828125
0 0.178125 0.724219 0.05625 0.0609375
0 0.609375 0.780469 0.05 0.0671875
0 0.826563 0.221875 0.06875 0.078125
0 0.532812 0.0898438 0.06875 0.0953125
0 0.183594 0.549219 0.0546875 0.0796875
0 0.803906 0.764844 0.0484375 0.0765625
0 0.232812 0.492188 0.059375 0.075
0 0.71875 0.309375 0.065625 0.09375
0 0.332031 0.596094 0.0578125 0.0671875
0 0.716406 0.0757812 0.0703125 0.0890625
0 0.591406 0.399219 0.0640625 0.0765625
0 0.867188 0.648438 0.053125 0.065625
0 0.136719 0.540625 0.0515625 0.071875
0 0.507812 0.180469 0.06875 0.0828125
0 0.546094 0.800781 0.0578125 0.0671875
0 0.31875 0.371875 0.0625 0.090625
0 0.495313 0.625781 0.0625 0.0796875
0 0.207031 0.800781 0.0515625 0.0703125
0 0.432031 0.291406 0.0671875 0.0828125
0 0.557813 0.242969 0.06875 0.0890625
0 0.2875 0.757031 0.05 0.0671875
0 0.426562 0.741406 0.059375 0.0671875
0 0.144531 0.467969 0.0546875 0.0734375
0 0.451562 0.66875 0.0625 0.078125
0 0.207813 0.292969 0.06875 0.101562
0 0.498437 0.271875 0.06875 0.103125
0 0.817187 0.511719 0.05625 0.0828125
0 0.842188 0.128125 0.078125 0.109375
0 0.426562 0.517187 0.065625 0.065625
0 0.695312 0.247656 0.071875 0.0890625
0 0.395312 0.35625 0.06875 0.10625
0 0.49375 0.551562 0.059375 0.08125
0 0.239063 0.742188 0.053125 0.065625
0 0.621094 0.689844 0.0609375 0.0703125
0 0.2625 0.803906 0.053125 0.0671875
0 0.753906 0.76875 0.0546875 0.065625
0 0.692187 0.736719 0.059375 0.0609375
0 0.503125 0.354688 0.071875 0.09375
0 0.770312 0.144531 0.075 0.0953125
0 0.80625 0.304688 0.071875 0.0875
0 0.245312 0.845312 0.05 0.05625
0 0.896875 0.303906 0.071875 0.0953125
0 0.232031 0.657812 0.0515625 0.0625
