0 0.879687 0.339063 0.04375 0.08125
0 0.9 0.475 0.0375 0.059375
0 0.826563 0.425781 0.040625 0.0578125
0 0.5 0.360156 0.0375 0.0484375
0 0.765625 0.615625 0.0375 0.046875
0 0.3 0.390625 0.0375 0.05625
0 0.425781 0.528906 0.0453125 0.0515625
0 0.5125 0.200781 0.0375 0.0703125
0 0.625 0.453125 0.040625 0.05625
0 0.711719 0.359375 0.0421875 0.05
0 0.474219 0.260156 0.0390625 0.0609375
0 0.650781 0.197656 0.0484375 0.0609375
0 0.5875 0.552344 0.0375 0.0515625
0 0.761719 0.539844 0.0421875 0.0578125
0 0.8125 0.471875 0.0375 0.05
0 0.575781 0.3375 0.0484375 0.05625
0 0.533594 0.321875 0.0421875 0.053125
0 0.560938 0.123438 0.04375 0.05625
0 0.790625 0.621875 0.034375 0.05
0 0.659375 0.64375 0.0375 0.05
0 0.225781 0.258594 0.0421875 0.0578125
0 0.389844 0.15 0.0515625 0.059375
0 0.246875 0.610156 0.034375 0.0546875
0 0.817187 0.669531 0.04375 0.0515625
0 0.485156 0.522656 0.0390625 0.0578125
0 0.348437 0.135937 0.040625 0.053125
0 0.746094 0.676562 0.0421875 0.053125
0 0.760156 0.410156 0.0421875 0.0609375
0 0.309375 0.564844 0.040625 0.0578125
0 0.371875 0.64375 0.046875 0.059375
0 0.672656 0.311719 0.0421875 0.0640625
0 0.278125 0.459375 0.0375 0.05625
0 0.735156 0.719531 0.0359375 0.0515625
0 0.721094 0.513281 0.0359375 0.0578125
0 0.427344 0.485156 0.0421875 0.0546875
0 0.858594 0.575781 0.0390625 0.0578125
0 0.446875 0.16875 0.046875 0.065625
0 0.785937 0.697656 0.040625 0.0515625
0 0.691406 0.400781 0.0359375 0.0515625
0 0.369531 0.484375 0.0453125 0.05
0 0.659375 0.607813 0.040625 0.053125
0 0.319531 0.166406 0.0453125 0.0578125
0 0.722656 0.629687 0.0359375 0.05625
0 0.176563 0.530469 0.05 0.0640625
0 0.819531 0.375781 0.0484375 0.0546875
0 0.416406 0.194531 0.0484375 0.0609375
0 0.428125 0.328125 0.04375 0.0625
0 0.249219 0.219531 0.0421875 0.0609375
0 0.782031 0.565625 0.0390625 0.05625
0 0.702344 0.25 0.0453125 0.0625
0 0.320312 0.626562 0.040625 0.05625
0 0.708594 0.672656 0.0421875 0.0515625
0 0.258594 0.278125 0.0453125 0.0625
0 0.328906 0.302344 0.0421875 0.0578125
0 0.86875 0.51875 0.040625 0.05625
0 0.55 0.26875 0.05 0.065625
0 0.826563 0.607813 0.04375 0.05625
0 0.407031 0.614062 0.0421875 0.059375
0 0.489844 0.466406 0.0421875 0.0546875
0 0.36875 0.2875 0.046875 0.0625
0 0.3125 0.454688 0.04375 0.053125
0 0.663281 0.255469 0.0484375 0.0609375
0 0.588281 0.216406 0.0484375 0.0640625
0 0.757031 0.354688 0.0390625 0.05625
0 0.753125 0.484375 0.040625 0.05625
0 0.760156 0.273438 0.0515625 0.06875
0 0.721094 0.442969 0.0390625 0.0578125
0 0.24375 0.442187 0.040625 0.059375
0 0.533594 0.559375 0.0421875 0.059375
0 0.696094 0.584375 0.0390625 0.0625
0 0.330469 0.401563 0.0453125 0.059375
0 0.296094 0.51875 0.0453125 0.05625
0 0.835156 0.554688 0.0390625 0.053125
0 0.289844 0.33125 0.0484375 0.059375
0 0.379687 0.4375 0.046875 0.0625
0 0.420312 0.260938 0.046875 0.065625
0 0.357812 0.595312 0.046875 0.053125
0 0.182812 0.394531 0.046875 0.0640625
0 0.566406 0.396875 0.0453125 0.05625
0 0.482031 0.41875 0.0453125 0.059375
0 0.346875 0.355469 0.040625 0.0578125
0 0.560938 0.519531 0.040625 0.0578125
0 0.346875 0.530469 0.040625 0.0609375
0 0.216406 0.580469 0.0453125 0.0609375
0 0.467187 0.31875 0.046875 0.059375
0 0.732813 0.58125 0.0375 0.053125
0 0.579687 0.620313 0.040625 0.05625
0 0.357031 0.23125 0.0421875 0.059375
0 0.596094 0.284375 0.0421875 0.0625
0 0.265625 0.574219 0.040625 0.0609375
0 0.842188 0.507031 0.040625 0.0484375
0 0.554688 0.458594 0.040625 0.0484375
0 0.545313 0.605469 0.0375 0.0546875
0 0.629687 0.546094 0.040625 0.0484375
0 0.771094 0.7375 0.0390625 0.053125
0 0.528125 0.507031 0.040625 0.0578125
0 0.691406 0.516406 0.0421875 0.0546875
0 0.619531 0.636719 0.0359375 0.0578125
0 0.663281 0.382812 0.0453125 0.05625
0 0.46875 0.610156 0.040625 0.0484375
0 0.614062 0.38125 0.04375 0.053125
0 0.657031 0.430469 0.0421875 0.0515625
0 0.43125 0.432813 0.04375 0.059375
0 0.653906 0.49375 0.0390625 0.053125
0 0.680469 0.458594 0.0390625 0.0578125
0 0.53125 0.43125 0.04375 0.05625
0 0.628906 0.321094 0.0453125 0.0609375
0 0.232031 0.382031 0.0453125 0.0609375
0 0.79375 0.517187 0.040625 0.053125
0 0.507031 0.616406 0.0421875 0.0484375
0 0.514063 0.13125 0.05 0.065625
0 0.483594 0.574219 0.0390625 0.0546875
0 0.294531 0.236719 0.0484375 0.0640625
0 0.617188 0.585938 0.04375 0.053125
0 0.595312 0.508594 0.040625 0.0578125
0 0.216406 0.322656 0.0453125 0.0640625
0 0.395312 0.3875 0.05 0.0625
