0 0.247656 0.541406 0.0515625 0.0640625
0 0.399219 0.849219 0.0359375 0.0421875
0 0.122656 0.611719 0.0421875 0.0484375
0 0.626562 0.722656 0.04375 0.0515625
0 0.25 0.251563 0.04375 0.0625
0 0.16875 0.667969 0.046875 0.0546875
0 0.240625 0.810938 0.0375 0.04375
0 0.728125 0.470313 0.04375 0.05
0 0.599219 0.146094 0.0453125 0.0671875
0 0.610937 0.600781 0.04375 0.0546875
0 0.498437 0.501562 0.046875 0.0625
0 0.351562 0.539062 0.05 0.065625
0 0.100781 0.346094 0.0453125 0.0671875
0 0.0992187 0.484375 0.0390625 0.059375
0 0.110156 0.429688 0.0546875 0.065625
0 0.322656 0.475 0.0484375 0.065625
0 0.622656 0.336719 0.0546875 0.0578125
0 0.685938 0.564844 0.040625 0.0484375
0 0.314844 0.875781 0.0359375 0.0515625
0 0.428906 0.576563 0.0515625 0.05625
0 0.929688 0.490625 0.04375 0.05625
0 0.423438 0.75625 0.0375 0.053125
0 0.499219 0.713281 0.0390625 0.0546875
0 0.1375 0.535937 0.053125 0.0625
0 0.275781 0.20625 0.0515625 0.06875
0 0.3875 0.739844 0.04375 0.0546875
0 0.548437 0.285156 0.04375 0.0703125
0 0.647656 0.164844 0.0515625 0.0703125
0 0.874219 0.376563 0.0484375 0.065625
0 0.121875 0.649219 0.0375 0.0484375
0 0.539062 0.475 0.046875 0.059375
0 0.675 0.671875 0.046875 0.05625
0 0.902344 0.539844 0.0515625 0.0609375
0 0.644531 0.445312 0.0453125 0.065625
0 0.822656 0.6125 0.0453125 0.053125
0 0.375 0.390625 0.05 0.0625
0 0.129688 0.250781 0.053125 0.0640625
0 0.646094 0.552344 0.0484375 0.0578125
0 0.222656 0.567969 0.0484375 0.0515625
0 0.321875 0.588281 0.05 0.0578125
0 0.336719 0.845312 0.0421875 0.05625
0 0.813281 0.474219 0.0515625 0.0609375
0 0.659375 0.378125 0.053125 0.059375
0 0.695312 0.424219 0.053125 0.0671875
0 0.433594 0.302344 0.0484375 0.0640625
0 0.453125 0.528906 0.046875 0.0578125
0 0.548437 0.13125 0.053125 0.071875
0 0.869531 0.439844 0.0453125 0.0609375
0 0.217187 0.697656 0.04375 0.0546875
0 0.274219 0.354688 0.0484375 0.06875
0 0.378906 0.464844 0.0484375 0.0578125
0 0.328125 0.328125 0.046875 0.071875
0 0.275781 0.428906 0.0578125 0.0609375
0 0.647656 0.251563 0.0484375 0.06875
0 0.453906 0.879687 0.0421875 0.05
0 0.185937 0.267188 0.046875 0.071875
0 0.225781 0.191406 0.0484375 0.0703125
0 0.510938 0.251563 0.053125 0.071875
0 0.746094 0.424219 0.0515625 0.0671875
0 0.385938 0.640625 0.04375 0.05625
0 0.253125 0.751562 0.04375 0.053125
0 0.521094 0.801562 0.0453125 0.053125
0 0.557031 0.209375 0.0515625 0.0625
0 0.283594 0.758594 0.0453125 0.0546875
0 0.575781 0.804688 0.0421875 0.05
0 0.532031 0.733594 0.0421875 0.0578125
0 0.603125 0.290625 0.05 0.071875
0 0.490625 0.8375 0.040625 0.05
0 0.209375 0.497656 0.05 0.0640625
0 0.690625 0.321875 0.05 0.059375
0 0.538281 0.680469 0.0390625 0.0484375
0 0.735156 0.538281 0.0421875 0.0578125
0 0.721875 0.672656 0.04375 0.0546875
0 0.499219 0.167969 0.0515625 0.0703125
0 0.414062 0.894531 0.04375 0.0515625
0 0.835156 0.398438 0.0484375 0.065625
0 0.373437 0.782812 0.046875 0.05625
0 0.305469 0.538281 0.0484375 0.0609375
0 0.0875 0.557813 0.05 0.0625
0 0.595312 0.400781 0.05 0.0671875
0 0.692969 0.709375 0.0421875 0.053125
0 0.485938 0.310156 0.053125 0.0671875
0 0.7375 0.214844 0.053125 0.0703125
0 0.446875 0.828906 0.04375 0.0578125
0 0.283594 0.569531 0.0453125 0.0515625
0 0.416406 0.4375 0.0546875 0.065625
0 0.842969 0.33125 0.0484375 0.0625
0 0.7875 0.432813 0.05 0.0625
0 0.380469 0.59375 0.0484375 0.059375
0 0.467969 0.667969 0.0421875 0.0515625
0 0.344531 0.175 0.0546875 0.06875
0 0.291406 0.65 0.0453125 0.05625
0 0.60625 0.764844 0.04375 0.0546875
0 0.228125 0.403125 0.053125 0.065625
0 0.220313 0.317187 0.059375 0.065625
0 0.369531 0.878906 0.0453125 0.0515625
0 0.680469 0.5 0.0546875 0.065625
0 0.288281 0.28125 0.0546875 0.065625
0 0.185156 0.198437 0.0515625 0.06875
0 0.15625 0.378125 0.05 0.0625
0 0.39375 0.147656 0.046875 0.0671875
0 0.454688 0.402344 0.046875 0.0578125
0 0.376563 0.28125 0.05 0.065625
0 0.497656 0.366406 0.0484375 0.0640625
0 0.335156 0.916406 0.0359375 0.0421875
0 0.304688 0.809375 0.040625 0.05625
0 0.605469 0.219531 0.0515625 0.0640625
0 0.407813 0.23125 0.05 0.065625
0 0.334375 0.8 0.040625 0.046875
0 0.700781 0.157813 0.0546875 0.065625
0 0.334375 0.642187 0.046875 0.053125
0 0.210938 0.75625 0.040625 0.059375
0 0.880469 0.490625 0.0546875 0.0625
0 0.457031 0.219531 0.0546875 0.0640625
0 0.396875 0.516406 0.04375 0.0609375
0 0.415625 0.369531 0.053125 0.0671875
0 0.740625 0.291406 0.053125 0.0703125
0 0.185156 0.529688 0.0421875 0.059375
0 0.451562 0.142969 0.05625 0.0734375
0 0.628125 0.504687 0.046875 0.059375
0 0.85625 0.567969 0.046875 0.0609375
0 0.699219 0.241406 0.0484375 0.0734375
0 0.535156 0.570312 0.0453125 0.0625
0 0.4125 0.805469 0.040625 0.0515625
0 0.295312 0.720312 0.0375 0.05
0 0.547656 0.415625 0.0484375 0.065625
0 0.775 0.505469 0.046875 0.0578125
0 0.171875 0.714063 0.04375 0.053125
0 0.53125 0.845312 0.04375 0.05625
0 0.832031 0.532031 0.0484375 0.0578125
0 0.378906 0.691406 0.0453125 0.0546875
0 0.582812 0.728906 0.046875 0.0546875
0 0.774219 0.365625 0.0546875 0.06875
0 0.469531 0.466406 0.0453125 0.0609375
0 0.540625 0.352344 0.053125 0.0703125
0 0.169531 0.59375 0.0421875 0.053125
0 0.632812 0.670313 0.046875 0.05625
0 0.705469 0.633594 0.0453125 0.0546875
0 0.65625 0.754687 0.04375 0.053125
0 0.342187 0.744531 0.046875 0.0546875
0 0.327344 0.239063 0.0546875 0.071875
0 0.430469 0.485938 0.0484375 0.0625
0 0.494531 0.886719 0.0421875 0.0546875
0 0.327344 0.703906 0.0421875 0.0546875
0 0.719531 0.354688 0.0453125 0.05625
0 0.469531 0.625 0.0453125 0.05625
0 0.457031 0.716406 0.0390625 0.0546875
0 0.582031 0.470313 0.0453125 0.059375
0 0.33125 0.414062 0.053125 0.06875
0 0.594531 0.550781 0.0453125 0.0609375
0 0.149219 0.317187 0.0515625 0.06875
0 0.55625 0.515625 0.05 0.059375
0 0.745313 0.597656 0.04375 0.0609375
0 0.515625 0.648438 0.05 0.059375
0 0.210938 0.61875 0.046875 0.053125
0 0.267969 0.671094 0.0421875 0.0546875
0 0.908594 0.422656 0.0484375 0.0640625
0 0.782812 0.561719 0.05 0.0578125
0 0.507031 0.43125 0.0515625 0.065625
0 0.422656 0.68125 0.0390625 0.053125
0 0.657812 0.602344 0.04375 0.0546875
0 0.580469 0.671875 0.0515625 0.0625
0 0.465625 0.771094 0.040625 0.0546875
0 0.429688 0.632031 0.04375 0.0515625
0 0.492969 0.567969 0.0453125 0.0546875
0 0.783594 0.275 0.0515625 0.06875
0 0.570312 0.609375 0.046875 0.0625
0 0.184375 0.435156 0.053125 0.0671875
0 0.146094 0.480469 0.0484375 0.0578125
0 0.494531 0.754687 0.0421875 0.05
0 0.25625 0.61875 0.04375 0.05625
0 0.78125 0.63125 0.05 0.0625
0 0.36875 0.83125 0.040625 0.05
