0 0.654688 0.5 0.04375 0.059375
0 0.698438 0.423438 0.040625 0.059375
0 0.4125 0.629687 0.046875 0.05625
0 0.635156 0.811719 0.0390625 0.0390625
0 0.520312 0.602344 0.034375 0.0421875
0 0.7875 0.5 0.0375 0.053125
0 0.575 0.350781 0.05 0.0640625
0 0.291406 0.807813 0.0328125 0.034375
0 0.759375 0.597656 0.046875 0.0546875
0 0.253906 0.728906 0.0484375 0.0609375
0 0.307813 0.507812 0.040625 0.059375
0 0.539062 0.711719 0.0375 0.0453125
0 0.735937 0.649219 0.04375 0.0515625
0 0.110937 0.428906 0.04375 0.0609375
0 0.625 0.609375 0.04375 0.05625
0 0.435937 0.339844 0.046875 0.0578125
0 0.3125 0.575 0.04375 0.05625
0 0.223438 0.313281 0.040625 0.0546875
0 0.642187 0.471875 0.053125 0.065625
0 0.472656 0.510938 0.0421875 0.053125
0 0.229687 0.3875 0.04375 0.059375
0 0.408594 0.436719 0.0390625 0.0484375
0 0.198437 0.421094 0.0375 0.0609375
0 0.753125 0.438281 0.05 0.0578125
0 0.349219 0.313281 0.0484375 0.0640625
0 0.557813 0.178906 0.05 0.0578125
0 0.273438 0.535937 0.034375 0.053125
0 0.685938 0.336719 0.040625 0.0515625
0 0.439844 0.400781 0.0515625 0.0671875
0 0.313281 0.196875 0.0484375 0.059375
0 0.570312 0.254687 0.05 0.05625
0 0.426562 0.866406 0.0375 0.0515625
0 0.514844 0.500781 0.0484375 0.0609375
0 0.310937 0.135156 0.05 0.0640625
0 0.515625 0.364844 0.046875 0.0609375
0 0.310937 0.635938 0.04375 0.053125
0 0.664844 0.679688 0.0453125 0.053125
0 0.525 0.242969 0.05 0.0640625
0 0.44375 0.839063 0.040625 0.053125
0 0.107813 0.294531 0.046875 0.0671875
0 0.685156 0.267188 0.0421875 0.05625
0 0.446094 0.275781 0.0484375 0.0609375
0 0.408594 0.150781 0.0484375 0.0640625
0 0.340625 0.465625 0.04375 0.05625
0 0.615625 0.776563 0.040625 0.05
0 0.485156 0.308594 0.0453125 0.0640625
0 0.363281 0.422656 0.0515625 0.0609375
0 0.482812 0.839063 0.0375 0.040625
0 0.400781 0.257031 0.0484375 0.0640625
0 0.291406 0.807031 0.0421875 0.0515625
0 0.319531 0.690625 0.0515625 0.0625
0 0.258594 0.361719 0.0453125 0.0578125
0 0.482812 0.578125 0.04375 0.059375
0 0.239063 0.572656 0.05 0.0609375
0 0.790625 0.642969 0.046875 0.0609375
0 0.158594 0.375 0.0453125 0.059375
0 0.641406 0.165625 0.0453125 0.0625
0 0.560156 0.40625 0.0453125 0.0625
0 0.596094 0.207813 0.0390625 0.059375
0 0.752344 0.332031 0.0484375 0.0640625
0 0.232812 0.233594 0.05 0.0640625
0 0.702344 0.7625 0.0484375 0.05625
0 0.8 0.446094 0.05 0.0609375
0 0.595312 0.552344 0.04375 0.0546875
0 0.198437 0.591406 0.04375 0.0640625
0 0.478125 0.20625 0.05 0.0625
0 0.314844 0.255469 0.0484375 0.0640625
0 0.388281 0.378906 0.0453125 0.0671875
0 0.45625 0.150781 0.053125 0.0703125
0 0.650781 0.305469 0.0453125 0.0609375
0 0.757031 0.489062 0.0484375 0.059375
0 0.778906 0.383594 0.0484375 0.0609375
0 0.609375 0.510938 0.046875 0.065625
0 0.511719 0.161719 0.0546875 0.0671875
0 0.182031 0.236719 0.0484375 0.0640625
0 0.348437 0.619531 0.04375 0.0640625
0 0.3625 0.905469 0.046875 0.0546875
0 0.620313 0.678906 0.04375 0.0578125
0 0.23125 0.496094 0.04375 0.0578125
0 0.380469 0.490625 0.0453125 0.0625
0 0.103906 0.50625 0.0453125 0.059375
0 0.360938 0.157813 0.05 0.065625
0 0.35625 0.247656 0.046875 0.0640625
0 0.496094 0.446094 0.0484375 0.0671875
0 0.407031 0.707031 0.0484375 0.0640625
0 0.7375 0.738281 0.053125 0.0640625
0 0.636719 0.24375 0.0484375 0.065625
0 0.303125 0.320312 0.053125 0.065625
0 0.671094 0.589844 0.0453125 0.0609375
0 0.496875 0.800781 0.040625 0.0546875
0 0.767187 0.692187 0.04375 0.053125
0 0.590625 0.632812 0.04375 0.05625
0 0.588281 0.466406 0.0421875 0.0578125
0 0.179688 0.319531 0.05 0.0671875
0 0.444531 0.617188 0.0453125 0.059375
0 0.563281 0.59375 0.0484375 0.0625
0 0.545313 0.661719 0.040625 0.0609375
0 0.794531 0.561719 0.0515625 0.0640625
0 0.232031 0.621875 0.0453125 0.05625
0 0.407813 0.521875 0.04375 0.065625
0 0.167187 0.544531 0.046875 0.0609375
0 0.357812 0.0898438 0.046875 0.0671875
0 0.130469 0.559375 0.0421875 0.059375
0 0.832812 0.539844 0.04375 0.0609375
0 0.224219 0.69375 0.0453125 0.05625
0 0.185937 0.495313 0.05 0.065625
0 0.402344 0.579687 0.0421875 0.05625
0 0.296094 0.741406 0.0421875 0.0609375
0 0.739062 0.542969 0.046875 0.0578125
0 0.242188 0.172656 0.053125 0.0640625
0 0.440625 0.566406 0.04375 0.0609375
0 0.321875 0.792969 0.04375 0.0546875
0 0.432813 0.214844 0.046875 0.0609375
0 0.542969 0.903906 0.0453125 0.0578125
0 0.545313 0.461719 0.04375 0.0640625
0 0.16875 0.605469 0.040625 0.0546875
0 0.194531 0.653906 0.0453125 0.0546875
0 0.230469 0.798437 0.0421875 0.059375
0 0.619531 0.361719 0.0453125 0.0640625
0 0.271094 0.46875 0.0484375 0.0625
0 0.653906 0.769531 0.0453125 0.0546875
0 0.280469 0.667188 0.0453125 0.053125
0 0.505469 0.870313 0.0453125 0.05625
0 0.332812 0.375 0.046875 0.059375
0 0.607031 0.298438 0.0484375 0.065625
0 0.728906 0.28125 0.0515625 0.0625
0 0.540625 0.809375 0.04375 0.053125
0 0.391406 0.751562 0.0421875 0.053125
0 0.503906 0.753125 0.0453125 0.05625
0 0.432031 0.667969 0.0421875 0.0546875
0 0.58125 0.691406 0.04375 0.0578125
0 0.638281 0.728906 0.0453125 0.0546875
0 0.457812 0.719531 0.05 0.0640625
0 0.682813 0.814844 0.05 0.0578125
0 0.483594 0.634375 0.0484375 0.05625
0 0.279687 0.59375 0.040625 0.05
0 0.69375 0.642969 0.046875 0.0578125
0 0.657812 0.401563 0.05 0.065625
0 0.11875 0.353906 0.04375 0.0609375
0 0.567187 0.516406 0.04375 0.0578125
0 0.450781 0.45625 0.0515625 0.0625
0 0.467187 0.894531 0.046875 0.0578125
0 0.390625 0.864062 0.05 0.059375
0 0.269531 0.778906 0.0421875 0.0578125
0 0.321094 0.855469 0.0453125 0.0609375
0 0.615625 0.857031 0.04375 0.0578125
0 0.267188 0.290625 0.05 0.065625
0 0.680469 0.722656 0.0484375 0.0609375
0 0.369531 0.659375 0.0484375 0.059375
0 0.694531 0.550781 0.0515625 0.0609375
0 0.417969 0.80625 0.0421875 0.05625
0 0.728125 0.383594 0.05 0.0609375
0 0.642187 0.557031 0.046875 0.0609375
0 0.705469 0.499219 0.0515625 0.0609375
0 0.613281 0.419531 0.0484375 0.0640625
0 0.592969 0.742188 0.0421875 0.053125
0 0.554688 0.844531 0.04375 0.0515625
0 0.707031 0.685938 0.0515625 0.059375
0 0.532031 0.557031 0.0484375 0.0609375
0 0.535156 0.305469 0.0515625 0.0671875
0 0.579687 0.800781 0.040625 0.0546875
0 0.355469 0.714844 0.0515625 0.0609375
0 0.58125 0.886719 0.046875 0.0546875
0 0.430469 0.758594 0.0453125 0.0578125
0 0.683594 0.173438 0.0484375 0.065625
0 0.507812 0.682031 0.046875 0.0609375
0 0.294531 0.414062 0.0515625 0.065625
0 0.370313 0.803906 0.04375 0.0546875
0 0.55625 0.757812 0.04375 0.05625
0 0.344531 0.757812 0.0484375 0.059375
