0 0.801562 0.498437 0.040625 0.065625
0 0.773438 0.55 0.05 0.071875
0 0.449219 0.625 0.0546875 0.06875
0 0.214844 0.853906 0.0484375 0.0546875
0 0.2 0.525 0.046875 0.059375
0 0.674219 0.560156 0.0453125 0.0734375
0 0.273438 0.538281 0.05 0.0671875
0 0.135156 0.855469 0.0484375 0.0671875
0 0.552344 0.385938 0.0515625 0.0625
0 0.709375 0.314063 0.053125 0.06875
0 0.614062 0.726562 0.05 0.05625
0 0.548437 0.324219 0.053125 0.0578125
0 0.3375 0.376563 0.046875 0.059375
0 0.603906 0.35 0.0515625 0.065625
0 0.3125 0.657812 0.053125 0.0625
0 0.323438 0.301562 0.059375 0.071875
0 0.495313 0.514844 0.053125 0.0734375
0 0.317187 0.789844 0.053125 0.0640625
0 0.496094 0.753125 0.0484375 0.06875
0 0.267188 0.297656 0.053125 0.0703125
0 0.707031 0.846094 0.0453125 0.0671875
0 0.589844 0.610937 0.0453125 0.065625
0 0.547656 0.676562 0.0515625 0.06875
0 0.347656 0.432031 0.0515625 0.0640625
0 0.623438 0.414844 0.053125 0.0765625
0 0.717969 0.645312 0.0515625 0.0625
0 0.4625 0.699219 0.05625 0.0609375
0 0.122656 0.707031 0.0421875 0.0640625
0 0.147656 0.546094 0.0484375 0.0609375
0 0.444531 0.303125 0.0453125 0.06875
0 0.315625 0.728125 0.04375 0.065625
0 0.4125 0.419531 0.053125 0.0671875
0 0.241406 0.827344 0.0484375 0.0671875
0 0.776563 0.689062 0.05625 0.0625
0 0.833594 0.451562 0.0546875 0.0625
0 0.153125 0.354688 0.05 0.065625
0 0.655469 0.321094 0.0578125 0.0609375
0 0.825781 0.671094 0.0515625 0.0671875
0 0.60625 0.803906 0.046875 0.0671875
0 0.207813 0.691406 0.046875 0.0671875
0 0.2875 0.596094 0.053125 0.0671875
0 0.692969 0.453125 0.0453125 0.06875
0 0.720312 0.525 0.053125 0.071875
0 0.220313 0.939844 0.040625 0.0609375
0 0.204688 0.45625 0.05 0.06875
0 0.825 0.36875 0.05625 0.065625
0 0.548437 0.826563 0.05 0.065625
0 0.389062 0.377344 0.053125 0.0703125
0 0.566406 0.545313 0.0515625 0.075
0 0.522656 0.202344 0.0578125 0.0765625
0 0.845312 0.515625 0.046875 0.065625
0 0.358594 0.625 0.0515625 0.059375
0 0.564844 0.744531 0.0515625 0.0671875
0 0.375 0.302344 0.053125 0.0734375
0 0.444531 0.36875 0.0515625 0.065625
0 0.141406 0.767969 0.0515625 0.0671875
0 0.241406 0.648438 0.0484375 0.065625
0 0.375781 0.552344 0.0546875 0.0765625
0 0.186719 0.803906 0.0484375 0.0671875
0 0.808594 0.735937 0.0515625 0.0625
0 0.782031 0.785937 0.0484375 0.065625
0 0.792188 0.634375 0.05 0.059375
0 0.577344 0.451562 0.0578125 0.065625
0 0.759375 0.300781 0.053125 0.0640625
0 0.460938 0.45 0.053125 0.06875
0 0.407031 0.682031 0.0453125 0.0671875
0 0.504687 0.275 0.05625 0.0625
0 0.223438 0.390625 0.046875 0.06875
0 0.324219 0.505469 0.0515625 0.0671875
0 0.254687 0.467969 0.05 0.0671875
0 0.646094 0.609375 0.0515625 0.065625
0 0.626562 0.242969 0.059375 0.0671875
0 0.828906 0.58125 0.0578125 0.06875
0 0.540625 0.60625 0.053125 0.06875
0 0.289062 0.43125 0.05625 0.065625
0 0.678125 0.377344 0.0625 0.0671875
0 0.710938 0.240625 0.05625 0.06875
0 0.653125 0.802344 0.05 0.0671875
0 0.500781 0.414062 0.0609375 0.071875
0 0.49375 0.346875 0.05 0.065625
0 0.328906 0.565625 0.0515625 0.06875
0 0.438281 0.5625 0.0546875 0.06875
0 0.392969 0.74375 0.0515625 0.065625
0 0.674219 0.676562 0.0515625 0.06875
0 0.229687 0.588281 0.05 0.0796875
0 0.355469 0.680469 0.0515625 0.0671875
0 0.570312 0.252344 0.059375 0.0703125
0 0.258594 0.363281 0.0546875 0.0703125
0 0.769531 0.230469 0.0515625 0.0703125
0 0.271094 0.772656 0.0484375 0.0671875
0 0.498437 0.653906 0.05625 0.0703125
0 0.617969 0.54375 0.0546875 0.0625
0 0.722656 0.591406 0.0546875 0.0703125
0 0.371875 0.789062 0.05 0.0625
0 0.273438 0.884375 0.05 0.0625
0 0.722656 0.703906 0.0453125 0.0640625
0 0.783594 0.41875 0.0484375 0.0625
0 0.161719 0.717969 0.0515625 0.0671875
0 0.497656 0.580469 0.0546875 0.0703125
0 0.667969 0.190625 0.0546875 0.06875
0 0.179688 0.407813 0.05 0.0625
0 0.167187 0.485156 0.04375 0.0671875
0 0.392188 0.492188 0.05 0.059375
0 0.751562 0.36875 0.05625 0.065625
0 0.496875 0.814062 0.05 0.06875
0 0.64375 0.485938 0.05625 0.0625
0 0.1375 0.607031 0.05 0.0578125
0 0.366406 0.853906 0.0515625 0.0671875
0 0.678125 0.755469 0.053125 0.0671875
0 0.439063 0.769531 0.053125 0.0671875
0 0.174219 0.640625 0.0484375 0.0625
0 0.424219 0.828125 0.0546875 0.065625
0 0.265625 0.700781 0.046875 0.0609375
0 0.608594 0.6625 0.0515625 0.065625
0 0.735937 0.791406 0.053125 0.0671875
0 0.742188 0.457812 0.053125 0.065625
0 0.292188 0.839844 0.053125 0.0640625
0 0.189063 0.590625 0.05 0.065625
0 0.219531 0.760938 0.0515625 0.0625
