0 0.992188 0.438281 0.015625 0.0734375
0 0.457031 0.333594 0.0796875 0.104687
0 0.827344 0.724219 0.0671875 0.0484375
0 0.703906 0.721875 0.0578125 0.075
0 0.142188 0.705469 0.0375 0.0546875
0 0.576563 0.80625 0.05 0.05
0 0.739844 0.521094 0.0734375 0.0828125
0 0.68125 0.588281 0.071875 0.0578125
0 0.690625 0.774219 0.059375 0.0546875
0 0.88125 0.544531 0.059375 0.0515625
0 0.517969 0.539844 0.0640625 0.0859375
0 0.758594 0.725 0.0546875 0.059375
0 0.728906 0.649219 0.0671875 0.0671875
0 0.275781 0.653906 0.0609375 0.0796875
0 0.244531 0.791406 0.0609375 0.0859375
0 0.202344 0.552344 0.0890625 0.0609375
0 0.315625 0.807813 0.065625 0.0625
0 0.576563 0.450781 0.071875 0.0921875
0 0.628906 0.733594 0.0578125 0.0609375
0 0.49375 0.673437 0.065625 0.0625
0 0.453906 0.796094 0.0671875 0.0546875
0 0.765625 0.775781 0.046875 0.0578125
0 0.511719 0.752344 0.0734375 0.0671875
0 0.785156 0.635156 0.0484375 0.0453125
0 0.383594 0.732813 0.0671875 0.090625
0 0.63125 0.782031 0.05625 0.0484375
0 0.422656 0.663281 0.0765625 0.0953125
0 0.839063 0.596094 0.078125 0.0796875
0 0.217187 0.722656 0.06875 0.0640625
0 0.473437 0.6125 0.06875 0.08125
0 0.764844 0.582812 0.0765625 0.065625
0 0.623438 0.371875 0.075 0.1125
0 0.444531 0.732813 0.0578125 0.0875
0 0.815625 0.683594 0.059375 0.0640625
0 0.439063 0.5625 0.075 0.078125
0 0.520312 0.80625 0.059375 0.065625
0 0.364844 0.505469 0.0640625 0.101562
0 0.669531 0.653125 0.0703125 0.0625
0 0.56875 0.710938 0.059375 0.084375
0 0.203906 0.622656 0.0703125 0.0859375
0 0.34375 0.664844 0.075 0.0671875
0 0.520312 0.385156 0.071875 0.120312
0 0.482031 0.44375 0.0671875 0.09375
0 0.792969 0.444531 0.0859375 0.0859375
0 0.871094 0.422656 0.0734375 0.0921875
0 0.616406 0.625781 0.0734375 0.0703125
0 0.829687 0.507812 0.065625 0.090625
0 0.413281 0.419531 0.0828125 0.0984375
0 0.389844 0.8 0.0671875 0.071875
0 0.582812 0.544531 0.075 0.0921875
0 0.292188 0.427344 0.078125 0.0859375
0 0.7125 0.423438 0.08125 0.090625
0 0.783594 0.3375 0.0828125 0.09375
0 0.510156 0.247656 0.0796875 0.107813
0 0.292969 0.5 0.0828125 0.075
0 0.661719 0.265625 0.0796875 0.1
0 0.296094 0.597656 0.0703125 0.0921875
0 0.383594 0.605469 0.0765625 0.104687
0 0.571875 0.292969 0.065625 0.104687
0 0.364062 0.364844 0.08125 0.0953125
0 0.672656 0.519531 0.0765625 0.101562
0 0.744531 0.285156 0.0953125 0.120312
0 0.307031 0.722656 0.0671875 0.0765625
0 0.546875 0.61875 0.075 0.0875
