0 0.671875 0.210156 0.0375 0.0546875
0 0.64375 0.208594 0.05625 0.0640625
0 0.489062 0.78125 0.04375 0.06875
0 0.009375 0.90625 0.01875 0.04375
0 0.828906 0.351562 0.0484375 0.059375
0 0.125781 0.360156 0.0453125 0.0640625
0 0.750781 0.323438 0.0515625 0.0625
0 0.240625 0.269531 0.059375 0.0921875
0 0.297656 0.711719 0.0421875 0.0671875
0 0.695312 0.850781 0.05 0.0609375
0 0.0757812 0.210156 0.0484375 0.0796875
0 0.492188 0.81875 0.04375 0.05
0 0.777344 0.264062 0.0515625 0.0625
0 0.40625 0.507031 0.046875 0.0703125
0 0.422656 0.398438 0.0546875 0.065625
0 0.476562 0.29375 0.053125 0.06875
0 0.735937 0.265625 0.046875 0.065625
0 0.628906 0.841406 0.0421875 0.0703125
0 0.375 0.725 0.05 0.075
0 0.139062 0.41875 0.046875 0.075
0 0.352344 0.646875 0.0515625 0.078125
0 0.574219 0.374219 0.0515625 0.0640625
0 0.210938 0.325 0.05 0.0625
0 0.295312 0.204688 0.040625 0.0625
0 0.425781 0.689062 0.0546875 0.059375
0 0.5875 0.291406 0.05 0.0671875
0 0.208594 0.210938 0.0484375 0.075
0 0.461719 0.459375 0.0421875 0.059375
0 0.239063 0.404687 0.040625 0.06875
0 0.573438 0.615625 0.05 0.075
0 0.363281 0.498437 0.0421875 0.059375
0 0.408594 0.261719 0.0515625 0.0640625
0 0.628906 0.719531 0.0484375 0.0671875
0 0.447656 0.814062 0.0484375 0.06875
0 0.750781 0.592188 0.0484375 0.059375
0 0.902344 0.771094 0.0453125 0.0578125
0 0.439063 0.571875 0.05 0.065625
0 0.825781 0.905469 0.0421875 0.0515625
0 0.628906 0.577344 0.0515625 0.0640625
0 0.428906 0.197656 0.0421875 0.0640625
0 0.2625 0.236719 0.05 0.0609375
0 0.427344 0.754687 0.0421875 0.06875
0 0.860156 0.607031 0.0453125 0.0640625
0 0.876562 0.371875 0.05 0.065625
0 0.333594 0.417969 0.0421875 0.0703125
0 0.685156 0.585156 0.0453125 0.0671875
0 0.478125 0.711719 0.05 0.0609375
0 0.523438 0.238281 0.05 0.0671875
0 0.823438 0.807031 0.05 0.0640625
0 0.596094 0.523438 0.0484375 0.0625
0 0.475 0.379687 0.05 0.071875
0 0.570312 0.817969 0.046875 0.0671875
0 0.385156 0.321875 0.0515625 0.059375
0 0.278125 0.3875 0.053125 0.065625
0 0.723437 0.189844 0.05 0.0671875
0 0.0796875 0.353906 0.046875 0.0734375
0 0.533594 0.652344 0.0484375 0.0671875
0 0.321094 0.638281 0.0484375 0.0703125
0 0.373437 0.561719 0.059375 0.0640625
0 0.567187 0.235938 0.046875 0.0625
0 0.744531 0.823438 0.0515625 0.071875
0 0.167187 0.4875 0.05 0.065625
0 0.930469 0.721875 0.0515625 0.065625
0 0.333594 0.275 0.0578125 0.06875
0 0.804688 0.492188 0.05 0.06875
0 0.376563 0.43125 0.053125 0.06875
0 0.891406 0.817969 0.0453125 0.0609375
0 0.775781 0.753906 0.0515625 0.0671875
0 0.548437 0.552344 0.05 0.0640625
0 0.11875 0.3 0.05625 0.05625
0 0.30625 0.494531 0.05625 0.0640625
0 0.749219 0.442187 0.0515625 0.065625
0 0.84375 0.508594 0.05 0.0671875
0 0.627344 0.410156 0.0515625 0.0640625
0 0.669531 0.639844 0.0453125 0.0578125
0 0.815625 0.863281 0.053125 0.0671875
0 0.538281 0.346875 0.0515625 0.065625
0 0.264844 0.504687 0.0484375 0.065625
0 0.357812 0.216406 0.04375 0.0640625
0 0.465625 0.245312 0.04375 0.05625
0 0.807813 0.430469 0.046875 0.0640625
0 0.370313 0.370313 0.046875 0.0625
0 0.6375 0.494531 0.05 0.0671875
0 0.707812 0.742188 0.05 0.0625
0 0.667969 0.707812 0.0484375 0.065625
0 0.479688 0.178125 0.05 0.0625
0 0.559375 0.440625 0.05 0.065625
0 0.317969 0.340625 0.0515625 0.071875
0 0.74375 0.692969 0.04375 0.0515625
0 0.928125 0.617969 0.053125 0.0671875
0 0.692187 0.289062 0.04375 0.065625
0 0.628125 0.292188 0.046875 0.05625
0 0.478906 0.527344 0.0484375 0.0671875
0 0.870313 0.689062 0.04375 0.065625
0 0.865625 0.442187 0.05 0.065625
0 0.596094 0.460938 0.0484375 0.059375
0 0.31875 0.567969 0.059375 0.0703125
0 0.509375 0.580469 0.046875 0.0578125
0 0.23125 0.478125 0.05 0.0625
0 0.439844 0.339844 0.0546875 0.0671875
0 0.860156 0.867188 0.0484375 0.065625
0 0.532812 0.771875 0.04375 0.065625
0 0.655469 0.777344 0.0484375 0.0640625
0 0.471875 0.614062 0.05 0.0625
0 0.53125 0.496875 0.05 0.06875
0 0.68125 0.797656 0.053125 0.0671875
0 0.621094 0.654688 0.0515625 0.06875
0 0.571094 0.705469 0.0515625 0.0671875
0 0.757031 0.647656 0.0484375 0.0671875
0 0.695312 0.370313 0.04375 0.059375
0 0.670313 0.411719 0.046875 0.0671875
0 0.584375 0.764063 0.05 0.065625
0 0.508594 0.436719 0.0515625 0.0640625
0 0.682813 0.485938 0.05 0.0625
0 0.834375 0.736719 0.046875 0.0640625
0 0.769531 0.386719 0.0484375 0.0640625
