0 0.750781 0.354688 0.0328125 0.059375
0 0.5375 0.248437 0.034375 0.040625
0 0.670313 0.451562 0.04375 0.05625
0 0.711719 0.660937 0.0390625 0.053125
0 0.526563 0.525781 0.04375 0.0609375
0 0.794531 0.476562 0.0515625 0.053125
0 0.750781 0.541406 0.0359375 0.0578125
0 0.910937 0.601562 0.040625 0.05625
0 0.425 0.35 0.05 0.0625
0 0.302344 0.373437 0.0453125 0.078125
0 0.598437 0.736719 0.04375 0.0546875
0 0.475 0.476562 0.053125 0.0625
0 0.102344 0.628906 0.0546875 0.0609375
0 0.61875 0.285156 0.04375 0.0578125
0 0.786719 0.624219 0.0390625 0.0484375
0 0.116406 0.675781 0.0578125 0.0546875
0 0.548437 0.738281 0.046875 0.0546875
0 0.226562 0.439063 0.053125 0.06875
0 0.595312 0.626562 0.05 0.0625
0 0.452344 0.774219 0.0515625 0.0640625
0 0.275 0.650781 0.053125 0.0640625
0 0.307031 0.578125 0.0515625 0.05625
0 0.603125 0.238281 0.046875 0.0546875
0 0.511719 0.297656 0.0421875 0.0578125
0 0.810156 0.505469 0.0296875 0.0421875
0 0.857813 0.375781 0.05 0.0703125
0 0.324219 0.432813 0.0515625 0.059375
0 0.134375 0.336719 0.053125 0.0703125
0 0.3625 0.589844 0.05 0.0609375
0 0.196875 0.546094 0.05 0.0640625
0 0.895312 0.504687 0.040625 0.0625
0 0.267969 0.546094 0.0453125 0.0671875
0 0.5125 0.677344 0.04375 0.0578125
0 0.721094 0.342187 0.0453125 0.065625
0 0.630469 0.502344 0.0453125 0.0546875
0 0.213281 0.751562 0.0546875 0.06875
0 0.346875 0.333594 0.053125 0.0671875
0 0.434375 0.65 0.05 0.065625
0 0.0601562 0.56875 0.0515625 0.075
0 0.634375 0.4125 0.046875 0.065625
0 0.771875 0.572656 0.0375 0.0578125
0 0.370313 0.475781 0.046875 0.0609375
0 0.264844 0.300781 0.0546875 0.0671875
0 0.564062 0.296875 0.05 0.065625
0 0.497656 0.4125 0.0484375 0.0625
0 0.577344 0.522656 0.0515625 0.0640625
0 0.347656 0.534375 0.0484375 0.065625
0 0.680469 0.505469 0.0453125 0.0640625
0 0.157031 0.428125 0.0546875 0.0625
0 0.451562 0.407813 0.046875 0.059375
0 0.390625 0.3 0.046875 0.078125
0 0.613281 0.548437 0.0484375 0.059375
0 0.346875 0.780469 0.046875 0.0578125
0 0.455469 0.2875 0.0421875 0.075
0 0.585938 0.342969 0.046875 0.0640625
0 0.180469 0.373437 0.0453125 0.078125
0 0.4 0.553906 0.05 0.0671875
0 0.367188 0.398438 0.05 0.059375
0 0.155469 0.575781 0.0515625 0.0609375
0 0.697656 0.545313 0.0421875 0.059375
0 0.490625 0.74375 0.046875 0.0625
0 0.764844 0.691406 0.0390625 0.0484375
0 0.103125 0.520312 0.053125 0.06875
0 0.167969 0.639844 0.0546875 0.0609375
0 0.592188 0.464063 0.040625 0.05625
0 0.175 0.692187 0.05 0.059375
0 0.0882813 0.392969 0.0578125 0.0734375
0 0.807813 0.555469 0.040625 0.0578125
0 0.219531 0.671875 0.0515625 0.065625
0 0.582812 0.4125 0.04375 0.065625
0 0.639063 0.730469 0.040625 0.0578125
0 0.646875 0.357812 0.046875 0.059375
0 0.882812 0.6625 0.040625 0.059375
0 0.859375 0.542188 0.04375 0.05625
0 0.780469 0.51875 0.0359375 0.053125
0 0.366406 0.745313 0.0546875 0.06875
0 0.685938 0.715625 0.04375 0.059375
0 0.752344 0.653906 0.0421875 0.0546875
0 0.325 0.639844 0.053125 0.0671875
0 0.832031 0.613281 0.0421875 0.0609375
0 0.536719 0.457812 0.0484375 0.05625
0 0.314063 0.726562 0.053125 0.06875
0 0.908594 0.448438 0.0390625 0.059375
0 0.471094 0.685156 0.0453125 0.0578125
0 0.682813 0.395312 0.046875 0.059375
0 0.459375 0.591406 0.046875 0.0609375
0 0.657031 0.299219 0.0484375 0.0609375
0 0.485938 0.35625 0.05625 0.05625
0 0.517187 0.577344 0.046875 0.0546875
0 0.421094 0.716406 0.0453125 0.0546875
0 0.226562 0.607031 0.053125 0.0671875
0 0.15625 0.489844 0.053125 0.0578125
0 0.436719 0.502344 0.0515625 0.0640625
0 0.279687 0.766406 0.04375 0.0578125
0 0.805469 0.66875 0.0390625 0.053125
0 0.730469 0.420312 0.0453125 0.05625
0 0.479688 0.541406 0.046875 0.0640625
0 0.304688 0.486719 0.053125 0.0640625
0 0.0570313 0.4625 0.0515625 0.071875
0 0.636719 0.617188 0.0453125 0.059375
0 0.389844 0.678906 0.0515625 0.0640625
0 0.732813 0.478906 0.04375 0.0578125
0 0.654688 0.557031 0.04375 0.0546875
0 0.654688 0.659375 0.0375 0.059375
0 0.405469 0.76875 0.0484375 0.059375
0 0.728906 0.699219 0.0421875 0.0484375
0 0.729688 0.592188 0.040625 0.053125
0 0.544531 0.35625 0.0484375 0.0625
0 0.270312 0.710156 0.046875 0.0640625
0 0.407813 0.446875 0.05 0.06875
0 0.619531 0.68125 0.0421875 0.05625
0 0.542969 0.634375 0.0453125 0.065625
0 0.679688 0.6125 0.04375 0.059375
0 0.56875 0.682031 0.046875 0.0578125
0 0.495313 0.634375 0.05 0.059375
0 0.567969 0.571094 0.0453125 0.0609375
