0 0.814844 0.4875 0.0484375 0.078125
0 0.434375 0.767187 0.065625 0.0625
0 0.746094 0.363281 0.0515625 0.0890625
0 0.377344 0.723437 0.0515625 0.078125
0 0.813281 0.557031 0.0609375 0.0671875
0 0.721094 0.55 0.0609375 0.06875
0 0.420312 0.707812 0.05625 0.0875
0 0.158594 0.608594 0.0765625 0.0890625
0 0.775 0.43125 0.046875 0.08125
0 0.249219 0.609375 0.0546875 0.090625
0 0.709375 0.641406 0.05625 0.0828125
0 0.738281 0.482031 0.0578125 0.0703125
0 0.480469 0.642969 0.0578125 0.0765625
0 0.810156 0.646875 0.0546875 0.08125
0 0.5875 0.407813 0.0625 0.0875
0 0.525781 0.525 0.0578125 0.0875
0 0.707812 0.710156 0.046875 0.0671875
0 0.4875 0.717188 0.059375 0.08125
0 0.307813 0.583594 0.065625 0.0890625
0 0.603125 0.79375 0.05625 0.08125
0 0.364844 0.639844 0.0640625 0.0734375
0 0.128906 0.521875 0.0703125 0.096875
0 0.4125 0.615625 0.0625 0.08125
0 0.653906 0.596875 0.0546875 0.071875
0 0.398438 0.472656 0.084375 0.101562
0 0.597656 0.653906 0.0578125 0.0796875
0 0.585156 0.482812 0.0640625 0.0875
0 0.536719 0.603125 0.0671875 0.065625
0 0.274219 0.727344 0.0609375 0.0890625
0 0.634375 0.452344 0.05625 0.101562
0 0.348437 0.411719 0.071875 0.0859375
0 0.538281 0.683594 0.0578125 0.0828125
0 0.289062 0.520312 0.071875 0.08125
0 0.648438 0.676562 0.05 0.075
0 0.598437 0.717188 0.059375 0.06875
0 0.377344 0.815625 0.0671875 0.065625
0 0.617188 0.330469 0.06875 0.104687
0 0.475781 0.570312 0.0671875 0.084375
0 0.207031 0.546094 0.0828125 0.101562
0 0.296875 0.657031 0.05625 0.0796875
0 0.216406 0.720312 0.0671875 0.084375
0 0.651563 0.746094 0.053125 0.0640625
0 0.286719 0.436719 0.0703125 0.0890625
0 0.328906 0.771875 0.0578125 0.071875
0 0.552344 0.803125 0.0578125 0.0625
0 0.710938 0.421875 0.065625 0.096875
0 0.440625 0.405469 0.071875 0.0796875
0 0.3125 0.332031 0.075 0.0859375
0 0.217969 0.400781 0.0765625 0.0734375
0 0.428906 0.839844 0.0546875 0.0765625
0 0.595312 0.56875 0.05625 0.084375
0 0.528906 0.332031 0.0765625 0.110937
0 0.577344 0.257812 0.0796875 0.103125
0 0.45625 0.3 0.06875 0.090625
0 0.51875 0.410937 0.078125 0.103125
0 0.178125 0.467969 0.078125 0.0921875
0 0.675 0.521875 0.059375 0.084375
0 0.492969 0.796094 0.0578125 0.0765625
0 0.367969 0.278906 0.0796875 0.104687
0 0.371875 0.547656 0.065625 0.0921875
0 0.748438 0.666406 0.053125 0.0765625
0 0.46875 0.48125 0.065625 0.096875
0 0.147656 0.685156 0.0765625 0.0828125
0 0.698438 0.332031 0.075 0.0890625
