0 0.648438 0.804688 0.0625 0.103125
0 0.823438 0.626562 0.0875 0.121875
0 0.624219 0.472656 0.0921875 0.139062
0 0.440625 0.526563 0.096875 0.125
0 0.177344 0.251563 0.0828125 0.134375
0 0.255469 0.355469 0.0890625 0.120312
0 0.725 0.636719 0.096875 0.104687
0 0.855469 0.417969 0.0921875 0.148438
0 0.860156 0.519531 0.0703125 0.117188
0 0.644531 0.172656 0.0953125 0.114063
0 0.494531 0.203125 0.110937 0.125
0 0.714063 0.427344 0.096875 0.135937
0 0.766406 0.733594 0.0953125 0.104687
0 0.364062 0.610156 0.09375 0.0984375
0 0.8125 0.816406 0.0875 0.0984375
0 0.732031 0.872656 0.0859375 0.0953125
0 0.873438 0.733594 0.103125 0.117188
0 0.589844 0.803906 0.0921875 0.120312
0 0.41875 0.146875 0.10625 0.125
0 0.571094 0.307813 0.114063 0.134375
0 0.201562 0.465625 0.090625 0.1
0 0.458594 0.627344 0.0921875 0.104687
0 0.5375 0.554688 0.09375 0.1125
0 0.30625 0.655469 0.090625 0.114063
0 0.685938 0.558594 0.103125 0.123438
0 0.396094 0.711719 0.101562 0.117188
0 0.0921875 0.491406 0.10625 0.126563
0 0.5875 0.650781 0.09375 0.110937
0 0.789062 0.535937 0.103125 0.125
0 0.370313 0.285156 0.1 0.126563
0 0.384375 0.410156 0.090625 0.110937
0 0.0734375 0.640625 0.1 0.125
0 0.258594 0.5625 0.0859375 0.109375
0 0.772656 0.284375 0.0984375 0.115625
0 0.164844 0.586719 0.0921875 0.114063
0 0.664844 0.71875 0.0921875 0.10625
0 0.460938 0.324219 0.10625 0.123438
0 0.496875 0.734375 0.1 0.125
0 0.141406 0.361719 0.101562 0.117188
0 0.667969 0.307031 0.104687 0.123438
0 0.290625 0.464063 0.096875 0.1125
0 0.264844 0.238281 0.120312 0.135937
0 0.914062 0.615625 0.090625 0.115625
0 0.521875 0.434375 0.1125 0.13125
0 0.213281 0.690625 0.0953125 0.11875
