0 0.722656 0.796875 0.0390625 0.04375
0 0.775781 0.55 0.0390625 0.04375
0 0.674219 0.449219 0.0328125 0.0546875
0 0.720312 0.797656 0.025 0.0328125
0 0.575781 0.328125 0.0390625 0.05625
0 0.639063 0.801562 0.034375 0.04375
0 0.722656 0.526563 0.0359375 0.046875
0 0.74375 0.45625 0.040625 0.053125
0 0.564062 0.726562 0.040625 0.05
0 0.473437 0.761719 0.04375 0.0578125
0 0.602344 0.440625 0.0421875 0.05625
0 0.848437 0.625 0.0375 0.04375
0 0.55 0.439844 0.040625 0.0515625
0 0.842188 0.678906 0.0375 0.0515625
0 0.3375 0.524219 0.0375 0.0484375
0 0.765625 0.784375 0.040625 0.046875
0 0.1375 0.460156 0.046875 0.0546875
0 0.200781 0.538281 0.0515625 0.0609375
0 0.414062 0.398438 0.046875 0.059375
0 0.696094 0.720312 0.0421875 0.05
0 0.341406 0.858594 0.0359375 0.0515625
0 0.323438 0.635938 0.0375 0.053125
0 0.717188 0.689844 0.040625 0.0515625
0 0.588281 0.577344 0.0421875 0.0546875
0 0.31875 0.820312 0.040625 0.046875
0 0.385156 0.148438 0.0453125 0.059375
0 0.272656 0.385938 0.0390625 0.05625
0 0.275 0.157031 0.053125 0.0703125
0 0.361719 0.726562 0.0421875 0.05
0 0.684375 0.777344 0.034375 0.0515625
0 0.438281 0.19375 0.0515625 0.0625
0 0.549219 0.585938 0.0421875 0.053125
0 0.509375 0.884375 0.0375 0.05625
0 0.632031 0.402344 0.0484375 0.0578125
0 0.230469 0.349219 0.0515625 0.0671875
0 0.572656 0.758594 0.0390625 0.0484375
0 0.378125 0.625781 0.04375 0.0546875
0 0.589063 0.869531 0.040625 0.0515625
0 0.403906 0.0820312 0.0515625 0.0671875
0 0.435937 0.134375 0.05 0.0625
0 0.139844 0.36875 0.0515625 0.0625
0 0.671094 0.609375 0.0421875 0.05625
0 0.792188 0.574219 0.034375 0.0515625
0 0.247656 0.207031 0.0515625 0.0640625
0 0.402344 0.752344 0.0421875 0.0484375
0 0.802344 0.775 0.0359375 0.05
0 0.653125 0.824219 0.0375 0.0484375
0 0.499219 0.422656 0.0421875 0.0546875
0 0.164062 0.509375 0.05 0.0625
0 0.535156 0.310156 0.0421875 0.0578125
0 0.434375 0.675 0.04375 0.053125
0 0.290625 0.500781 0.053125 0.0640625
0 0.561719 0.678906 0.0390625 0.0515625
0 0.507031 0.192969 0.0484375 0.0640625
0 0.184375 0.396875 0.05 0.065625
0 0.169531 0.322656 0.0484375 0.0640625
0 0.75625 0.492188 0.0375 0.053125
0 0.149219 0.664844 0.0515625 0.0640625
0 0.4625 0.565625 0.04375 0.053125
0 0.596875 0.719531 0.04375 0.0578125
0 0.327344 0.165625 0.0515625 0.065625
0 0.350781 0.103125 0.0453125 0.071875
0 0.564844 0.53125 0.0359375 0.046875
0 0.545313 0.232031 0.046875 0.0640625
0 0.789062 0.721875 0.0375 0.04375
0 0.208594 0.677344 0.0484375 0.0546875
0 0.309375 0.714844 0.04375 0.0609375
0 0.483594 0.683594 0.0390625 0.0515625
0 0.570312 0.389062 0.0375 0.059375
0 0.660937 0.703906 0.0375 0.0484375
0 0.34375 0.239844 0.05 0.0671875
0 0.627344 0.690625 0.0421875 0.05
0 0.375781 0.29375 0.0484375 0.0625
0 0.822656 0.728125 0.0359375 0.046875
0 0.310937 0.288281 0.05 0.0640625
0 0.649219 0.342187 0.0421875 0.0625
0 0.439063 0.842969 0.04375 0.0546875
0 0.599219 0.79375 0.0421875 0.05625
0 0.821875 0.601562 0.0375 0.05
0 0.745313 0.704687 0.040625 0.04375
0 0.305469 0.871094 0.0390625 0.0546875
0 0.21875 0.280469 0.053125 0.0671875
0 0.453906 0.409375 0.0453125 0.053125
0 0.614062 0.357812 0.046875 0.059375
0 0.509375 0.823438 0.0375 0.046875
0 0.619531 0.615625 0.0421875 0.053125
0 0.417188 0.339844 0.05 0.0640625
0 0.421875 0.465625 0.04375 0.059375
0 0.528906 0.622656 0.0359375 0.0515625
0 0.50625 0.35625 0.046875 0.05625
0 0.664062 0.755469 0.040625 0.0515625
0 0.717969 0.404687 0.0390625 0.053125
0 0.4 0.23125 0.05 0.065625
0 0.432031 0.778125 0.0390625 0.046875
0 0.236719 0.428125 0.0515625 0.065625
0 0.755469 0.740625 0.0390625 0.046875
0 0.707031 0.490625 0.0390625 0.053125
0 0.299219 0.229687 0.0484375 0.065625
0 0.78125 0.63125 0.0375 0.05
0 0.508594 0.266406 0.0484375 0.0671875
0 0.56875 0.491406 0.04375 0.0546875
0 0.615625 0.834375 0.0375 0.046875
0 0.402344 0.81875 0.0390625 0.05625
0 0.467969 0.235156 0.0484375 0.0640625
0 0.153906 0.569531 0.0515625 0.0609375
0 0.56875 0.621094 0.040625 0.0546875
0 0.739062 0.640625 0.0375 0.046875
0 0.295312 0.442969 0.05 0.0609375
0 0.56875 0.278906 0.04375 0.0609375
0 0.460156 0.617188 0.0421875 0.05
0 0.492969 0.125 0.0484375 0.06875
0 0.265625 0.272656 0.053125 0.0671875
0 0.45625 0.353906 0.040625 0.0578125
0 0.496094 0.517187 0.0453125 0.059375
0 0.605469 0.4875 0.0359375 0.053125
0 0.38125 0.36875 0.05 0.0625
0 0.770312 0.667188 0.0375 0.046875
0 0.441406 0.517187 0.0453125 0.05625
0 0.541406 0.38125 0.0421875 0.059375
0 0.694531 0.569531 0.0390625 0.0515625
0 0.721875 0.753906 0.0375 0.0546875
0 0.379687 0.782031 0.04375 0.0515625
0 0.379687 0.428906 0.046875 0.0578125
0 0.632812 0.453906 0.0375 0.0515625
0 0.275781 0.559375 0.0515625 0.059375
0 0.342187 0.76875 0.04375 0.053125
0 0.319531 0.567187 0.0421875 0.05
0 0.396094 0.530469 0.0453125 0.0578125
0 0.279687 0.758594 0.046875 0.0609375
0 0.627344 0.754687 0.0390625 0.053125
0 0.542188 0.776563 0.040625 0.053125
0 0.203906 0.485156 0.0515625 0.0578125
0 0.519531 0.470313 0.0453125 0.05625
0 0.234375 0.817969 0.04375 0.0609375
0 0.498437 0.58125 0.040625 0.053125
0 0.255469 0.717969 0.0515625 0.0609375
0 0.53125 0.540625 0.040625 0.053125
0 0.61875 0.542969 0.04375 0.0546875
0 0.202344 0.617188 0.0484375 0.0625
0 0.476562 0.30625 0.046875 0.059375
0 0.220313 0.769531 0.05 0.0578125
0 0.267969 0.66875 0.0453125 0.05625
0 0.765625 0.596094 0.040625 0.0515625
0 0.380469 0.478125 0.0390625 0.053125
0 0.46875 0.467969 0.04375 0.0578125
0 0.528125 0.692969 0.040625 0.0515625
0 0.367188 0.572656 0.046875 0.0546875
0 0.444531 0.728906 0.0421875 0.0578125
0 0.709375 0.620313 0.0375 0.05
0 0.34375 0.332031 0.05 0.0640625
0 0.560156 0.803906 0.0390625 0.0515625
0 0.480469 0.859375 0.0390625 0.05
0 0.597656 0.65625 0.0390625 0.046875
0 0.682031 0.653906 0.0390625 0.0515625
0 0.419531 0.629687 0.0421875 0.053125
0 0.542188 0.853125 0.0375 0.05
0 0.726562 0.580469 0.0375 0.0484375
0 0.469531 0.805469 0.0390625 0.0515625
0 0.326562 0.403906 0.05 0.0640625
0 0.50625 0.732031 0.04375 0.0515625
0 0.333594 0.471094 0.0484375 0.0640625
0 0.432031 0.278125 0.0484375 0.0625
0 0.653906 0.572656 0.0421875 0.0546875
0 0.242969 0.517187 0.0453125 0.059375
0 0.394531 0.692187 0.0421875 0.053125
0 0.640625 0.500781 0.0375 0.0484375
0 0.271875 0.33125 0.05 0.059375
0 0.669531 0.525 0.0390625 0.053125
0 0.414062 0.58125 0.04375 0.053125
0 0.357031 0.673437 0.0421875 0.05
0 0.642187 0.644531 0.040625 0.0515625
0 0.280469 0.617188 0.0484375 0.059375
0 0.24375 0.585156 0.046875 0.0609375
0 0.804688 0.646875 0.034375 0.046875
0 0.617969 0.297656 0.0421875 0.0609375
0 0.492188 0.633594 0.040625 0.0546875
