0 0.475781 0.585156 0.0296875 0.0453125
0 0.338281 0.351562 0.0359375 0.04375
0 0.5 0.150781 0.046875 0.0640625
0 0.295312 0.75 0.034375 0.053125
0 0.239844 0.778906 0.0328125 0.0546875
0 0.435937 0.174219 0.040625 0.0515625
0 0.510938 0.263281 0.040625 0.0578125
0 0.316406 0.304688 0.0328125 0.059375
0 0.58125 0.192188 0.046875 0.059375
0 0.550781 0.549219 0.0421875 0.0546875
0 0.210156 0.496875 0.0359375 0.059375
0 0.435937 0.686719 0.034375 0.0515625
0 0.610937 0.527344 0.04375 0.0640625
0 0.448438 0.339063 0.040625 0.05625
0 0.485938 0.207031 0.04375 0.0640625
0 0.623438 0.400781 0.040625 0.0609375
0 0.764063 0.354688 0.046875 0.0625
0 0.464844 0.426562 0.0390625 0.05625
0 0.740625 0.310156 0.05 0.0640625
0 0.488281 0.314844 0.0421875 0.0609375
0 0.294531 0.646094 0.0359375 0.0421875
0 0.436719 0.815625 0.0359375 0.053125
0 0.282813 0.833594 0.034375 0.0453125
0 0.546094 0.596875 0.0359375 0.053125
0 0.363281 0.703125 0.0359375 0.053125
0 0.376563 0.611719 0.040625 0.0484375
0 0.601562 0.351562 0.046875 0.0625
0 0.31875 0.857813 0.034375 0.053125
0 0.275 0.522656 0.0375 0.0546875
0 0.369531 0.85625 0.0359375 0.05
0 0.346875 0.407031 0.0375 0.0546875
0 0.722656 0.224219 0.0484375 0.0609375
0 0.395312 0.85 0.034375 0.046875
0 0.410937 0.642969 0.040625 0.0546875
0 0.400781 0.559375 0.0359375 0.053125
0 0.671875 0.221094 0.05 0.0671875
0 0.307031 0.620313 0.0328125 0.046875
0 0.545313 0.466406 0.0375 0.0546875
0 0.310156 0.430469 0.0390625 0.0546875
0 0.4875 0.632812 0.0375 0.05625
0 0.250781 0.558594 0.0328125 0.0546875
0 0.292969 0.79375 0.0296875 0.046875
0 0.553906 0.25 0.0453125 0.0625
0 0.396875 0.804688 0.040625 0.05
0 0.211719 0.682813 0.0359375 0.053125
0 0.453906 0.784375 0.0390625 0.053125
0 0.342187 0.305469 0.040625 0.0578125
0 0.414062 0.305469 0.040625 0.0609375
0 0.658594 0.520312 0.0421875 0.059375
0 0.61875 0.225781 0.046875 0.0640625
0 0.451562 0.23125 0.04375 0.05625
0 0.451562 0.283594 0.046875 0.0578125
0 0.328125 0.814844 0.0375 0.0453125
0 0.724219 0.407813 0.0484375 0.065625
0 0.371875 0.278125 0.040625 0.059375
0 0.585156 0.290625 0.0421875 0.0625
0 0.360156 0.805469 0.0328125 0.0484375
0 0.307031 0.49375 0.0359375 0.05625
0 0.513281 0.682031 0.0390625 0.0515625
0 0.654688 0.340625 0.053125 0.0625
0 0.463281 0.533594 0.0390625 0.0546875
0 0.35625 0.565625 0.034375 0.053125
0 0.294531 0.696094 0.0328125 0.0515625
0 0.685938 0.454688 0.04375 0.059375
0 0.445312 0.629687 0.0375 0.05625
0 0.519531 0.64375 0.0390625 0.053125
0 0.252344 0.705469 0.0359375 0.0546875
0 0.407031 0.365625 0.0421875 0.05625
0 0.321094 0.667969 0.0359375 0.0515625
0 0.420312 0.528125 0.0375 0.046875
0 0.21875 0.735156 0.034375 0.0578125
0 0.26875 0.755469 0.034375 0.0515625
0 0.428906 0.430469 0.0390625 0.0546875
0 0.546094 0.41875 0.0421875 0.05625
0 0.279687 0.39375 0.040625 0.05625
0 0.377344 0.516406 0.0390625 0.0515625
0 0.50625 0.589063 0.040625 0.059375
0 0.253125 0.655469 0.034375 0.0515625
0 0.673437 0.40625 0.046875 0.05625
0 0.289844 0.571094 0.0359375 0.0515625
0 0.428906 0.595312 0.0390625 0.05625
0 0.349219 0.457031 0.0390625 0.0515625
0 0.579687 0.458594 0.04375 0.0578125
0 0.567187 0.515625 0.04375 0.05625
0 0.41875 0.753906 0.034375 0.0484375
0 0.396094 0.707031 0.0390625 0.0515625
0 0.401563 0.21875 0.046875 0.059375
0 0.447656 0.482031 0.0390625 0.0546875
0 0.477344 0.382031 0.0421875 0.0546875
0 0.630469 0.29375 0.0421875 0.05625
0 0.36875 0.651563 0.034375 0.05
0 0.327344 0.719531 0.0359375 0.0515625
0 0.541406 0.307031 0.0421875 0.0578125
0 0.330469 0.770312 0.0359375 0.046875
0 0.564844 0.367969 0.0453125 0.0578125
0 0.26875 0.616406 0.0375 0.0515625
0 0.505469 0.428125 0.0390625 0.05
0 0.505469 0.528125 0.0390625 0.05625
0 0.217187 0.630469 0.034375 0.0515625
0 0.410156 0.48125 0.0390625 0.053125
0 0.46875 0.679688 0.040625 0.053125
0 0.682813 0.278906 0.046875 0.0640625
0 0.530469 0.189844 0.0484375 0.0640625
0 0.491406 0.728906 0.0390625 0.0515625
0 0.517969 0.358594 0.0421875 0.0578125
0 0.454688 0.727344 0.0375 0.0515625
0 0.378906 0.755469 0.0390625 0.0546875
0 0.59375 0.572656 0.04375 0.0578125
0 0.367969 0.371875 0.0359375 0.05625
0 0.339063 0.505469 0.0375 0.0515625
0 0.230469 0.585156 0.0296875 0.0515625
0 0.391406 0.428906 0.0390625 0.0546875
0 0.632031 0.457031 0.0453125 0.0578125
0 0.342187 0.61875 0.0375 0.05
0 0.317969 0.573438 0.0328125 0.053125
0 0.503906 0.471875 0.0390625 0.053125
