0 0.248437 0.474219 0.053125 0.0640625
0 0.15 0.549219 0.046875 0.0609375
0 0.451562 0.610937 0.046875 0.053125
0 0.434375 0.310937 0.04375 0.059375
0 0.3 0.577344 0.05 0.0609375
0 0.586719 0.325781 0.0453125 0.0609375
0 0.389062 0.425 0.053125 0.065625
0 0.672656 0.4625 0.0484375 0.05625
0 0.152344 0.616406 0.0453125 0.0640625
0 0.271875 0.292188 0.046875 0.065625
0 0.696094 0.647656 0.0515625 0.0671875
0 0.358594 0.246875 0.0484375 0.06875
0 0.189063 0.385938 0.046875 0.059375
0 0.751562 0.4125 0.05 0.0625
0 0.585938 0.675 0.05 0.065625
0 0.620313 0.269531 0.05 0.0546875
0 0.423438 0.659375 0.046875 0.065625
0 0.296875 0.353906 0.04375 0.0734375
0 0.105469 0.474219 0.0515625 0.0671875
0 0.386719 0.734375 0.0515625 0.06875
0 0.4875 0.685156 0.053125 0.0609375
0 0.196094 0.746094 0.0453125 0.0640625
0 0.369531 0.546875 0.0515625 0.0625
0 0.635156 0.339063 0.0484375 0.0625
0 0.285937 0.425781 0.05 0.0703125
0 0.197656 0.8 0.0359375 0.059375
0 0.500781 0.367188 0.0453125 0.071875
0 0.283594 0.625781 0.0453125 0.0640625
0 0.657031 0.629687 0.0453125 0.065625
0 0.854688 0.570312 0.05 0.065625
0 0.0867188 0.669531 0.0546875 0.0703125
0 0.195312 0.678906 0.04375 0.0640625
0 0.598437 0.397656 0.053125 0.0640625
0 0.25625 0.664062 0.05 0.0625
0 0.885156 0.446875 0.0421875 0.0625
0 0.333594 0.457031 0.0484375 0.0640625
0 0.6625 0.690625 0.05 0.0625
0 0.873438 0.514844 0.04375 0.0640625
0 0.566406 0.520312 0.0515625 0.06875
0 0.450781 0.375781 0.0515625 0.0703125
0 0.603125 0.545313 0.046875 0.059375
0 0.234375 0.614844 0.046875 0.0640625
0 0.698438 0.4 0.053125 0.06875
0 0.814062 0.319531 0.05 0.0671875
0 0.403906 0.592188 0.0515625 0.0625
0 0.464063 0.246094 0.053125 0.0640625
0 0.533594 0.320312 0.0515625 0.06875
0 0.816406 0.523438 0.0515625 0.065625
0 0.747656 0.546094 0.0421875 0.0640625
0 0.792188 0.588281 0.053125 0.0671875
0 0.345313 0.598437 0.053125 0.06875
0 0.817969 0.746875 0.0484375 0.0625
0 0.546875 0.398438 0.05 0.06875
0 0.769531 0.277344 0.0484375 0.0703125
0 0.203906 0.564062 0.0546875 0.0625
0 0.432031 0.546094 0.0515625 0.0640625
0 0.321094 0.516406 0.0515625 0.0640625
0 0.84375 0.416406 0.046875 0.0640625
0 0.621875 0.471875 0.04375 0.059375
0 0.240625 0.340625 0.053125 0.06875
0 0.649219 0.558594 0.0546875 0.0671875
0 0.522656 0.628125 0.0515625 0.059375
0 0.236719 0.410156 0.0515625 0.0640625
0 0.078125 0.535937 0.053125 0.065625
0 0.354688 0.317187 0.05 0.06875
0 0.644531 0.404687 0.0484375 0.065625
0 0.867188 0.728906 0.046875 0.0609375
0 0.883594 0.667969 0.0484375 0.0640625
0 0.194531 0.617969 0.0421875 0.0609375
0 0.15 0.742188 0.05 0.0625
0 0.3625 0.392969 0.053125 0.0703125
0 0.155469 0.489844 0.0515625 0.0640625
0 0.483594 0.435937 0.0484375 0.065625
0 0.250781 0.741406 0.0515625 0.0640625
0 0.315625 0.275 0.05 0.06875
0 0.616406 0.70625 0.0484375 0.059375
0 0.560938 0.271875 0.053125 0.06875
0 0.533594 0.691406 0.0453125 0.0578125
0 0.404687 0.500781 0.053125 0.0640625
0 0.207813 0.464063 0.046875 0.059375
0 0.408594 0.246094 0.0515625 0.0671875
0 0.292969 0.764844 0.0453125 0.0609375
0 0.764844 0.703906 0.0484375 0.0609375
0 0.654688 0.21875 0.046875 0.0625
0 0.705469 0.703125 0.0453125 0.059375
0 0.827344 0.682813 0.0421875 0.053125
0 0.490625 0.310937 0.053125 0.05625
0 0.433594 0.453906 0.0515625 0.0671875
0 0.570312 0.578125 0.046875 0.0625
0 0.103125 0.592188 0.05 0.065625
0 0.444531 0.716406 0.0515625 0.0640625
0 0.532031 0.470313 0.0484375 0.0625
0 0.89375 0.596094 0.046875 0.0640625
0 0.155469 0.425781 0.0515625 0.0609375
0 0.608594 0.61875 0.0453125 0.05625
0 0.571875 0.457812 0.046875 0.059375
0 0.242188 0.799219 0.046875 0.0640625
0 0.379687 0.665625 0.053125 0.0625
0 0.407813 0.364844 0.046875 0.0640625
0 0.705469 0.542188 0.0484375 0.059375
0 0.464844 0.501562 0.0515625 0.06875
0 0.4875 0.582031 0.053125 0.0671875
0 0.835938 0.633594 0.053125 0.0609375
0 0.25 0.555469 0.053125 0.0703125
0 0.514844 0.528906 0.0515625 0.0671875
0 0.782812 0.645312 0.046875 0.059375
0 0.29375 0.695312 0.046875 0.059375
0 0.332031 0.66875 0.0484375 0.059375
0 0.701563 0.336719 0.053125 0.0640625
0 0.895312 0.385156 0.046875 0.0640625
0 0.720312 0.489844 0.05 0.0640625
0 0.746094 0.607031 0.0484375 0.0609375
0 0.333594 0.73125 0.0484375 0.0625
0 0.516406 0.239063 0.0484375 0.065625
0 0.14375 0.6875 0.053125 0.065625
0 0.772656 0.490625 0.0515625 0.06875
