0 0.265625 0.79375 0.05 0.071875
0 0.667969 0.741406 0.0734375 0.0609375
0 0.725781 0.8625 0.0546875 0.05
0 0.722656 0.425 0.0734375 0.096875
0 0.791406 0.616406 0.0609375 0.0765625
0 0.407813 0.819531 0.059375 0.0734375
0 0.175781 0.735156 0.0546875 0.0765625
0 0.770312 0.824219 0.0625 0.0578125
0 0.628906 0.828906 0.0578125 0.0578125
0 0.628906 0.651563 0.0703125 0.0625
0 0.783594 0.678906 0.0734375 0.0578125
0 0.664062 0.876562 0.065625 0.05625
0 0.307031 0.863281 0.0515625 0.0734375
0 0.241406 0.728906 0.0671875 0.0578125
0 0.152344 0.640625 0.0671875 0.0875
0 0.6 0.879687 0.053125 0.0625
0 0.564844 0.684375 0.0640625 0.075
0 0.488281 0.804688 0.0640625 0.071875
0 0.702344 0.603906 0.0609375 0.0984375
0 0.696094 0.817969 0.0578125 0.0671875
0 0.798437 0.757812 0.05625 0.06875
0 0.457812 0.617969 0.059375 0.0859375
0 0.213281 0.596875 0.0578125 0.071875
0 0.5625 0.807813 0.059375 0.071875
0 0.528125 0.869531 0.059375 0.0671875
0 0.397656 0.63125 0.0671875 0.0875
0 0.790625 0.532031 0.078125 0.0796875
0 0.528906 0.740625 0.0609375 0.071875
0 0.4625 0.719531 0.0625 0.0609375
0 0.498437 0.683594 0.06875 0.0609375
0 0.638281 0.590625 0.0734375 0.0875
0 0.414062 0.698438 0.06875 0.075
0 0.847656 0.629687 0.0703125 0.0875
0 0.526563 0.457031 0.065625 0.101562
0 0.467187 0.86875 0.0625 0.0625
0 0.692187 0.685938 0.065625 0.09375
0 0.267969 0.574219 0.0703125 0.0953125
0 0.505469 0.535156 0.0765625 0.0953125
0 0.372656 0.371875 0.0921875 0.109375
0 0.307813 0.792188 0.0625 0.078125
0 0.329688 0.70625 0.075 0.084375
0 0.214844 0.402344 0.0703125 0.0953125
0 0.591406 0.508594 0.0734375 0.0734375
0 0.192969 0.514844 0.0734375 0.0859375
0 0.395312 0.861719 0.065625 0.0734375
0 0.410937 0.551562 0.075 0.084375
0 0.158594 0.567187 0.0671875 0.090625
0 0.65625 0.492188 0.075 0.10625
0 0.3125 0.275781 0.071875 0.104687
0 0.121875 0.764063 0.059375 0.071875
0 0.455469 0.4 0.0796875 0.10625
0 0.327344 0.607813 0.0703125 0.08125
0 0.194531 0.810156 0.0640625 0.0703125
0 0.273438 0.657812 0.06875 0.08125
0 0.274219 0.471094 0.0765625 0.0890625
0 0.61875 0.421094 0.075 0.114063
0 0.327344 0.53125 0.0734375 0.084375
0 0.432813 0.472656 0.071875 0.0984375
0 0.521094 0.357031 0.0859375 0.114063
0 0.567969 0.605469 0.0671875 0.0984375
0 0.291406 0.371875 0.0828125 0.09375
0 0.460938 0.271875 0.0875 0.10625
0 0.342969 0.457812 0.0828125 0.103125
0 0.597656 0.757812 0.0671875 0.078125
0 0.372656 0.771094 0.0671875 0.0703125
