0 0.576563 0.096875 0.05 0.071875
0 0.222656 0.85 0.0546875 0.065625
0 0.673437 0.551562 0.04375 0.06875
0 0.198437 0.786719 0.040625 0.0640625
0 0.197656 0.522656 0.0578125 0.0984375
0 0.175 0.883594 0.046875 0.0609375
0 0.635156 0.361719 0.0484375 0.0640625
0 0.3375 0.525 0.05 0.059375
0 0.210156 0.596094 0.0453125 0.0578125
0 0.239063 0.950781 0.05 0.0546875
0 0.397656 0.892187 0.0515625 0.059375
0 0.6125 0.421875 0.05 0.05625
0 0.494531 0.319531 0.0515625 0.0640625
0 0.472656 0.860156 0.0515625 0.0609375
0 0.614844 0.148438 0.0515625 0.071875
0 0.302344 0.425781 0.0546875 0.0640625
0 0.461719 0.432031 0.0421875 0.0703125
0 0.425781 0.821094 0.0515625 0.0640625
0 0.750781 0.414844 0.0515625 0.0640625
0 0.773438 0.272656 0.053125 0.0609375
0 0.522656 0.675781 0.0484375 0.0640625
0 0.527344 0.374219 0.0515625 0.0609375
0 0.263281 0.379687 0.0546875 0.06875
0 0.628906 0.224219 0.0484375 0.0640625
0 0.489062 0.117188 0.046875 0.071875
0 0.253125 0.546094 0.053125 0.0640625
0 0.257031 0.895312 0.0453125 0.059375
0 0.683594 0.346094 0.0484375 0.0703125
0 0.475 0.790625 0.046875 0.0625
0 0.15 0.832812 0.053125 0.065625
0 0.644531 0.471875 0.0484375 0.065625
0 0.615625 0.290625 0.053125 0.071875
0 0.173438 0.628906 0.046875 0.0671875
0 0.767969 0.20625 0.0484375 0.065625
0 0.446875 0.896094 0.046875 0.0609375
0 0.557813 0.167969 0.05 0.0796875
0 0.548437 0.292969 0.053125 0.0703125
0 0.447656 0.632031 0.0515625 0.0671875
0 0.2 0.720312 0.053125 0.065625
0 0.341406 0.321094 0.0546875 0.0609375
0 0.391406 0.539844 0.0515625 0.0609375
0 0.458594 0.277344 0.0515625 0.0796875
0 0.304688 0.6125 0.046875 0.065625
0 0.552344 0.625781 0.0546875 0.0703125
0 0.808594 0.217969 0.0453125 0.0609375
0 0.442969 0.166406 0.0546875 0.0765625
0 0.305469 0.914062 0.0484375 0.053125
0 0.359375 0.955469 0.04375 0.0609375
0 0.359375 0.599219 0.05 0.0671875
0 0.804688 0.417188 0.05625 0.06875
0 0.575 0.353125 0.053125 0.06875
0 0.660937 0.276563 0.05 0.06875
0 0.344531 0.400781 0.0484375 0.0671875
0 0.830469 0.310937 0.0484375 0.065625
0 0.65625 0.1625 0.04375 0.059375
0 0.655469 0.600781 0.0515625 0.0640625
0 0.403906 0.773438 0.0546875 0.065625
0 0.5 0.189063 0.059375 0.06875
0 0.258594 0.770312 0.0484375 0.0625
0 0.423438 0.691406 0.053125 0.0671875
0 0.547656 0.485156 0.0515625 0.0671875
0 0.521875 0.7875 0.046875 0.059375
0 0.485938 0.496875 0.053125 0.065625
0 0.292969 0.971875 0.0515625 0.05625
0 0.316406 0.266406 0.0546875 0.0703125
0 0.767187 0.467969 0.053125 0.0640625
0 0.469531 0.677344 0.0546875 0.0671875
0 0.308594 0.792969 0.0484375 0.0640625
0 0.596875 0.63125 0.05 0.0625
0 0.259375 0.609375 0.05 0.065625
0 0.367188 0.267969 0.05625 0.0765625
0 0.294531 0.509375 0.0515625 0.065625
0 0.742188 0.334375 0.05625 0.059375
0 0.441406 0.553906 0.0515625 0.0578125
0 0.578125 0.234375 0.05625 0.05625
0 0.317187 0.859375 0.05 0.05625
0 0.601562 0.478906 0.05 0.0609375
0 0.26875 0.839844 0.05 0.0640625
0 0.283594 0.671094 0.0484375 0.0609375
0 0.844531 0.360938 0.0484375 0.065625
0 0.410937 0.590625 0.046875 0.065625
0 0.710938 0.284375 0.053125 0.065625
0 0.305469 0.730469 0.0484375 0.0640625
0 0.508594 0.252344 0.0546875 0.0734375
0 0.396094 0.944531 0.0484375 0.0609375
0 0.510938 0.428125 0.05 0.06875
0 0.383594 0.654688 0.0484375 0.059375
0 0.503906 0.61875 0.0484375 0.059375
0 0.727344 0.541406 0.0484375 0.0640625
0 0.554688 0.549219 0.053125 0.0671875
0 0.36875 0.705469 0.046875 0.0578125
0 0.695312 0.405469 0.05 0.0640625
0 0.403906 0.239063 0.0515625 0.071875
0 0.704687 0.471094 0.053125 0.0640625
0 0.348437 0.894531 0.046875 0.0546875
0 0.153906 0.692187 0.0546875 0.06875
0 0.607031 0.573438 0.0484375 0.065625
0 0.413281 0.428906 0.0546875 0.0703125
0 0.569531 0.685938 0.0515625 0.065625
0 0.145313 0.760938 0.05 0.065625
0 0.451562 0.742188 0.05 0.059375
0 0.35625 0.461719 0.053125 0.0640625
0 0.257812 0.703906 0.04375 0.0546875
0 0.707812 0.203125 0.05625 0.071875
0 0.357812 0.76875 0.046875 0.0625
0 0.335156 0.667188 0.0484375 0.0625
0 0.548437 0.732031 0.05 0.0578125
0 0.229687 0.667188 0.053125 0.06875
0 0.560156 0.429688 0.0515625 0.0625
0 0.44375 0.350781 0.059375 0.0734375
0 0.434375 0.491406 0.05 0.0671875
0 0.497656 0.732813 0.0546875 0.0625
0 0.389844 0.355469 0.0546875 0.0703125
0 0.38125 0.835156 0.053125 0.0640625
0 0.496875 0.557031 0.05 0.0640625
0 0.632031 0.532031 0.0515625 0.0671875
