0 0.366406 0.764063 0.0265625 0.03125
0 0.424219 0.775 0.0328125 0.034375
0 0.660156 0.636719 0.0296875 0.0359375
0 0.748438 0.534375 0.028125 0.0375
0 0.296875 0.672656 0.025 0.0328125
0 0.284375 0.683594 0.025 0.0296875
0 0.439063 0.692969 0.025 0.0359375
0 0.273438 0.724219 0.028125 0.0359375
0 0.236719 0.735937 0.0296875 0.034375
0 0.571094 0.264062 0.0265625 0.028125
0 0.464063 0.86875 0.03125 0.046875
0 0.573438 0.725 0.03125 0.0375
0 0.528125 0.258594 0.03125 0.0390625
0 0.339063 0.751562 0.025 0.03125
0 0.500781 0.335938 0.0296875 0.0375
0 0.2375 0.460156 0.03125 0.0390625
0 0.496875 0.25625 0.025 0.040625
0 0.353125 0.540625 0.021875 0.034375
0 0.421875 0.692969 0.025 0.0390625
0 0.475781 0.439063 0.0296875 0.040625
0 0.663281 0.485156 0.0328125 0.0421875
0 0.475781 0.322656 0.0296875 0.0421875
0 0.213281 0.719531 0.0296875 0.0390625
0 0.426562 0.360156 0.028125 0.0390625
0 0.314063 0.489844 0.028125 0.0359375
0 0.767187 0.520312 0.028125 0.0375
0 0.352344 0.732813 0.0265625 0.03125
0 0.232812 0.678125 0.028125 0.034375
0 0.367969 0.789844 0.0296875 0.0328125
0 0.7125 0.290625 0.03125 0.040625
0 0.398438 0.688281 0.028125 0.0390625
0 0.503125 0.722656 0.025 0.0296875
0 0.685156 0.698438 0.0328125 0.034375
0 0.336719 0.516406 0.0265625 0.0359375
0 0.510938 0.401563 0.03125 0.034375
0 0.732813 0.653125 0.028125 0.040625
0 0.209375 0.632031 0.021875 0.0359375
0 0.629687 0.715625 0.028125 0.034375
0 0.520312 0.484375 0.028125 0.040625
0 0.435937 0.259375 0.03125 0.04375
0 0.708594 0.491406 0.0359375 0.0390625
0 0.398438 0.73125 0.021875 0.04375
0 0.635156 0.496875 0.0296875 0.040625
0 0.438281 0.849219 0.0296875 0.0421875
0 0.789844 0.652344 0.0328125 0.0390625
0 0.601562 0.263281 0.025 0.0328125
0 0.371875 0.728906 0.028125 0.0390625
0 0.582812 0.488281 0.03125 0.0359375
0 0.46875 0.494531 0.028125 0.0390625
0 0.770312 0.441406 0.03125 0.0359375
0 0.366406 0.516406 0.0265625 0.0390625
0 0.691406 0.629687 0.0296875 0.046875
0 0.753906 0.66875 0.0296875 0.0375
0 0.528125 0.676562 0.028125 0.040625
0 0.354688 0.833594 0.025 0.0359375
0 0.285937 0.465625 0.028125 0.0375
0 0.229687 0.644531 0.025 0.0390625
0 0.353906 0.576563 0.0296875 0.0375
0 0.251563 0.611719 0.028125 0.0359375
0 0.567969 0.59375 0.0296875 0.0375
0 0.858594 0.552344 0.0296875 0.0421875
0 0.478906 0.638281 0.0265625 0.0390625
0 0.198437 0.669531 0.028125 0.0328125
0 0.335156 0.801562 0.0296875 0.034375
0 0.307031 0.61875 0.0296875 0.0375
0 0.310937 0.708594 0.028125 0.0328125
0 0.739844 0.309375 0.0296875 0.040625
0 0.69375 0.664844 0.03125 0.0359375
0 0.251563 0.540625 0.028125 0.034375
0 0.635938 0.747656 0.03125 0.0390625
0 0.530469 0.289844 0.0296875 0.0359375
0 0.371094 0.546875 0.0296875 0.0375
0 0.738281 0.383594 0.0296875 0.0421875
0 0.491406 0.471875 0.0296875 0.034375
0 0.528125 0.321094 0.03125 0.0421875
0 0.725 0.689844 0.03125 0.0390625
0 0.253125 0.7625 0.028125 0.034375
0 0.319531 0.408594 0.0296875 0.0328125
0 0.59375 0.695312 0.028125 0.034375
0 0.58125 0.274219 0.03125 0.0484375
0 0.442187 0.329688 0.03125 0.034375
0 0.503125 0.282031 0.028125 0.0421875
0 0.328906 0.458594 0.0265625 0.0359375
0 0.284375 0.807031 0.028125 0.0359375
0 0.340625 0.289844 0.028125 0.0421875
0 0.50625 0.652344 0.03125 0.0359375
0 0.630469 0.780469 0.0328125 0.0390625
0 0.204688 0.553125 0.028125 0.034375
0 0.296094 0.58125 0.0265625 0.040625
0 0.369531 0.627344 0.0296875 0.0359375
0 0.846875 0.459375 0.03125 0.046875
0 0.81875 0.413281 0.03125 0.0390625
0 0.413281 0.564062 0.0296875 0.040625
0 0.282813 0.603906 0.028125 0.0328125
0 0.647656 0.534375 0.0328125 0.04375
0 0.460156 0.816406 0.0328125 0.0359375
0 0.253906 0.655469 0.0265625 0.0421875
0 0.422656 0.80625 0.0265625 0.040625
0 0.175781 0.622656 0.0296875 0.0421875
0 0.801562 0.439063 0.034375 0.040625
0 0.251563 0.703906 0.028125 0.0359375
0 0.429688 0.742188 0.028125 0.040625
0 0.835156 0.501562 0.0328125 0.040625
0 0.747656 0.617188 0.0296875 0.0375
0 0.59375 0.748438 0.03125 0.040625
0 0.858594 0.367969 0.0296875 0.0453125
0 0.675781 0.310156 0.0328125 0.0421875
0 0.390625 0.364844 0.03125 0.0421875
0 0.729688 0.507031 0.028125 0.0421875
0 0.754687 0.586719 0.03125 0.0359375
0 0.638281 0.608594 0.0328125 0.0390625
0 0.535937 0.359375 0.034375 0.04375
0 0.478125 0.7125 0.025 0.0375
0 0.502344 0.692187 0.0296875 0.04375
0 0.607813 0.507031 0.03125 0.0453125
0 0.471875 0.53125 0.028125 0.040625
0 0.446875 0.511719 0.028125 0.0421875
0 0.257031 0.571094 0.0328125 0.0421875
0 0.620313 0.679688 0.03125 0.034375
0 0.610156 0.464063 0.0328125 0.0375
0 0.686719 0.515625 0.0359375 0.04375
0 0.389844 0.521875 0.0296875 0.0375
0 0.477344 0.607031 0.0296875 0.0453125
0 0.459375 0.666406 0.03125 0.0390625
0 0.660156 0.73125 0.0296875 0.040625
0 0.560938 0.553125 0.028125 0.0375
0 0.294531 0.746094 0.0265625 0.0328125
0 0.716406 0.620313 0.0296875 0.04375
0 0.30625 0.786719 0.028125 0.0296875
0 0.391406 0.78125 0.0296875 0.0375
0 0.646094 0.303906 0.0296875 0.0421875
0 0.538281 0.782812 0.0296875 0.040625
0 0.651563 0.390625 0.03125 0.040625
0 0.30625 0.45 0.025 0.0375
0 0.801562 0.680469 0.03125 0.0359375
0 0.641406 0.264844 0.0296875 0.0390625
0 0.432031 0.39375 0.0265625 0.040625
0 0.332812 0.614844 0.028125 0.0390625
0 0.577344 0.454688 0.0296875 0.040625
0 0.372656 0.659375 0.0296875 0.034375
0 0.682031 0.373437 0.0328125 0.040625
0 0.622656 0.427344 0.0359375 0.0359375
0 0.54375 0.710156 0.028125 0.0390625
0 0.465625 0.403125 0.03125 0.040625
0 0.835938 0.530469 0.03125 0.0328125
0 0.366406 0.692969 0.0265625 0.0390625
0 0.482031 0.780469 0.0296875 0.0390625
0 0.859375 0.408594 0.028125 0.0421875
0 0.577344 0.372656 0.0296875 0.0421875
0 0.223438 0.50625 0.03125 0.0375
0 0.771094 0.546875 0.0296875 0.0375
0 0.585938 0.659375 0.028125 0.0375
0 0.419531 0.597656 0.0296875 0.0390625
0 0.417969 0.489844 0.0296875 0.0359375
0 0.66875 0.596094 0.03125 0.0390625
0 0.835938 0.570312 0.03125 0.04375
0 0.521094 0.551562 0.0296875 0.040625
0 0.619531 0.557813 0.0296875 0.0375
0 0.355469 0.380469 0.0328125 0.0390625
0 0.519531 0.754687 0.0296875 0.040625
0 0.402344 0.647656 0.0296875 0.0390625
0 0.476562 0.359375 0.028125 0.04375
0 0.442969 0.632031 0.0296875 0.0390625
0 0.458594 0.298438 0.0296875 0.040625
0 0.271094 0.515625 0.0296875 0.0375
0 0.597656 0.407813 0.0328125 0.0375
0 0.408594 0.404687 0.0296875 0.040625
0 0.783594 0.616406 0.0296875 0.0421875
0 0.632812 0.642187 0.028125 0.0375
0 0.80625 0.575781 0.03125 0.0390625
0 0.542188 0.455469 0.028125 0.0390625
0 0.220313 0.604688 0.028125 0.034375
0 0.791406 0.405469 0.0296875 0.0453125
0 0.46875 0.260156 0.03125 0.0390625
0 0.429688 0.660156 0.028125 0.0359375
0 0.829687 0.38125 0.034375 0.040625
0 0.696875 0.335156 0.034375 0.0390625
0 0.594531 0.584375 0.0296875 0.040625
0 0.453125 0.735156 0.028125 0.0390625
0 0.398438 0.617969 0.025 0.0421875
0 0.353125 0.485156 0.03125 0.0359375
0 0.563281 0.346875 0.0296875 0.040625
0 0.691406 0.417188 0.0296875 0.040625
0 0.545313 0.396875 0.03125 0.040625
0 0.558594 0.6375 0.0296875 0.040625
0 0.380469 0.30625 0.0296875 0.04375
0 0.585938 0.545313 0.03125 0.04375
0 0.495313 0.509375 0.028125 0.040625
0 0.357031 0.453125 0.0296875 0.040625
0 0.830469 0.627344 0.0328125 0.0453125
0 0.39375 0.817187 0.03125 0.040625
0 0.274219 0.432031 0.0328125 0.0390625
0 0.623438 0.344531 0.028125 0.0359375
0 0.392188 0.270312 0.03125 0.04375
0 0.453125 0.771094 0.03125 0.0359375
0 0.253125 0.49375 0.028125 0.040625
0 0.267969 0.782812 0.0296875 0.034375
0 0.555469 0.675781 0.0296875 0.0390625
0 0.491406 0.748438 0.0296875 0.034375
0 0.442969 0.590625 0.0296875 0.040625
0 0.621094 0.285937 0.0296875 0.040625
0 0.332031 0.649219 0.0296875 0.0328125
0 0.453125 0.55 0.03125 0.040625
0 0.782031 0.366406 0.0328125 0.0421875
0 0.342187 0.695312 0.028125 0.040625
0 0.332031 0.560156 0.0296875 0.0390625
0 0.652344 0.680469 0.0296875 0.0453125
0 0.34375 0.342187 0.03125 0.040625
0 0.689844 0.458594 0.0296875 0.0421875
0 0.596094 0.628125 0.0328125 0.04375
0 0.519531 0.5875 0.0296875 0.0375
0 0.722656 0.453906 0.0328125 0.0421875
0 0.554688 0.486719 0.028125 0.0421875
0 0.528906 0.632031 0.0296875 0.0390625
0 0.716406 0.541406 0.0328125 0.0453125
0 0.407031 0.452344 0.0296875 0.0421875
0 0.303125 0.532812 0.03125 0.0375
0 0.651563 0.358594 0.034375 0.0390625
0 0.597656 0.33125 0.0296875 0.046875
0 0.44375 0.425781 0.03125 0.0390625
0 0.566406 0.41875 0.0328125 0.04375
0 0.803906 0.5375 0.0296875 0.040625
0 0.36875 0.414062 0.03125 0.040625
0 0.76875 0.4875 0.034375 0.04375
0 0.726562 0.58125 0.03125 0.040625
0 0.442969 0.470313 0.0328125 0.034375
0 0.277344 0.392188 0.0296875 0.04375
0 0.282813 0.635156 0.028125 0.0390625
0 0.797656 0.48125 0.0296875 0.040625
0 0.494531 0.553906 0.0296875 0.0390625
0 0.55625 0.296875 0.03125 0.0375
0 0.503906 0.617969 0.0296875 0.0390625
0 0.764844 0.321875 0.0328125 0.04375
0 0.64375 0.451562 0.03125 0.04375
0 0.390625 0.573438 0.03125 0.040625
0 0.642969 0.570312 0.0296875 0.040625
0 0.61875 0.382812 0.03125 0.04375
0 0.379687 0.4875 0.028125 0.034375
0 0.516406 0.445312 0.0296875 0.0375
0 0.755469 0.4125 0.0328125 0.040625
0 0.671875 0.436719 0.03125 0.0453125
0 0.541406 0.523438 0.0328125 0.0375
0 0.716406 0.361719 0.0328125 0.0453125
0 0.692969 0.560938 0.0328125 0.040625
