0 0.329688 0.666406 0.05 0.0421875
0 0.357812 0.544531 0.075 0.110937
0 0.173438 0.672656 0.053125 0.0953125
0 0.697656 0.651563 0.0828125 0.125
0 0.339063 0.617188 0.06875 0.075
0 0.282031 0.59375 0.0546875 0.084375
0 0.159375 0.571094 0.0625 0.0984375
0 0.276563 0.510938 0.0625 0.0875
0 0.226562 0.529688 0.059375 0.09375
0 0.326562 0.45 0.059375 0.1
0 0.298438 0.239063 0.065625 0.10625
0 0.635938 0.570312 0.09375 0.103125
0 0.346094 0.367188 0.0703125 0.11875
0 0.702344 0.790625 0.0890625 0.109375
0 0.286719 0.359375 0.0671875 0.1
0 0.175781 0.467969 0.0640625 0.0890625
0 0.386719 0.689844 0.0671875 0.0859375
0 0.239063 0.438281 0.0625 0.0859375
0 0.413281 0.614844 0.0734375 0.0890625
0 0.407031 0.446094 0.0765625 0.101562
0 0.367188 0.252344 0.071875 0.120312
0 0.1875 0.367969 0.075 0.101562
0 0.221875 0.625781 0.059375 0.0890625
0 0.741406 0.417969 0.107813 0.126563
0 0.832031 0.504687 0.107813 0.121875
0 0.617969 0.735156 0.0671875 0.101562
0 0.434375 0.320312 0.084375 0.109375
0 0.266406 0.69375 0.0671875 0.096875
0 0.488281 0.457031 0.0890625 0.110937
0 0.669531 0.339063 0.114063 0.125
0 0.732813 0.532812 0.103125 0.115625
0 0.619531 0.223438 0.104687 0.125
0 0.513281 0.613281 0.0828125 0.104687
0 0.533594 0.746094 0.0890625 0.110937
0 0.796094 0.639844 0.0984375 0.110937
0 0.516406 0.284375 0.0921875 0.115625
0 0.652344 0.463281 0.101562 0.114063
0 0.764844 0.726562 0.0953125 0.10625
0 0.559375 0.515625 0.090625 0.1125
0 0.490625 0.167187 0.084375 0.1125
0 0.567187 0.3875 0.09375 0.1125
0 0.458594 0.541406 0.0796875 0.107813
0 0.455469 0.694531 0.0796875 0.0953125
0 0.597656 0.657031 0.0953125 0.114063
