0 0.430469 0.103125 0.0765625 0.1
0 0.345313 0.500781 0.075 0.0953125
0 0.303125 0.672656 0.08125 0.0984375
0 0.128125 0.433594 0.071875 0.0734375
0 0.803906 0.372656 0.0765625 0.101562
0 0.586719 0.555469 0.0671875 0.0921875
0 0.153906 0.655469 0.0703125 0.104687
0 0.38125 0.575781 0.06875 0.0921875
0 0.5375 0.175 0.071875 0.075
0 0.288281 0.211719 0.0703125 0.0796875
0 0.523438 0.251563 0.065625 0.096875
0 0.610937 0.267188 0.078125 0.090625
0 0.296094 0.291406 0.0703125 0.107813
0 0.233594 0.291406 0.0734375 0.0890625
0 0.228906 0.728906 0.0796875 0.101562
0 0.45 0.297656 0.084375 0.0984375
0 0.630469 0.375781 0.0671875 0.101562
0 0.667188 0.542969 0.08125 0.0921875
0 0.636719 0.746094 0.0734375 0.0984375
0 0.611719 0.157813 0.0796875 0.084375
0 0.140625 0.503906 0.078125 0.110937
0 0.370313 0.683594 0.078125 0.107813
0 0.855469 0.660937 0.0796875 0.103125
0 0.664844 0.844531 0.0765625 0.0890625
0 0.557813 0.703125 0.071875 0.1
0 0.424219 0.3875 0.0703125 0.1125
0 0.692187 0.415625 0.071875 0.1
0 0.329688 0.391406 0.06875 0.110937
0 0.445312 0.667969 0.075 0.107813
0 0.05625 0.520312 0.071875 0.109375
0 0.683594 0.266406 0.0765625 0.104687
0 0.692969 0.639844 0.0734375 0.0984375
0 0.817969 0.517969 0.0765625 0.107813
0 0.272656 0.484375 0.0765625 0.1
0 0.426562 0.48125 0.084375 0.09375
0 0.482031 0.75 0.0765625 0.1
0 0.619531 0.641406 0.0765625 0.107813
0 0.371094 0.310937 0.0796875 0.09375
0 0.25625 0.38125 0.075 0.10625
0 0.763281 0.464844 0.0796875 0.101562
0 0.241406 0.627344 0.0765625 0.0984375
0 0.857813 0.442187 0.071875 0.10625
0 0.744531 0.327344 0.0796875 0.104687
0 0.559375 0.81875 0.075 0.10625
0 0.744531 0.832031 0.0828125 0.110937
0 0.528125 0.604688 0.084375 0.103125
0 0.452344 0.196875 0.0828125 0.103125
0 0.557031 0.34375 0.0703125 0.109375
0 0.617969 0.467187 0.0734375 0.1
0 0.810156 0.767187 0.0734375 0.109375
0 0.38125 0.220313 0.06875 0.103125
0 0.521094 0.497656 0.0765625 0.107813
0 0.154687 0.35625 0.08125 0.1
0 0.495313 0.378125 0.078125 0.103125
0 0.207031 0.541406 0.0765625 0.110937
0 0.466406 0.567969 0.0828125 0.101562
0 0.71875 0.746094 0.08125 0.110937
0 0.30625 0.571875 0.08125 0.09375
0 0.74375 0.571094 0.084375 0.104687
0 0.882031 0.558594 0.0796875 0.110937
0 0.0960938 0.582812 0.0796875 0.1
0 0.767969 0.660156 0.0859375 0.104687
