0 0.324219 0.476562 0.0515625 0.0625
0 0.750781 0.551562 0.0421875 0.05625
0 0.227344 0.514844 0.0359375 0.0546875
0 0.286719 0.764844 0.0390625 0.0546875
0 0.35 0.614062 0.053125 0.065625
0 0.598437 0.636719 0.04375 0.0515625
0 0.4 0.436719 0.046875 0.0546875
0 0.473437 0.450781 0.046875 0.0640625
0 0.449219 0.3125 0.0390625 0.0625
0 0.285937 0.475 0.04375 0.0625
0 0.575781 0.5625 0.0453125 0.053125
0 0.786719 0.598437 0.0515625 0.05625
0 0.551562 0.639063 0.046875 0.05625
0 0.538281 0.324219 0.0453125 0.0578125
0 0.877344 0.650781 0.0515625 0.0640625
0 0.464063 0.500781 0.05 0.0546875
0 0.302344 0.413281 0.0453125 0.0546875
0 0.824219 0.491406 0.0453125 0.0703125
0 0.155469 0.515625 0.0453125 0.059375
0 0.3875 0.314844 0.053125 0.0671875
0 0.210938 0.352344 0.040625 0.0671875
0 0.850781 0.517187 0.0453125 0.0625
0 0.320312 0.629687 0.040625 0.059375
0 0.640625 0.276563 0.053125 0.06875
0 0.911719 0.592969 0.0546875 0.0671875
0 0.524219 0.770312 0.0515625 0.0625
0 0.399219 0.589063 0.0484375 0.0625
0 0.747656 0.715625 0.0515625 0.06875
0 0.710938 0.532812 0.05 0.065625
0 0.704687 0.323438 0.053125 0.0625
0 0.186719 0.69375 0.0515625 0.05625
0 0.597656 0.330469 0.0453125 0.0734375
0 0.857031 0.703125 0.0484375 0.0625
0 0.416406 0.247656 0.0515625 0.0640625
0 0.4125 0.696875 0.046875 0.059375
0 0.610937 0.524219 0.05 0.0640625
0 0.75 0.640625 0.053125 0.0625
0 0.513281 0.264844 0.0515625 0.0703125
0 0.322656 0.739062 0.0484375 0.059375
0 0.673437 0.588281 0.05 0.0609375
0 0.252344 0.5375 0.0546875 0.065625
0 0.489844 0.602344 0.0484375 0.0578125
0 0.248437 0.392188 0.046875 0.065625
0 0.392969 0.375 0.0515625 0.0625
0 0.4375 0.623438 0.05 0.0625
0 0.909375 0.503906 0.053125 0.0640625
0 0.147656 0.582812 0.0421875 0.0625
0 0.194531 0.588281 0.0453125 0.0578125
0 0.621875 0.589844 0.046875 0.0578125
0 0.254687 0.825 0.05 0.059375
0 0.538281 0.715625 0.0484375 0.065625
0 0.139062 0.438281 0.05 0.0671875
0 0.449219 0.567187 0.0484375 0.065625
0 0.516406 0.414062 0.0515625 0.0625
0 0.463281 0.261719 0.0546875 0.0671875
0 0.71875 0.450781 0.059375 0.0671875
0 0.246094 0.307031 0.0453125 0.0640625
0 0.450781 0.392969 0.0515625 0.0671875
0 0.23125 0.642187 0.0375 0.05625
0 0.246094 0.601562 0.0453125 0.0625
0 0.24375 0.757031 0.05 0.0609375
0 0.463281 0.682031 0.0515625 0.0671875
0 0.378125 0.489844 0.046875 0.0609375
0 0.516406 0.485938 0.0515625 0.065625
0 0.582031 0.714844 0.0484375 0.0640625
0 0.646094 0.363281 0.0515625 0.0703125
0 0.654688 0.641406 0.046875 0.0578125
0 0.333594 0.36875 0.0484375 0.065625
0 0.491406 0.546875 0.0515625 0.0625
0 0.285937 0.703906 0.046875 0.0578125
0 0.69375 0.635156 0.04375 0.0578125
0 0.751562 0.316406 0.053125 0.0703125
0 0.602344 0.457031 0.0546875 0.0640625
0 0.35625 0.541406 0.04375 0.0609375
0 0.626562 0.703125 0.05 0.065625
0 0.78125 0.364844 0.053125 0.0703125
0 0.182031 0.475 0.0453125 0.0625
0 0.371875 0.791406 0.046875 0.0578125
0 0.509375 0.659375 0.046875 0.0625
0 0.803906 0.653125 0.0484375 0.059375
0 0.852344 0.44375 0.0546875 0.065625
0 0.655469 0.425 0.0515625 0.065625
0 0.272656 0.64375 0.0453125 0.05625
0 0.804688 0.407813 0.053125 0.06875
0 0.178906 0.627344 0.0421875 0.0546875
0 0.378125 0.73125 0.053125 0.0625
0 0.280469 0.292188 0.0515625 0.06875
0 0.39375 0.653125 0.046875 0.059375
0 0.367969 0.250781 0.0484375 0.0640625
0 0.491406 0.31875 0.0515625 0.065625
0 0.676562 0.694531 0.053125 0.0640625
0 0.330469 0.245312 0.0453125 0.05625
0 0.603906 0.396094 0.0515625 0.0640625
0 0.805469 0.544531 0.0515625 0.0609375
0 0.24375 0.704687 0.04375 0.05625
0 0.294531 0.586719 0.0484375 0.0578125
0 0.758594 0.422656 0.0484375 0.0671875
0 0.307031 0.53125 0.0453125 0.0625
0 0.354688 0.428906 0.04375 0.0578125
0 0.416406 0.772656 0.0515625 0.0640625
0 0.532812 0.582812 0.046875 0.065625
0 0.794531 0.714844 0.0546875 0.0671875
0 0.344531 0.685156 0.0484375 0.0640625
0 0.580469 0.247656 0.0515625 0.0703125
0 0.557031 0.450781 0.0453125 0.0609375
0 0.296094 0.835156 0.0484375 0.0609375
0 0.289844 0.367969 0.0453125 0.0609375
0 0.717969 0.592969 0.0484375 0.0609375
0 0.557813 0.384375 0.05 0.065625
0 0.757031 0.496094 0.0515625 0.0640625
0 0.19375 0.410156 0.046875 0.0609375
0 0.664844 0.492969 0.0515625 0.0671875
0 0.457812 0.739844 0.05 0.0671875
0 0.708594 0.389844 0.0484375 0.0671875
0 0.33125 0.311719 0.05 0.0640625
0 0.154687 0.373437 0.046875 0.0625
0 0.557031 0.5125 0.0515625 0.0625
0 0.842969 0.608594 0.0515625 0.0640625
0 0.242969 0.458594 0.0453125 0.0578125
0 0.408594 0.5375 0.0515625 0.0625
