0 0.525 0.398438 0.04375 0.065625
0 0.596875 0.820312 0.05 0.071875
0 0.224219 0.401563 0.0515625 0.078125
0 0.710938 0.784375 0.034375 0.05
0 0.449219 0.800781 0.0546875 0.0640625
0 0.273438 0.651563 0.053125 0.065625
0 0.496094 0.450781 0.0421875 0.0640625
0 0.460938 0.7125 0.040625 0.05
0 0.397656 0.210156 0.0484375 0.0765625
0 0.498437 0.590625 0.040625 0.06875
0 0.635938 0.335938 0.040625 0.05625
0 0.8375 0.402344 0.046875 0.0609375
0 0.689844 0.714844 0.0421875 0.0546875
0 0.564062 0.352344 0.05625 0.0546875
0 0.636719 0.189063 0.0421875 0.071875
0 0.300781 0.68125 0.0515625 0.05625
0 0.232812 0.5375 0.053125 0.053125
0 0.301562 0.60625 0.05625 0.06875
0 0.614062 0.746094 0.053125 0.0671875
0 0.275 0.389062 0.053125 0.075
0 0.346875 0.398438 0.046875 0.06875
0 0.75 0.367188 0.040625 0.0625
0 0.239844 0.488281 0.0546875 0.0671875
0 0.351562 0.624219 0.05625 0.0609375
0 0.230469 0.789844 0.0484375 0.0609375
0 0.725781 0.625 0.0453125 0.059375
0 0.286719 0.448438 0.0484375 0.0625
0 0.446875 0.25625 0.046875 0.071875
0 0.548437 0.178125 0.05 0.078125
0 0.3625 0.475781 0.05625 0.0671875
0 0.596875 0.546875 0.053125 0.06875
0 0.508594 0.521094 0.0484375 0.0609375
0 0.397656 0.383594 0.0515625 0.0640625
0 0.423438 0.430469 0.053125 0.0640625
0 0.2875 0.782812 0.053125 0.0625
0 0.708594 0.249219 0.0484375 0.0546875
0 0.697656 0.477344 0.0390625 0.0609375
0 0.786719 0.242969 0.0484375 0.0703125
0 0.6875 0.350781 0.05 0.0671875
0 0.215625 0.699219 0.0625 0.0703125
0 0.405469 0.505469 0.0515625 0.0703125
0 0.365625 0.551562 0.05625 0.071875
0 0.553125 0.722656 0.05 0.0609375
0 0.544531 0.502344 0.0453125 0.0671875
0 0.789062 0.744531 0.046875 0.0578125
0 0.5875 0.621094 0.05625 0.0671875
0 0.402344 0.605469 0.0515625 0.0796875
0 0.835156 0.544531 0.0453125 0.0640625
0 0.789844 0.303906 0.0453125 0.0609375
0 0.650781 0.392969 0.0484375 0.0640625
0 0.811719 0.603906 0.0453125 0.0609375
0 0.660156 0.45625 0.0484375 0.06875
0 0.773438 0.615625 0.040625 0.0625
0 0.464063 0.494531 0.053125 0.0703125
0 0.678125 0.785156 0.04375 0.0546875
0 0.4 0.758594 0.053125 0.0640625
0 0.427344 0.326562 0.0578125 0.071875
0 0.465625 0.196094 0.04375 0.0671875
0 0.539844 0.660156 0.0515625 0.0640625
0 0.723437 0.517187 0.046875 0.059375
0 0.682813 0.666406 0.04375 0.0515625
0 0.319531 0.530469 0.0515625 0.0765625
0 0.567969 0.240625 0.0515625 0.065625
0 0.358594 0.857031 0.0515625 0.0640625
0 0.709375 0.419531 0.05 0.0671875
0 0.603906 0.476562 0.0515625 0.06875
0 0.371875 0.688281 0.053125 0.0640625
0 0.340625 0.732813 0.05625 0.05625
0 0.473437 0.392969 0.053125 0.0671875
0 0.796875 0.433594 0.04375 0.0640625
0 0.494531 0.78125 0.0515625 0.06875
0 0.627344 0.253125 0.0515625 0.065625
0 0.479688 0.327344 0.053125 0.0609375
0 0.453906 0.579687 0.0515625 0.071875
0 0.498437 0.240625 0.05625 0.071875
0 0.582812 0.3 0.05 0.06875
0 0.220313 0.625 0.059375 0.078125
0 0.871875 0.6 0.05 0.0625
0 0.819531 0.485156 0.0515625 0.0640625
0 0.182031 0.778125 0.0578125 0.075
0 0.764844 0.503906 0.0421875 0.0546875
0 0.592188 0.196094 0.046875 0.0671875
0 0.747656 0.459375 0.0484375 0.0625
0 0.717969 0.674219 0.0390625 0.0578125
0 0.63125 0.567187 0.04375 0.0625
0 0.819531 0.322656 0.0453125 0.0640625
0 0.435156 0.632812 0.0515625 0.06875
0 0.578906 0.669531 0.0390625 0.0515625
0 0.567969 0.439844 0.0515625 0.0671875
0 0.66875 0.282031 0.04375 0.0609375
0 0.646094 0.617188 0.0421875 0.059375
0 0.683594 0.220313 0.0484375 0.065625
0 0.155469 0.554688 0.0671875 0.075
0 0.782031 0.678906 0.0421875 0.0609375
0 0.742969 0.729688 0.0421875 0.05625
0 0.153906 0.689844 0.0640625 0.0671875
0 0.832812 0.271094 0.046875 0.0609375
0 0.528906 0.302344 0.0515625 0.0671875
0 0.153906 0.61875 0.0609375 0.065625
0 0.815625 0.695312 0.040625 0.05625
0 0.74375 0.567969 0.040625 0.0578125
0 0.785156 0.380469 0.0453125 0.0546875
0 0.48125 0.661719 0.05625 0.0671875
0 0.154687 0.453125 0.065625 0.071875
0 0.253906 0.728906 0.0484375 0.0640625
0 0.784375 0.555469 0.04375 0.0609375
0 0.663281 0.520312 0.0484375 0.059375
0 0.34375 0.33125 0.05625 0.075
0 0.695312 0.567187 0.05 0.065625
0 0.646875 0.708594 0.04375 0.0546875
0 0.829687 0.650781 0.040625 0.0609375
0 0.732031 0.3 0.0484375 0.065625
0 0.607031 0.403906 0.0453125 0.0609375
0 0.54375 0.798437 0.04375 0.0625
0 0.421094 0.702344 0.0515625 0.0671875
0 0.617969 0.672656 0.0453125 0.0609375
0 0.510938 0.720312 0.05 0.0625
