0 0.248437 0.852344 0.046875 0.0546875
0 0.841406 0.522656 0.0546875 0.0703125
0 0.6 0.472656 0.053125 0.0765625
0 0.726562 0.349219 0.046875 0.0703125
0 0.846875 0.379687 0.053125 0.078125
0 0.109375 0.3375 0.046875 0.078125
0 0.627344 0.538281 0.0484375 0.0671875
0 0.154687 0.482812 0.046875 0.0875
0 0.600781 0.759375 0.0484375 0.0625
0 0.713281 0.470313 0.0484375 0.075
0 0.473437 0.785937 0.05 0.0625
0 0.70625 0.71875 0.046875 0.065625
0 0.203125 0.370313 0.05 0.075
0 0.839063 0.676562 0.053125 0.071875
0 0.351562 0.707031 0.05 0.0703125
0 0.864844 0.620313 0.0515625 0.059375
0 0.461719 0.5125 0.0546875 0.0625
0 0.738281 0.19375 0.0609375 0.06875
0 0.575 0.542188 0.05625 0.065625
0 0.760156 0.542969 0.0578125 0.0546875
0 0.25 0.446094 0.053125 0.0640625
0 0.399219 0.521875 0.0515625 0.075
0 0.336719 0.642187 0.0578125 0.065625
0 0.623438 0.253906 0.059375 0.0734375
0 0.2875 0.410156 0.059375 0.0734375
0 0.5875 0.614062 0.05625 0.065625
0 0.384375 0.317187 0.05 0.075
0 0.411719 0.825781 0.0578125 0.0609375
0 0.328906 0.328906 0.0546875 0.0859375
0 0.759375 0.421094 0.053125 0.0765625
0 0.277344 0.828125 0.0484375 0.071875
0 0.674219 0.392188 0.0578125 0.075
0 0.508594 0.188281 0.0609375 0.0703125
0 0.152344 0.39375 0.0546875 0.065625
0 0.569531 0.299219 0.0640625 0.0703125
0 0.8 0.0890625 0.05625 0.1
0 0.877344 0.460938 0.0515625 0.071875
0 0.603906 0.371875 0.0578125 0.06875
0 0.440625 0.228125 0.053125 0.084375
0 0.679688 0.217187 0.0625 0.075
0 0.386719 0.597656 0.0578125 0.0578125
0 0.683594 0.523438 0.0515625 0.059375
0 0.352344 0.394531 0.0609375 0.0765625
0 0.822656 0.29375 0.0515625 0.0625
0 0.827344 0.577344 0.0578125 0.0671875
0 0.13125 0.726562 0.05 0.065625
0 0.170312 0.880469 0.053125 0.0703125
0 0.683594 0.05625 0.0578125 0.078125
0 0.792969 0.167969 0.0546875 0.0703125
0 0.500781 0.651563 0.0609375 0.0625
0 0.36875 0.24375 0.05625 0.090625
0 0.223438 0.692187 0.05 0.071875
0 0.241406 0.260938 0.0640625 0.071875
0 0.879687 0.321875 0.05625 0.06875
0 0.610937 0.678125 0.05 0.075
0 0.535937 0.602344 0.05625 0.0640625
0 0.877344 0.553125 0.0515625 0.06875
0 0.410937 0.753125 0.05 0.059375
0 0.658594 0.728125 0.0453125 0.06875
0 0.386719 0.654688 0.0515625 0.06875
0 0.282031 0.524219 0.0546875 0.0765625
0 0.135937 0.554688 0.053125 0.071875
0 0.191406 0.446094 0.0515625 0.0734375
0 0.317187 0.875781 0.053125 0.0578125
0 0.178125 0.645312 0.059375 0.05625
0 0.483594 0.725781 0.0515625 0.0671875
0 0.307031 0.253906 0.0640625 0.0703125
0 0.33125 0.478906 0.059375 0.0671875
0 0.353125 0.770312 0.053125 0.065625
0 0.578906 0.150781 0.0609375 0.0765625
0 0.650781 0.321094 0.0609375 0.0796875
0 0.7875 0.245312 0.059375 0.078125
0 0.769531 0.602344 0.0453125 0.0640625
0 0.542188 0.697656 0.053125 0.0640625
0 0.76875 0.750781 0.053125 0.0703125
0 0.290625 0.688281 0.053125 0.0671875
0 0.557813 0.234375 0.053125 0.071875
0 0.658594 0.642969 0.0515625 0.0640625
0 0.248437 0.341406 0.065625 0.0765625
0 0.653906 0.464063 0.0609375 0.065625
0 0.442187 0.646875 0.05 0.065625
0 0.301562 0.576563 0.059375 0.065625
0 0.177344 0.728906 0.0578125 0.0640625
0 0.544531 0.760938 0.0453125 0.065625
0 0.472656 0.388281 0.0578125 0.0765625
0 0.780469 0.34375 0.0546875 0.065625
0 0.522656 0.103906 0.0671875 0.0890625
0 0.420312 0.367969 0.05625 0.0859375
0 0.891406 0.385156 0.0484375 0.0640625
0 0.166406 0.786719 0.0515625 0.0609375
0 0.446094 0.3 0.0609375 0.078125
0 0.240625 0.582812 0.053125 0.084375
0 0.767187 0.492969 0.05625 0.0703125
0 0.730469 0.66875 0.0546875 0.06875
0 0.195312 0.517187 0.053125 0.071875
0 0.790625 0.690625 0.053125 0.065625
0 0.522656 0.45625 0.0671875 0.084375
0 0.505469 0.271094 0.0546875 0.0953125
0 0.135156 0.617969 0.0515625 0.0640625
0 0.644531 0.583594 0.0515625 0.0609375
0 0.405469 0.446875 0.0578125 0.0625
0 0.267188 0.9375 0.04375 0.0625
0 0.735156 0.107031 0.0703125 0.0828125
0 0.432031 0.710938 0.0515625 0.06875
0 0.192188 0.590625 0.053125 0.071875
0 0.25625 0.640625 0.053125 0.06875
0 0.30625 0.763281 0.05 0.0671875
0 0.528906 0.527344 0.0609375 0.0734375
0 0.71875 0.585938 0.053125 0.06875
0 0.705469 0.269531 0.0578125 0.0765625
0 0.520312 0.345313 0.059375 0.084375
0 0.332812 0.822656 0.053125 0.0671875
0 0.867969 0.228906 0.0578125 0.0734375
0 0.216406 0.815625 0.0484375 0.065625
0 0.480469 0.578125 0.0578125 0.06875
0 0.246094 0.7625 0.0546875 0.065625
0 0.645312 0.130469 0.06875 0.0796875
0 0.345313 0.540625 0.059375 0.071875
0 0.817969 0.439063 0.0515625 0.06875
