0 0.284375 0.809375 0.05625 0.090625
0 0.20625 0.764063 0.059375 0.08125
0 0.349219 0.310937 0.0765625 0.078125
0 0.202344 0.68125 0.0578125 0.096875
0 0.207813 0.330469 0.06875 0.0765625
0 0.270312 0.327344 0.059375 0.101562
0 0.260938 0.735937 0.065625 0.084375
0 0.498437 0.840625 0.071875 0.0875
0 0.423438 0.849219 0.06875 0.0984375
0 0.228125 0.409375 0.06875 0.090625
0 0.278125 0.220313 0.075 0.1
0 0.244531 0.585938 0.0609375 0.075
0 0.338281 0.596094 0.0703125 0.0921875
0 0.451562 0.264844 0.071875 0.0921875
0 0.301562 0.413281 0.065625 0.0953125
0 0.338281 0.510156 0.0671875 0.0796875
0 0.576563 0.599219 0.071875 0.101562
0 0.371094 0.761719 0.0640625 0.0953125
0 0.279687 0.5 0.05625 0.096875
0 0.4875 0.915625 0.06875 0.084375
0 0.367188 0.41875 0.08125 0.1125
0 0.60625 0.499219 0.078125 0.0828125
0 0.411719 0.592969 0.0609375 0.0921875
0 0.577344 0.196094 0.0703125 0.0984375
0 0.28125 0.653125 0.06875 0.1
0 0.420312 0.502344 0.0625 0.101562
0 0.721875 0.275 0.075 0.11875
0 0.626562 0.0976562 0.075 0.104687
0 0.548437 0.434375 0.090625 0.115625
0 0.770312 0.671094 0.071875 0.0796875
0 0.389844 0.138281 0.0640625 0.0953125
0 0.454688 0.667969 0.078125 0.104687
0 0.20625 0.494531 0.059375 0.0859375
0 0.364062 0.689062 0.06875 0.08125
0 0.528125 0.269531 0.08125 0.107813
0 0.4875 0.596094 0.071875 0.0921875
0 0.526563 0.517969 0.084375 0.101562
0 0.579687 0.34375 0.078125 0.115625
0 0.649219 0.314063 0.0765625 0.096875
0 0.446094 0.757812 0.0703125 0.115625
0 0.394531 0.239844 0.0703125 0.0890625
0 0.463281 0.136719 0.0703125 0.104687
0 0.592969 0.882031 0.0765625 0.0984375
0 0.791406 0.597656 0.0796875 0.0953125
0 0.539062 0.0984375 0.08125 0.09375
0 0.657031 0.217969 0.0796875 0.117188
0 0.789062 0.515625 0.075 0.096875
0 0.503125 0.742969 0.078125 0.104687
0 0.653125 0.646094 0.08125 0.110937
0 0.558594 0.673437 0.0765625 0.096875
0 0.733594 0.371094 0.0921875 0.110937
0 0.496094 0.355469 0.0828125 0.0984375
0 0.70625 0.770312 0.084375 0.10625
0 0.617969 0.735156 0.0828125 0.101562
0 0.477344 0.444531 0.0796875 0.104687
0 0.41875 0.34375 0.078125 0.10625
0 0.645312 0.832812 0.084375 0.10625
0 0.670313 0.44375 0.08125 0.1125
0 0.34375 0.19375 0.071875 0.10625
0 0.701563 0.54375 0.084375 0.1
0 0.571094 0.805469 0.0765625 0.0953125
