0 0.249219 0.401563 0.0421875 0.05
0 0.76875 0.492188 0.0375 0.053125
0 0.303125 0.677344 0.05625 0.0546875
0 0.433594 0.609375 0.0484375 0.053125
0 0.571094 0.696094 0.0359375 0.0515625
0 0.771094 0.59375 0.0546875 0.06875
0 0.700781 0.836719 0.0484375 0.0609375
0 0.757812 0.638281 0.0375 0.0453125
0 0.675781 0.422656 0.0421875 0.0578125
0 0.392969 0.590625 0.0484375 0.05625
0 0.479688 0.626562 0.046875 0.046875
0 0.653125 0.709375 0.05 0.05625
0 0.610156 0.325 0.0484375 0.059375
0 0.407031 0.642969 0.0421875 0.0578125
0 0.511719 0.222656 0.0390625 0.0515625
0 0.635156 0.221875 0.0421875 0.05
0 0.677344 0.210938 0.0390625 0.05
0 0.759375 0.205469 0.04375 0.0484375
0 0.432813 0.753906 0.05 0.0640625
0 0.667969 0.8 0.0578125 0.05625
0 0.417188 0.174219 0.046875 0.0515625
0 0.721094 0.377344 0.0390625 0.0578125
0 0.404687 0.514844 0.05 0.0640625
0 0.455469 0.401563 0.0515625 0.075
0 0.464844 0.808594 0.0515625 0.0609375
0 0.524219 0.453125 0.0515625 0.065625
0 0.823438 0.354688 0.053125 0.06875
0 0.635938 0.373437 0.0375 0.059375
0 0.357812 0.228125 0.040625 0.05
0 0.246875 0.513281 0.05 0.0640625
0 0.596875 0.1875 0.040625 0.059375
0 0.769531 0.410156 0.0453125 0.0546875
0 0.515625 0.890625 0.053125 0.071875
0 0.389062 0.375 0.0625 0.075
0 0.492188 0.503906 0.046875 0.0609375
0 0.228906 0.350781 0.0484375 0.0703125
0 0.844531 0.3 0.0484375 0.06875
0 0.564844 0.567969 0.0390625 0.0515625
0 0.698438 0.544531 0.05 0.0671875
0 0.747656 0.334375 0.0359375 0.05625
0 0.741406 0.517187 0.0484375 0.0625
0 0.354688 0.278906 0.046875 0.0609375
0 0.603125 0.928906 0.046875 0.0578125
0 0.649219 0.942969 0.0453125 0.0609375
0 0.614062 0.471875 0.040625 0.05625
0 0.654688 0.561719 0.05 0.0640625
0 0.528906 0.75 0.0453125 0.059375
0 0.6375 0.279687 0.05 0.065625
0 0.771094 0.751562 0.0484375 0.06875
0 0.734375 0.267188 0.040625 0.05625
0 0.489844 0.277344 0.0453125 0.0609375
0 0.663281 0.321875 0.0421875 0.05625
0 0.68125 0.65625 0.04375 0.059375
0 0.360938 0.477344 0.046875 0.0578125
0 0.232812 0.292188 0.046875 0.059375
0 0.439063 0.20625 0.04375 0.053125
0 0.54375 0.682031 0.046875 0.0546875
0 0.569531 0.626562 0.0421875 0.0625
0 0.51875 0.648438 0.05 0.0625
0 0.471875 0.226562 0.046875 0.065625
0 0.469531 0.447656 0.0484375 0.0640625
0 0.303125 0.563281 0.05 0.0640625
0 0.697656 0.267188 0.0421875 0.05625
0 0.719531 0.775 0.0546875 0.059375
0 0.433594 0.303125 0.0421875 0.0625
0 0.49375 0.589063 0.05 0.059375
0 0.535937 0.266406 0.046875 0.0609375
0 0.703906 0.164062 0.0453125 0.059375
0 0.746094 0.15625 0.0421875 0.059375
0 0.407813 0.419531 0.04375 0.0609375
0 0.780469 0.242969 0.0421875 0.0546875
0 0.661719 0.152344 0.0453125 0.0578125
0 0.199219 0.41875 0.0421875 0.059375
0 0.64375 0.438281 0.05 0.0671875
0 0.399219 0.229687 0.0484375 0.05625
0 0.721094 0.205469 0.0390625 0.0578125
0 0.832812 0.452344 0.05 0.0671875
0 0.483594 0.326562 0.0453125 0.059375
0 0.542969 0.528906 0.0421875 0.0578125
0 0.182812 0.477344 0.04375 0.0546875
0 0.594531 0.378125 0.0421875 0.059375
0 0.578906 0.296875 0.0421875 0.059375
0 0.304688 0.382812 0.040625 0.059375
0 0.466406 0.517969 0.0453125 0.0546875
0 0.6 0.530469 0.04375 0.0546875
0 0.589844 0.430469 0.0390625 0.0546875
0 0.154687 0.384375 0.040625 0.05625
0 0.682031 0.09375 0.0421875 0.05625
0 0.6125 0.742969 0.053125 0.0703125
0 0.269531 0.453906 0.0453125 0.0578125
0 0.607031 0.591406 0.0453125 0.0609375
0 0.710938 0.31875 0.05 0.065625
0 0.64375 0.654688 0.040625 0.05625
0 0.725781 0.629687 0.0484375 0.0625
0 0.558594 0.80625 0.0484375 0.0625
0 0.366406 0.530469 0.0484375 0.0609375
0 0.570312 0.146875 0.046875 0.065625
0 0.594531 0.242188 0.0484375 0.0625
0 0.529688 0.316406 0.040625 0.0515625
0 0.719531 0.430469 0.0453125 0.0578125
0 0.559375 0.353906 0.05 0.0671875
0 0.607813 0.679688 0.04375 0.05625
0 0.494531 0.725781 0.0546875 0.0640625
0 0.516406 0.383594 0.0515625 0.0640625
0 0.569531 0.483594 0.0515625 0.0640625
0 0.557031 0.407031 0.0453125 0.0578125
0 0.630469 0.096875 0.0484375 0.065625
0 0.680469 0.479688 0.0421875 0.05625
0 0.307031 0.486719 0.0484375 0.0640625
0 0.555469 0.208594 0.0453125 0.0640625
