0 0.667188 0.814062 0.034375 0.03125
0 0.578906 0.816406 0.0359375 0.0390625
0 0.525 0.6 0.04375 0.059375
0 0.661719 0.784375 0.0328125 0.05
0 0.4 0.375 0.05 0.059375
0 0.630469 0.213281 0.0453125 0.0609375
0 0.385938 0.552344 0.0375 0.0484375
0 0.3625 0.200781 0.046875 0.0578125
0 0.774219 0.338281 0.0296875 0.0421875
0 0.225781 0.660937 0.0421875 0.053125
0 0.736719 0.635938 0.0390625 0.046875
0 0.236719 0.323438 0.0421875 0.053125
0 0.275 0.511719 0.046875 0.0578125
0 0.723437 0.513281 0.040625 0.0578125
0 0.709375 0.5625 0.040625 0.040625
0 0.625781 0.602344 0.0484375 0.0546875
0 0.633594 0.822656 0.0453125 0.0515625
0 0.624219 0.791406 0.0453125 0.0515625
0 0.675781 0.210938 0.0453125 0.053125
0 0.835156 0.814844 0.0453125 0.0578125
0 0.623438 0.457812 0.04375 0.0625
0 0.85 0.700781 0.04375 0.0546875
0 0.8 0.479688 0.053125 0.0625
0 0.685156 0.725781 0.0421875 0.0546875
0 0.763281 0.805469 0.0421875 0.0515625
0 0.272656 0.124219 0.0328125 0.0546875
0 0.664062 0.648438 0.05 0.059375
0 0.446094 0.750781 0.0453125 0.0578125
0 0.382812 0.153906 0.040625 0.0515625
0 0.476562 0.0664062 0.046875 0.0640625
0 0.152344 0.727344 0.0421875 0.0546875
0 0.158594 0.51875 0.0421875 0.059375
0 0.199219 0.396875 0.0421875 0.053125
0 0.578125 0.339063 0.04375 0.05625
0 0.753906 0.198437 0.0484375 0.065625
0 0.385938 0.307813 0.04375 0.0625
0 0.476562 0.335156 0.05 0.0609375
0 0.352344 0.460938 0.0453125 0.053125
0 0.4625 0.269531 0.04375 0.0609375
0 0.903125 0.483594 0.05 0.0609375
0 0.435937 0.526563 0.040625 0.059375
0 0.235156 0.603906 0.0453125 0.0546875
0 0.458594 0.810938 0.0421875 0.0625
0 0.760156 0.51875 0.0390625 0.059375
0 0.60625 0.746875 0.040625 0.059375
0 0.303906 0.752344 0.0421875 0.0515625
0 0.272656 0.3625 0.0421875 0.05625
0 0.8375 0.644531 0.04375 0.0578125
0 0.644531 0.325781 0.0484375 0.0640625
0 0.235156 0.433594 0.0421875 0.0609375
0 0.709375 0.247656 0.05 0.0640625
0 0.664844 0.125 0.0453125 0.065625
0 0.699219 0.78125 0.0421875 0.05
0 0.799219 0.832812 0.0421875 0.059375
0 0.414844 0.264844 0.0453125 0.0609375
0 0.496094 0.817969 0.0421875 0.0546875
0 0.161719 0.667969 0.0421875 0.0515625
0 0.549219 0.542188 0.0421875 0.059375
0 0.545313 0.717188 0.040625 0.05625
0 0.558594 0.452344 0.0421875 0.0578125
0 0.360156 0.589844 0.0421875 0.0609375
0 0.877344 0.371094 0.0453125 0.0546875
0 0.540625 0.826563 0.040625 0.046875
0 0.272656 0.245312 0.0453125 0.0625
0 0.548437 0.170312 0.05 0.065625
0 0.732031 0.290625 0.0453125 0.065625
0 0.558594 0.646875 0.0453125 0.0625
0 0.698438 0.469531 0.05 0.0609375
0 0.821094 0.414844 0.0421875 0.0609375
0 0.8 0.541406 0.05 0.0609375
0 0.808594 0.721094 0.0453125 0.0546875
0 0.239063 0.719531 0.046875 0.0546875
0 0.201562 0.528906 0.04375 0.0515625
0 0.525781 0.494531 0.0484375 0.0640625
0 0.435156 0.646875 0.0484375 0.059375
0 0.652344 0.383594 0.0453125 0.0546875
0 0.796094 0.767969 0.0421875 0.0515625
0 0.339063 0.403125 0.046875 0.059375
0 0.345313 0.167969 0.0375 0.0546875
0 0.713281 0.833594 0.0484375 0.0546875
0 0.484375 0.638281 0.04375 0.0609375
0 0.572656 0.580469 0.0453125 0.0546875
0 0.401563 0.103906 0.04375 0.0578125
0 0.253906 0.170312 0.0390625 0.053125
0 0.310937 0.46875 0.04375 0.05625
0 0.385938 0.432031 0.046875 0.0640625
0 0.144531 0.591406 0.0390625 0.0578125
0 0.583594 0.783594 0.0453125 0.0578125
0 0.608594 0.366406 0.0484375 0.0671875
0 0.421094 0.792969 0.0390625 0.0546875
0 0.755469 0.465625 0.0421875 0.05625
0 0.382812 0.771094 0.04375 0.0578125
0 0.432813 0.0921875 0.040625 0.059375
0 0.820312 0.355469 0.046875 0.0578125
0 0.689844 0.323438 0.0484375 0.059375
0 0.64375 0.735937 0.04375 0.059375
0 0.625 0.142188 0.05 0.065625
0 0.883594 0.430469 0.0421875 0.0484375
0 0.278906 0.705469 0.0453125 0.0609375
0 0.357812 0.640625 0.040625 0.05
0 0.507812 0.727344 0.04375 0.0578125
0 0.490625 0.766406 0.040625 0.0546875
0 0.671094 0.439844 0.0453125 0.0609375
0 0.736719 0.76875 0.0421875 0.05
0 0.196094 0.717969 0.0421875 0.0578125
0 0.292969 0.192188 0.0421875 0.05625
0 0.470313 0.702344 0.04375 0.0578125
0 0.765625 0.734375 0.040625 0.053125
0 0.667188 0.271875 0.05 0.059375
0 0.667188 0.579687 0.046875 0.059375
0 0.519531 0.432813 0.0453125 0.059375
0 0.529688 0.663281 0.046875 0.0609375
0 0.777344 0.409375 0.0484375 0.059375
0 0.242188 0.490625 0.04375 0.05625
0 0.75625 0.84375 0.040625 0.05625
0 0.392188 0.672656 0.04375 0.0515625
0 0.319531 0.614844 0.0421875 0.0546875
0 0.846094 0.457031 0.0453125 0.0609375
0 0.820312 0.607813 0.04375 0.059375
0 0.842969 0.517969 0.0453125 0.0609375
0 0.745313 0.351562 0.046875 0.065625
0 0.482812 0.158594 0.046875 0.0609375
0 0.721875 0.414844 0.04375 0.0578125
0 0.703125 0.617969 0.046875 0.0578125
0 0.2 0.58125 0.040625 0.05
0 0.607813 0.649219 0.04375 0.0578125
0 0.596094 0.41875 0.0484375 0.059375
0 0.678906 0.517187 0.0453125 0.059375
0 0.432813 0.317969 0.04375 0.0609375
0 0.785156 0.623438 0.0453125 0.0625
0 0.467969 0.121094 0.0421875 0.0546875
0 0.271094 0.303125 0.0453125 0.065625
0 0.603125 0.544531 0.046875 0.0578125
0 0.719531 0.717969 0.0390625 0.0515625
0 0.611719 0.282813 0.0484375 0.0625
0 0.425781 0.582812 0.0453125 0.05625
0 0.316406 0.364844 0.0421875 0.0578125
0 0.371094 0.719531 0.0390625 0.0578125
0 0.630469 0.686719 0.0453125 0.0578125
0 0.466406 0.596094 0.0484375 0.0609375
0 0.58125 0.692969 0.04375 0.0546875
0 0.705469 0.667969 0.0421875 0.0515625
0 0.239844 0.378906 0.0390625 0.0515625
0 0.315625 0.241406 0.046875 0.0609375
0 0.194531 0.628125 0.0421875 0.05
0 0.505469 0.0992187 0.0421875 0.0609375
0 0.527344 0.334375 0.0484375 0.059375
0 0.295312 0.56875 0.04375 0.0625
0 0.753906 0.58125 0.0484375 0.059375
0 0.844531 0.5625 0.0421875 0.05625
0 0.428125 0.694531 0.040625 0.0515625
0 0.53125 0.779688 0.04375 0.05625
0 0.31875 0.521875 0.046875 0.05625
0 0.24375 0.545313 0.04375 0.05625
0 0.294531 0.410937 0.0453125 0.0625
0 0.503125 0.217969 0.05 0.0640625
0 0.305469 0.657812 0.0453125 0.05625
0 0.565625 0.230469 0.046875 0.0609375
0 0.219531 0.21875 0.0453125 0.059375
0 0.196094 0.471875 0.0421875 0.0625
0 0.196094 0.321094 0.0421875 0.0640625
0 0.408594 0.73125 0.0359375 0.053125
0 0.357031 0.11875 0.0421875 0.053125
0 0.35625 0.257031 0.046875 0.0609375
0 0.592188 0.486719 0.04375 0.0578125
0 0.553906 0.292969 0.0515625 0.0640625
0 0.498437 0.38125 0.05 0.0625
0 0.35625 0.354688 0.040625 0.05625
0 0.832812 0.3 0.04375 0.0625
0 0.328906 0.705469 0.0421875 0.0515625
0 0.557031 0.382812 0.0453125 0.059375
0 0.342969 0.754687 0.0421875 0.05625
0 0.367969 0.504687 0.0421875 0.053125
0 0.496094 0.560156 0.0453125 0.0578125
0 0.833594 0.747656 0.0359375 0.0578125
0 0.757031 0.683594 0.0453125 0.0609375
0 0.321094 0.307031 0.0484375 0.0640625
0 0.219531 0.273438 0.0453125 0.0625
0 0.507812 0.272656 0.040625 0.0609375
0 0.2625 0.64375 0.040625 0.053125
0 0.482031 0.521875 0.0484375 0.059375
0 0.455469 0.374219 0.0421875 0.0578125
0 0.407031 0.492188 0.0484375 0.059375
0 0.407031 0.185937 0.0453125 0.0625
0 0.307813 0.124219 0.04375 0.0640625
0 0.44375 0.209375 0.05 0.0625
0 0.770312 0.285156 0.04375 0.0640625
0 0.216406 0.15 0.0421875 0.05625
0 0.692969 0.373437 0.0421875 0.059375
0 0.39375 0.621875 0.040625 0.059375
