0 0.277344 0.878125 0.0734375 0.115625
0 0.516406 0.463281 0.0796875 0.0921875
0 0.283594 0.153125 0.0765625 0.115625
0 0.321875 0.350781 0.075 0.114063
0 0.472656 0.264844 0.0734375 0.101562
0 0.649219 0.463281 0.0703125 0.104687
0 0.521875 0.842969 0.078125 0.104687
0 0.45 0.635938 0.078125 0.109375
0 0.197656 0.696875 0.0921875 0.115625
0 0.448438 0.169531 0.084375 0.104687
0 0.621875 0.271094 0.06875 0.110937
0 0.553906 0.200781 0.0765625 0.0921875
0 0.777344 0.765625 0.0734375 0.096875
0 0.364844 0.558594 0.0828125 0.0828125
0 0.703125 0.179688 0.08125 0.103125
0 0.492969 0.377344 0.0796875 0.107813
0 0.41875 0.424219 0.078125 0.0953125
0 0.755469 0.366406 0.0703125 0.117188
0 0.482812 0.739844 0.08125 0.110937
0 0.767969 0.291406 0.0703125 0.101562
0 0.536719 0.55625 0.0765625 0.1
0 0.540625 0.667969 0.075 0.0828125
0 0.583594 0.952344 0.0765625 0.0953125
0 0.550781 0.315625 0.0734375 0.096875
0 0.198437 0.594531 0.0875 0.114063
0 0.785156 0.182031 0.0828125 0.114063
0 0.158594 0.389844 0.0765625 0.0984375
0 0.341406 0.452344 0.0828125 0.0921875
0 0.630469 0.16875 0.0734375 0.115625
0 0.264062 0.444531 0.078125 0.0984375
0 0.792969 0.536719 0.0734375 0.0984375
0 0.222656 0.813281 0.0859375 0.114063
0 0.232812 0.233594 0.08125 0.117188
0 0.391406 0.245312 0.0796875 0.1
0 0.566406 0.7625 0.0828125 0.1
0 0.263281 0.541406 0.0765625 0.0984375
0 0.770312 0.646094 0.078125 0.107813
0 0.428125 0.939062 0.08125 0.1
0 0.396094 0.735937 0.0890625 0.11875
0 0.196875 0.492969 0.075 0.114063
0 0.171094 0.297656 0.0828125 0.101562
0 0.695312 0.564844 0.08125 0.0953125
0 0.440625 0.539062 0.075 0.1
0 0.58125 0.405469 0.08125 0.107813
0 0.308594 0.770312 0.0828125 0.11875
0 0.141406 0.189844 0.0796875 0.104687
0 0.272656 0.671094 0.0796875 0.117188
0 0.20625 0.13125 0.08125 0.115625
0 0.695312 0.26875 0.08125 0.1125
0 0.692969 0.694531 0.0765625 0.117188
0 0.73125 0.472656 0.08125 0.104687
0 0.660937 0.919531 0.08125 0.114063
0 0.310156 0.246094 0.0765625 0.110937
0 0.357031 0.65 0.0828125 0.096875
0 0.659375 0.771094 0.084375 0.110937
0 0.258594 0.332031 0.0828125 0.114063
0 0.597656 0.85625 0.0796875 0.10625
0 0.620313 0.64375 0.078125 0.1125
0 0.507812 0.942969 0.0875 0.114063
0 0.721094 0.835156 0.0828125 0.101562
0 0.617188 0.542969 0.084375 0.101562
0 0.369531 0.842969 0.0765625 0.117188
0 0.657031 0.371094 0.0828125 0.104687
0 0.34375 0.94375 0.0875 0.109375
0 0.445312 0.819531 0.0875 0.110937
