0 0.777344 0.852344 0.0515625 0.0671875
0 0.0632813 0.803125 0.0515625 0.05
0 0.649219 0.528125 0.0515625 0.09375
0 0.25 0.372656 0.046875 0.0671875
0 0.789844 0.901563 0.0546875 0.05
0 0.924219 0.717969 0.0578125 0.0796875
0 0.649219 0.566406 0.0515625 0.0484375
0 0.053125 0.305469 0.053125 0.0734375
0 0.354688 0.478125 0.05 0.059375
0 0.352344 0.640625 0.0484375 0.065625
0 0.745313 0.910937 0.05 0.059375
0 0.974219 0.454688 0.0453125 0.075
0 0.307813 0.778906 0.05625 0.0546875
0 0.792188 0.669531 0.05625 0.0640625
0 0.591406 0.373437 0.0484375 0.071875
0 0.363281 0.746094 0.0453125 0.0546875
0 0.160156 0.717969 0.0328125 0.0515625
0 0.9625 0.384375 0.046875 0.078125
0 0.9 0.448438 0.05 0.06875
0 0.964063 0.616406 0.059375 0.0671875
0 0.896875 0.884375 0.05 0.059375
0 0.7375 0.878906 0.046875 0.0515625
0 0.327344 0.510938 0.0546875 0.065625
0 0.322656 0.3875 0.0421875 0.071875
0 0.609375 0.771875 0.04375 0.059375
0 0.360938 0.705469 0.05 0.0578125
0 0.686719 0.894531 0.0546875 0.0578125
0 0.564844 0.31875 0.0515625 0.078125
0 0.475 0.677344 0.053125 0.0640625
0 0.175 0.560938 0.053125 0.059375
0 0.749219 0.526563 0.0609375 0.075
0 0.321875 0.311719 0.04375 0.0734375
0 0.457031 0.39375 0.0546875 0.075
0 0.482031 0.316406 0.0453125 0.0734375
0 0.161719 0.434375 0.0515625 0.065625
0 0.554688 0.78125 0.053125 0.06875
0 0.13125 0.420312 0.040625 0.05
0 0.255469 0.515625 0.0515625 0.06875
0 0.517187 0.36875 0.05625 0.059375
0 0.866406 0.677344 0.0609375 0.0765625
0 0.511719 0.570312 0.0484375 0.065625
0 0.894531 0.361719 0.0484375 0.0734375
0 0.128125 0.688281 0.05 0.0609375
0 0.646875 0.309375 0.05 0.078125
0 0.592969 0.564062 0.0578125 0.06875
0 0.713281 0.752344 0.0484375 0.0640625
0 0.200781 0.615625 0.0546875 0.065625
0 0.14375 0.36875 0.053125 0.078125
0 0.738281 0.4 0.0578125 0.065625
0 0.660937 0.779688 0.05 0.065625
0 0.323438 0.679688 0.046875 0.053125
0 0.892187 0.807813 0.05 0.0625
0 0.958594 0.751562 0.0546875 0.0625
0 0.175 0.757812 0.053125 0.065625
0 0.43125 0.451562 0.065625 0.078125
0 0.801562 0.764844 0.05 0.0609375
0 0.453906 0.786719 0.0515625 0.0671875
0 0.139844 0.510156 0.0515625 0.0671875
0 0.48125 0.528125 0.053125 0.0625
0 0.782031 0.603125 0.0609375 0.075
0 0.404687 0.504687 0.046875 0.065625
0 0.802344 0.817969 0.0421875 0.0546875
0 0.624219 0.825781 0.0515625 0.0640625
0 0.280469 0.463281 0.0515625 0.0703125
0 0.716406 0.58125 0.0546875 0.065625
0 0.0554687 0.5 0.0515625 0.06875
0 0.555469 0.426562 0.0515625 0.078125
0 0.583594 0.863281 0.0515625 0.0671875
0 0.614844 0.707812 0.0546875 0.065625
0 0.257031 0.663281 0.0421875 0.0640625
0 0.298438 0.644531 0.05 0.0671875
0 0.728906 0.325781 0.0609375 0.0640625
0 0.0835937 0.363281 0.0515625 0.0671875
0 0.649219 0.642969 0.0515625 0.0578125
0 0.424219 0.617969 0.0546875 0.0703125
0 0.369531 0.58125 0.0546875 0.065625
0 0.742188 0.709375 0.053125 0.059375
0 0.532812 0.645312 0.046875 0.06875
0 0.432031 0.328125 0.0515625 0.06875
0 0.366406 0.396094 0.0515625 0.0640625
0 0.521094 0.727344 0.0484375 0.0515625
0 0.264062 0.728906 0.046875 0.0640625
0 0.946875 0.532812 0.0625 0.078125
0 0.853906 0.769531 0.0546875 0.0609375
0 0.841406 0.603125 0.0578125 0.075
0 0.655469 0.44375 0.0578125 0.075
0 0.659375 0.7 0.046875 0.065625
0 0.197656 0.664844 0.0484375 0.0578125
0 0.533594 0.507031 0.0515625 0.0671875
0 0.260938 0.582031 0.053125 0.0671875
0 0.307031 0.578906 0.0515625 0.0671875
0 0.230469 0.549219 0.0390625 0.0609375
0 0.480469 0.621875 0.0546875 0.06875
0 0.815625 0.715625 0.059375 0.065625
0 0.719531 0.463281 0.0609375 0.0640625
0 0.53125 0.811719 0.05 0.0640625
0 0.240625 0.430469 0.053125 0.0640625
0 0.592969 0.478125 0.0671875 0.065625
0 0.792969 0.489062 0.0453125 0.06875
0 0.446875 0.564844 0.046875 0.0671875
0 0.799219 0.270312 0.0703125 0.08125
0 0.7 0.629687 0.05 0.06875
0 0.79375 0.416406 0.059375 0.0703125
0 0.140625 0.645312 0.05 0.059375
0 0.180469 0.514063 0.0515625 0.06875
0 0.5125 0.467187 0.053125 0.06875
0 0.642187 0.899219 0.040625 0.0578125
0 0.583594 0.617969 0.0515625 0.0671875
0 0.116406 0.603125 0.0484375 0.0625
0 0.407813 0.732031 0.05 0.0609375
