0 0.227344 0.457031 0.0296875 0.0484375
0 0.25 0.502344 0.04375 0.0703125
0 0.297656 0.302344 0.0546875 0.0921875
0 0.185156 0.567187 0.0328125 0.078125
0 0.339063 0.692187 0.05625 0.078125
0 0.336719 0.483594 0.0484375 0.0828125
0 0.439844 0.790625 0.0546875 0.08125
0 0.277344 0.234375 0.0390625 0.06875
0 0.385156 0.769531 0.0484375 0.0796875
0 0.477344 0.720312 0.0515625 0.09375
0 0.186719 0.647656 0.0421875 0.0609375
0 0.402344 0.692969 0.0546875 0.0921875
0 0.351562 0.564844 0.053125 0.0796875
0 0.452344 0.641406 0.0546875 0.0828125
0 0.25 0.416406 0.040625 0.0703125
0 0.232031 0.265625 0.0421875 0.071875
0 0.160156 0.60625 0.0359375 0.059375
0 0.263281 0.649219 0.0546875 0.0765625
0 0.261719 0.322656 0.0453125 0.0671875
0 0.65 0.846875 0.075 0.103125
0 0.214844 0.365625 0.0484375 0.075
0 0.284375 0.549219 0.05 0.0796875
0 0.389844 0.471875 0.0546875 0.084375
0 0.299219 0.15625 0.0515625 0.084375
0 0.223438 0.566406 0.04375 0.0671875
0 0.5375 0.771094 0.065625 0.0796875
0 0.485938 0.571875 0.059375 0.0875
0 0.36875 0.325781 0.05 0.0828125
0 0.264062 0.725781 0.04375 0.0671875
0 0.696875 0.505469 0.078125 0.101562
0 0.432813 0.302344 0.059375 0.114063
0 0.521094 0.840625 0.0546875 0.0875
0 0.5375 0.536719 0.05625 0.0953125
0 0.383594 0.250781 0.0546875 0.0859375
0 0.395312 0.60625 0.053125 0.06875
0 0.192969 0.414844 0.0390625 0.0703125
0 0.624219 0.278906 0.0734375 0.114063
0 0.397656 0.142969 0.0609375 0.0796875
0 0.697656 0.407813 0.0828125 0.09375
0 0.560156 0.355469 0.0671875 0.0953125
0 0.353906 0.402344 0.0546875 0.0828125
0 0.308594 0.625781 0.0515625 0.0671875
0 0.291406 0.4625 0.0453125 0.075
0 0.428906 0.199219 0.0609375 0.0890625
0 0.475781 0.470313 0.0671875 0.096875
0 0.510938 0.267188 0.0625 0.096875
0 0.594531 0.586719 0.0671875 0.104687
0 0.535937 0.457812 0.06875 0.09375
0 0.710938 0.814062 0.071875 0.090625
0 0.297656 0.377344 0.0546875 0.0796875
0 0.505469 0.665625 0.0671875 0.096875
0 0.429688 0.402344 0.05625 0.0828125
0 0.578906 0.851562 0.0734375 0.090625
0 0.723437 0.719531 0.08125 0.114063
0 0.703906 0.601562 0.0796875 0.0875
0 0.778125 0.542969 0.075 0.114063
0 0.321094 0.739844 0.0578125 0.0796875
0 0.492969 0.354688 0.0671875 0.096875
0 0.603125 0.754687 0.06875 0.103125
0 0.607813 0.489062 0.075 0.096875
0 0.178906 0.478906 0.0484375 0.0640625
0 0.41875 0.554688 0.0625 0.06875
0 0.321875 0.221875 0.05625 0.075
0 0.580469 0.657031 0.0765625 0.0984375
