0 0.614844 0.505469 0.0296875 0.0546875
0 0.566406 0.580469 0.0359375 0.0484375
0 0.546875 0.578906 0.04375 0.0546875
0 0.460938 0.698438 0.0375 0.053125
0 0.649219 0.238281 0.0359375 0.0515625
0 0.461719 0.835938 0.0359375 0.053125
0 0.585156 0.411719 0.0359375 0.0546875
0 0.635938 0.346875 0.040625 0.059375
0 0.275781 0.853125 0.0484375 0.059375
0 0.604688 0.501562 0.04375 0.05
0 0.439844 0.775781 0.0328125 0.0515625
0 0.249219 0.802344 0.0484375 0.0640625
0 0.396875 0.585938 0.040625 0.0625
0 0.423438 0.889844 0.0375 0.0546875
0 0.304688 0.8875 0.04375 0.059375
0 0.310156 0.557031 0.0484375 0.0578125
0 0.352344 0.432813 0.0453125 0.059375
0 0.605469 0.19375 0.0453125 0.059375
0 0.69375 0.241406 0.04375 0.0546875
0 0.382031 0.51875 0.0421875 0.059375
0 0.684375 0.290625 0.034375 0.053125
0 0.428906 0.290625 0.0453125 0.0625
0 0.527344 0.377344 0.0421875 0.0546875
0 0.35 0.716406 0.046875 0.0609375
0 0.720312 0.353125 0.028125 0.046875
0 0.535156 0.465625 0.0359375 0.053125
0 0.647656 0.299219 0.0328125 0.0515625
0 0.603125 0.363281 0.034375 0.0515625
0 0.28125 0.675781 0.053125 0.0671875
0 0.335938 0.946875 0.046875 0.05625
0 0.461719 0.60625 0.0359375 0.059375
0 0.504687 0.155469 0.040625 0.0609375
0 0.510156 0.217969 0.0453125 0.0640625
0 0.514063 0.721875 0.034375 0.05
0 0.617188 0.290625 0.03125 0.053125
0 0.547656 0.309375 0.0328125 0.059375
0 0.596875 0.251563 0.034375 0.05625
0 0.509375 0.329688 0.0375 0.059375
0 0.478125 0.635938 0.040625 0.05625
0 0.286719 0.942187 0.0453125 0.0625
0 0.560156 0.205469 0.0359375 0.0609375
0 0.417188 0.79375 0.04375 0.05625
0 0.426562 0.842188 0.040625 0.053125
0 0.485938 0.29375 0.04375 0.065625
0 0.223438 0.903125 0.04375 0.0625
0 0.352344 0.778125 0.0453125 0.05625
0 0.480469 0.428125 0.0390625 0.059375
0 0.345313 0.889844 0.04375 0.0546875
0 0.446875 0.658594 0.040625 0.0578125
0 0.482031 0.79375 0.0421875 0.05625
0 0.444531 0.260156 0.0453125 0.0640625
0 0.34375 0.532031 0.046875 0.0734375
0 0.20625 0.717188 0.053125 0.065625
0 0.424219 0.530469 0.0421875 0.0546875
0 0.219531 0.652344 0.0515625 0.0671875
0 0.390625 0.917969 0.040625 0.0515625
0 0.470313 0.195312 0.046875 0.0625
0 0.699219 0.396094 0.0359375 0.0515625
0 0.249219 0.553906 0.0546875 0.0671875
0 0.246875 0.735156 0.05 0.0640625
0 0.653125 0.496094 0.034375 0.0546875
0 0.378906 0.334375 0.0515625 0.0625
0 0.455469 0.53125 0.0359375 0.05
0 0.642187 0.442969 0.03125 0.0484375
0 0.372656 0.653906 0.0453125 0.0546875
0 0.496875 0.583594 0.0375 0.0515625
0 0.557813 0.353906 0.034375 0.0515625
0 0.717969 0.317187 0.0328125 0.05
0 0.30625 0.614844 0.046875 0.0609375
0 0.317187 0.825781 0.046875 0.0640625
0 0.567187 0.146875 0.040625 0.0625
0 0.346094 0.60625 0.0453125 0.0625
0 0.553125 0.421094 0.0375 0.0515625
0 0.534375 0.670313 0.034375 0.05
0 0.382031 0.85625 0.0390625 0.05625
0 0.515625 0.628906 0.034375 0.0515625
0 0.667188 0.396094 0.034375 0.0515625
0 0.325781 0.392188 0.0515625 0.065625
0 0.552344 0.63125 0.0359375 0.053125
0 0.326562 0.66875 0.04375 0.05
0 0.608594 0.548437 0.0359375 0.05
0 0.482031 0.733594 0.0359375 0.0546875
0 0.267188 0.607813 0.05 0.0625
0 0.207813 0.857031 0.05 0.0609375
0 0.592188 0.305469 0.0375 0.0578125
0 0.578125 0.532812 0.034375 0.053125
0 0.544531 0.519531 0.0390625 0.0546875
0 0.360156 0.28125 0.0484375 0.065625
0 0.3 0.767969 0.04375 0.0546875
0 0.380469 0.407031 0.0421875 0.0578125
0 0.63125 0.39375 0.03125 0.05
0 0.521875 0.273438 0.040625 0.0625
0 0.430469 0.73125 0.0421875 0.05625
0 0.417188 0.632812 0.04375 0.05625
0 0.570312 0.455469 0.034375 0.0515625
0 0.516406 0.421094 0.0421875 0.0578125
0 0.564844 0.260156 0.0390625 0.0546875
0 0.503906 0.679688 0.0390625 0.05
0 0.497656 0.53125 0.0390625 0.05625
0 0.357031 0.832031 0.0453125 0.0578125
0 0.395312 0.682031 0.040625 0.0609375
0 0.392188 0.742188 0.0375 0.05625
0 0.454688 0.482812 0.040625 0.05625
0 0.469531 0.357031 0.0421875 0.0609375
0 0.430469 0.367969 0.0453125 0.0578125
0 0.495313 0.480469 0.040625 0.0546875
0 0.44375 0.428906 0.04375 0.0609375
0 0.204688 0.788281 0.05625 0.0671875
0 0.679688 0.436719 0.03125 0.0484375
0 0.428906 0.572656 0.0359375 0.0546875
0 0.29375 0.707031 0.04375 0.0515625
0 0.607031 0.446875 0.0359375 0.05625
0 0.392969 0.4625 0.0453125 0.0625
0 0.66875 0.336719 0.034375 0.0546875
