0 0.520312 0.554688 0.0875 0.11875
0 0.846875 0.536719 0.0875 0.114063
0 0.766406 0.564062 0.0671875 0.115625
0 0.596875 0.550781 0.084375 0.0984375
0 0.678906 0.75625 0.0859375 0.090625
0 0.58125 0.44375 0.096875 0.109375
0 0.897656 0.6125 0.0734375 0.1
0 0.870313 0.345313 0.0875 0.134375
0 0.648438 0.624219 0.078125 0.129688
0 0.678906 0.452344 0.0796875 0.129688
0 0.817187 0.464844 0.0875 0.110937
0 0.426562 0.453906 0.078125 0.126563
0 0.746875 0.386719 0.090625 0.110937
0 0.792188 0.766406 0.075 0.107813
0 0.151562 0.785156 0.103125 0.117188
0 0.738281 0.514063 0.0828125 0.10625
0 0.916406 0.497656 0.0734375 0.101562
0 0.482812 0.733594 0.1 0.120312
0 0.532031 0.645312 0.0984375 0.109375
0 0.724219 0.65625 0.0984375 0.1125
0 0.811719 0.639063 0.0828125 0.109375
0 0.44375 0.65625 0.09375 0.096875
0 0.853125 0.695312 0.078125 0.10625
0 0.299219 0.778906 0.0890625 0.129688
0 0.771094 0.235156 0.0828125 0.110937
0 0.247656 0.569531 0.101562 0.107813
0 0.642187 0.153906 0.0875 0.117188
0 0.191406 0.349219 0.114063 0.129688
0 0.170312 0.482812 0.103125 0.153125
0 0.382031 0.710156 0.0921875 0.120312
0 0.603125 0.307813 0.1 0.11875
0 0.58125 0.723437 0.08125 0.096875
0 0.150781 0.63125 0.110937 0.121875
0 0.3125 0.330469 0.128125 0.145313
0 0.236719 0.696875 0.0953125 0.109375
0 0.314844 0.639844 0.0890625 0.110937
0 0.344531 0.535156 0.101562 0.114063
0 0.688281 0.282813 0.0890625 0.115625
0 0.49375 0.357812 0.109375 0.125
0 0.514844 0.21875 0.107813 0.1375
0 0.432031 0.185937 0.107813 0.125
0 0.408594 0.338281 0.0984375 0.117188
0 0.282813 0.445312 0.103125 0.11875
