0 0.666406 0.758594 0.0421875 0.0578125
0 0.670313 0.780469 0.046875 0.0609375
0 0.442187 0.825781 0.034375 0.0390625
0 0.142188 0.678125 0.04375 0.05
0 0.100781 0.346094 0.0515625 0.0765625
0 0.83125 0.682031 0.040625 0.0546875
0 0.869531 0.233594 0.0453125 0.0640625
0 0.920313 0.428125 0.04375 0.05625
0 0.277344 0.2875 0.0515625 0.065625
0 0.474219 0.561719 0.0421875 0.0609375
0 0.321094 0.885156 0.0359375 0.0390625
0 0.439063 0.789062 0.040625 0.04375
0 0.796875 0.414844 0.046875 0.0671875
0 0.116406 0.416406 0.0578125 0.0640625
0 0.897656 0.389844 0.0453125 0.0671875
0 0.717969 0.689062 0.0421875 0.04375
0 0.846875 0.289062 0.046875 0.065625
0 0.238281 0.932031 0.0484375 0.0546875
0 0.634375 0.547656 0.05 0.0578125
0 0.817969 0.632812 0.0515625 0.05625
0 0.430469 0.154687 0.0484375 0.08125
0 0.1875 0.423438 0.053125 0.0625
0 0.523438 0.650781 0.046875 0.0640625
0 0.600781 0.5875 0.0515625 0.0625
0 0.638281 0.384375 0.0421875 0.065625
0 0.289062 0.425 0.05 0.0625
0 0.8125 0.460156 0.04375 0.0515625
0 0.311719 0.547656 0.0484375 0.0578125
0 0.854688 0.573438 0.05 0.065625
0 0.498437 0.121875 0.046875 0.08125
0 0.551562 0.195312 0.053125 0.0625
0 0.148438 0.790625 0.053125 0.0625
0 0.274219 0.217969 0.0484375 0.0734375
0 0.239063 0.452344 0.040625 0.0546875
0 0.126563 0.48125 0.05625 0.071875
0 0.0882813 0.654688 0.0546875 0.0625
0 0.257031 0.517969 0.0484375 0.0671875
0 0.209375 0.321094 0.04375 0.0734375
0 0.714844 0.653125 0.0515625 0.0625
0 0.876562 0.450781 0.05 0.0609375
0 0.448438 0.3625 0.05 0.065625
0 0.271094 0.639063 0.0453125 0.0625
0 0.242969 0.397656 0.0515625 0.0640625
0 0.364062 0.599219 0.053125 0.0671875
0 0.39375 0.817187 0.05 0.0625
0 0.75 0.261719 0.053125 0.0640625
0 0.664062 0.709375 0.05 0.059375
0 0.322656 0.327344 0.0546875 0.0734375
0 0.185937 0.567187 0.05 0.06875
0 0.404687 0.292969 0.05 0.0671875
0 0.463281 0.736719 0.0515625 0.0609375
0 0.1 0.585938 0.040625 0.065625
0 0.132031 0.544531 0.0515625 0.0640625
0 0.479688 0.497656 0.046875 0.0609375
0 0.285937 0.703906 0.05 0.0640625
0 0.314844 0.180469 0.0453125 0.0734375
0 0.220313 0.247656 0.053125 0.0765625
0 0.735156 0.329688 0.0484375 0.06875
0 0.517187 0.244531 0.05 0.0671875
0 0.829687 0.501562 0.04375 0.05625
0 0.479688 0.200781 0.05625 0.0703125
0 0.157813 0.297656 0.05 0.0765625
0 0.425781 0.894531 0.0453125 0.0546875
0 0.592188 0.164062 0.046875 0.078125
0 0.345313 0.453125 0.040625 0.059375
0 0.589063 0.816406 0.046875 0.0546875
0 0.690625 0.353906 0.046875 0.0609375
0 0.383594 0.167969 0.0515625 0.0703125
0 0.442187 0.248437 0.053125 0.065625
0 0.983594 0.439063 0.0328125 0.05625
0 0.6625 0.250781 0.05625 0.0703125
0 0.240625 0.802344 0.053125 0.0609375
0 0.480469 0.626562 0.0515625 0.065625
0 0.398438 0.645312 0.046875 0.0625
0 0.102344 0.703906 0.0484375 0.0546875
0 0.300781 0.49375 0.0546875 0.06875
0 0.502344 0.389062 0.0515625 0.06875
0 0.347656 0.853906 0.0484375 0.0578125
0 0.754687 0.192969 0.053125 0.0703125
0 0.417969 0.755469 0.0453125 0.0546875
0 0.569531 0.738281 0.0484375 0.0609375
0 0.373437 0.919531 0.04375 0.0609375
0 0.945312 0.327344 0.04375 0.0671875
0 0.596094 0.23125 0.0484375 0.06875
0 0.599219 0.682031 0.0453125 0.0609375
0 0.791406 0.515625 0.0515625 0.065625
0 0.157813 0.366406 0.05 0.0703125
0 0.377344 0.51875 0.0484375 0.071875
0 0.645312 0.177344 0.053125 0.0703125
0 0.826563 0.214844 0.053125 0.0703125
0 0.832812 0.351562 0.05 0.0625
0 0.682813 0.425 0.053125 0.06875
0 0.649219 0.31875 0.0484375 0.071875
0 0.595312 0.489844 0.05 0.0640625
0 0.263281 0.578906 0.0484375 0.0578125
0 0.46875 0.307031 0.053125 0.0734375
0 0.696094 0.290625 0.0484375 0.065625
0 0.732031 0.524219 0.0515625 0.0671875
0 0.760156 0.475781 0.0453125 0.0609375
0 0.335156 0.680469 0.0515625 0.0640625
0 0.672656 0.634375 0.0453125 0.05625
0 0.621875 0.717188 0.04375 0.0625
0 0.849219 0.41875 0.0515625 0.0625
0 0.808594 0.571094 0.0453125 0.0609375
0 0.523438 0.328906 0.05 0.0671875
0 0.31875 0.253906 0.05 0.0671875
0 0.36875 0.235156 0.053125 0.0734375
0 0.903906 0.55625 0.0484375 0.059375
0 0.679688 0.575 0.046875 0.05625
0 0.389062 0.351562 0.059375 0.065625
0 0.514844 0.71875 0.0484375 0.059375
0 0.729688 0.740625 0.046875 0.05625
0 0.354688 0.795313 0.046875 0.053125
0 0.683594 0.155469 0.0484375 0.0640625
0 0.789844 0.303125 0.0515625 0.06875
0 0.192188 0.817187 0.046875 0.053125
0 0.574219 0.644531 0.0484375 0.0640625
0 0.705469 0.217187 0.0515625 0.06875
0 0.345313 0.740625 0.04375 0.059375
0 0.769531 0.377344 0.0515625 0.0640625
0 0.603906 0.879687 0.0453125 0.053125
0 0.496094 0.764063 0.0453125 0.053125
0 0.719531 0.591406 0.0453125 0.0578125
0 0.538281 0.771094 0.0453125 0.0578125
0 0.419531 0.604688 0.0515625 0.06875
0 0.523438 0.515625 0.05 0.065625
0 0.553125 0.39375 0.053125 0.06875
0 0.73125 0.404687 0.046875 0.0625
0 0.609375 0.429688 0.05 0.065625
0 0.55625 0.278125 0.046875 0.065625
0 0.421094 0.54375 0.0484375 0.059375
0 0.709375 0.466406 0.046875 0.0609375
0 0.873438 0.505469 0.05 0.0578125
0 0.684375 0.514844 0.046875 0.0640625
0 0.483594 0.877344 0.0421875 0.0546875
0 0.596875 0.30625 0.046875 0.065625
0 0.621875 0.635938 0.053125 0.06875
0 0.555469 0.69375 0.0484375 0.05625
0 0.392969 0.440625 0.0515625 0.075
0 0.646094 0.465625 0.0484375 0.0625
0 0.189063 0.490625 0.053125 0.071875
0 0.721094 0.801562 0.0515625 0.0625
0 0.557813 0.470313 0.046875 0.0625
0 0.233594 0.842969 0.0453125 0.0484375
0 0.221875 0.607813 0.046875 0.0625
0 0.234375 0.654688 0.046875 0.059375
0 0.215625 0.735937 0.05625 0.06875
0 0.157031 0.6125 0.0546875 0.065625
0 0.307813 0.817187 0.046875 0.05625
0 0.557031 0.545313 0.0484375 0.065625
0 0.558594 0.880469 0.0453125 0.0546875
0 0.483594 0.813281 0.0421875 0.0578125
0 0.0820312 0.509375 0.0515625 0.06875
0 0.278906 0.769531 0.0515625 0.0609375
0 0.769531 0.689844 0.0484375 0.0640625
0 0.596094 0.765625 0.0453125 0.059375
0 0.517969 0.582812 0.0515625 0.065625
0 0.892187 0.31875 0.05 0.065625
0 0.932813 0.478125 0.046875 0.065625
0 0.384375 0.725781 0.053125 0.0671875
0 0.428125 0.489062 0.053125 0.071875
0 0.342969 0.390625 0.0546875 0.06875
0 0.75625 0.628906 0.04375 0.0578125
0 0.490625 0.692969 0.05 0.0609375
0 0.519531 0.817969 0.0390625 0.0546875
0 0.507031 0.453906 0.0515625 0.0671875
0 0.763281 0.569531 0.0484375 0.0640625
0 0.3125 0.604688 0.05 0.065625
0 0.279687 0.349219 0.04375 0.0578125
0 0.438281 0.696094 0.0578125 0.0703125
0 0.642187 0.852344 0.04375 0.0546875
0 0.278906 0.869531 0.0546875 0.0640625
0 0.161719 0.74375 0.0515625 0.065625
0 0.445312 0.432031 0.053125 0.0671875
0 0.392969 0.873438 0.0453125 0.059375
