0 0.807031 0.819531 0.0453125 0.0546875
0 0.808594 0.827344 0.0328125 0.0390625
0 0.425 0.700781 0.04375 0.0484375
0 0.6125 0.827344 0.040625 0.0546875
0 0.822656 0.592188 0.0421875 0.05
0 0.239063 0.76875 0.04375 0.053125
0 0.824219 0.725781 0.0421875 0.0453125
0 0.785156 0.749219 0.0359375 0.0453125
0 0.804688 0.401563 0.046875 0.05625
0 0.648438 0.622656 0.04375 0.0578125
0 0.482031 0.617969 0.0484375 0.0515625
0 0.440625 0.789844 0.040625 0.0453125
0 0.489062 0.841406 0.0375 0.0484375
0 0.607031 0.280469 0.0515625 0.0640625
0 0.160938 0.715625 0.040625 0.05625
0 0.646094 0.688281 0.0453125 0.0546875
0 0.297656 0.714063 0.0421875 0.05
0 0.610156 0.722656 0.0421875 0.0515625
0 0.814844 0.670313 0.0421875 0.05
0 0.678906 0.802344 0.0390625 0.0453125
0 0.625 0.392188 0.05 0.065625
0 0.557813 0.628125 0.046875 0.05
0 0.276563 0.759375 0.04375 0.053125
0 0.714844 0.791406 0.0359375 0.0390625
0 0.646094 0.184375 0.0421875 0.0625
0 0.736719 0.508594 0.0421875 0.0515625
0 0.176563 0.465625 0.04375 0.053125
0 0.308594 0.669531 0.0453125 0.0515625
0 0.135937 0.667188 0.040625 0.053125
0 0.347656 0.65 0.0421875 0.05625
0 0.214062 0.45 0.04375 0.05
0 0.530469 0.844531 0.0390625 0.0453125
0 0.4375 0.351562 0.05 0.065625
0 0.799219 0.641406 0.0421875 0.0515625
0 0.154687 0.771094 0.04375 0.0515625
0 0.376563 0.24375 0.05 0.065625
0 0.459375 0.745313 0.04375 0.059375
0 0.716406 0.670313 0.0421875 0.05
0 0.260156 0.575781 0.0421875 0.0546875
0 0.271094 0.489844 0.0484375 0.0609375
0 0.715625 0.351562 0.04375 0.0625
0 0.246094 0.4375 0.0453125 0.059375
0 0.735937 0.7125 0.040625 0.05625
0 0.734375 0.844531 0.040625 0.0515625
0 0.828906 0.503125 0.0453125 0.05625
0 0.189063 0.678906 0.04375 0.0453125
0 0.628125 0.766406 0.0375 0.0484375
0 0.821094 0.560156 0.0453125 0.0578125
0 0.209375 0.402344 0.046875 0.0546875
0 0.144531 0.589844 0.0390625 0.0546875
0 0.453906 0.653906 0.0453125 0.0546875
0 0.578906 0.479688 0.0484375 0.05625
0 0.683594 0.701563 0.0421875 0.04375
0 0.227344 0.661719 0.0453125 0.0515625
0 0.485156 0.335938 0.0421875 0.05625
0 0.757031 0.38125 0.0390625 0.05625
0 0.5375 0.441406 0.046875 0.0578125
0 0.46875 0.592969 0.04375 0.0515625
0 0.674219 0.429688 0.0390625 0.04375
0 0.7375 0.258594 0.046875 0.0640625
0 0.692969 0.600781 0.0421875 0.0453125
0 0.178125 0.549219 0.04375 0.0546875
0 0.653125 0.501562 0.05 0.0625
0 0.471094 0.685156 0.0421875 0.0546875
0 0.667188 0.759375 0.040625 0.05
0 0.433594 0.439844 0.0390625 0.0515625
0 0.2375 0.321875 0.053125 0.065625
0 0.517187 0.702344 0.040625 0.0484375
0 0.417188 0.736719 0.040625 0.0453125
0 0.417188 0.825 0.040625 0.04375
0 0.301562 0.794531 0.04375 0.0421875
0 0.496094 0.767187 0.0390625 0.05
0 0.590625 0.78125 0.0375 0.046875
0 0.771875 0.84375 0.04375 0.046875
0 0.413281 0.642187 0.0421875 0.05
0 0.772656 0.782812 0.0421875 0.046875
0 0.699219 0.745313 0.0390625 0.046875
0 0.732031 0.61875 0.0484375 0.0625
0 0.657812 0.277344 0.046875 0.0609375
0 0.680469 0.521875 0.0515625 0.059375
0 0.632812 0.439844 0.04375 0.0578125
0 0.589063 0.429688 0.046875 0.0625
0 0.533594 0.594531 0.0421875 0.0546875
0 0.760938 0.657031 0.040625 0.0578125
0 0.64375 0.807031 0.0375 0.0484375
0 0.54375 0.299219 0.046875 0.0609375
0 0.303906 0.591406 0.0453125 0.0546875
0 0.226562 0.55625 0.04375 0.05625
0 0.524219 0.240625 0.0546875 0.06875
0 0.282031 0.317187 0.0484375 0.0625
0 0.403906 0.766406 0.0359375 0.0453125
0 0.659375 0.567969 0.04375 0.0546875
0 0.646875 0.339844 0.05 0.0640625
0 0.533594 0.749219 0.0390625 0.0546875
0 0.502344 0.492188 0.0453125 0.05625
0 0.166406 0.398438 0.0484375 0.059375
0 0.455469 0.403125 0.0453125 0.059375
0 0.321875 0.753125 0.0375 0.05
0 0.317969 0.477344 0.0453125 0.0578125
0 0.55625 0.396875 0.05 0.0625
0 0.508594 0.653125 0.0421875 0.05625
0 0.332031 0.426562 0.0421875 0.05625
0 0.376563 0.445312 0.053125 0.0625
0 0.196094 0.767187 0.0390625 0.05
0 0.338281 0.794531 0.0390625 0.0453125
0 0.603125 0.208594 0.05 0.0640625
0 0.192188 0.641406 0.040625 0.0484375
0 0.382031 0.720312 0.0421875 0.046875
0 0.583594 0.592969 0.0421875 0.0546875
0 0.74375 0.754687 0.0375 0.046875
0 0.455469 0.225 0.0515625 0.06875
0 0.479688 0.796094 0.0375 0.0484375
0 0.609375 0.648438 0.05 0.053125
0 0.741406 0.558594 0.0421875 0.0546875
0 0.327344 0.330469 0.0515625 0.0671875
0 0.454688 0.842188 0.040625 0.05
0 0.38125 0.804688 0.040625 0.046875
0 0.371094 0.607031 0.0390625 0.0546875
0 0.348437 0.691406 0.0375 0.0453125
0 0.704687 0.564062 0.05 0.05625
0 0.184375 0.354688 0.046875 0.05625
0 0.369531 0.502344 0.0453125 0.0578125
0 0.478125 0.291406 0.05 0.0609375
0 0.567187 0.73125 0.04375 0.05
0 0.69375 0.842969 0.04375 0.0484375
0 0.60625 0.517969 0.04375 0.0609375
0 0.54375 0.692969 0.040625 0.0515625
0 0.35 0.56875 0.040625 0.046875
0 0.33125 0.260938 0.053125 0.065625
0 0.592969 0.344531 0.0484375 0.0609375
0 0.407031 0.390625 0.0484375 0.0625
0 0.360938 0.38125 0.04375 0.065625
0 0.56875 0.817187 0.04375 0.05625
0 0.221094 0.710938 0.0453125 0.05625
0 0.1875 0.595312 0.04375 0.05
0 0.572656 0.542969 0.0421875 0.0546875
0 0.282813 0.632812 0.04375 0.059375
0 0.70625 0.46875 0.04375 0.053125
0 0.54375 0.51875 0.04375 0.053125
0 0.214844 0.5 0.0453125 0.05625
0 0.780469 0.578906 0.0421875 0.0546875
0 0.69375 0.316406 0.053125 0.0609375
0 0.182812 0.301562 0.046875 0.0625
0 0.51875 0.807813 0.04375 0.05625
0 0.332812 0.528906 0.04375 0.0515625
0 0.682031 0.658594 0.0421875 0.0546875
0 0.729688 0.411719 0.05 0.0640625
0 0.3875 0.558594 0.05 0.0578125
0 0.758594 0.461719 0.0484375 0.0609375
0 0.291406 0.436719 0.0421875 0.0609375
0 0.479688 0.448438 0.05 0.0625
0 0.592188 0.692187 0.040625 0.05
0 0.807031 0.7625 0.0390625 0.04375
0 0.755469 0.334375 0.0484375 0.059375
0 0.382031 0.679688 0.0390625 0.05
0 0.671094 0.384375 0.0484375 0.0625
0 0.78125 0.523438 0.053125 0.059375
0 0.50625 0.399219 0.05 0.0609375
0 0.242188 0.384375 0.05 0.0625
0 0.365625 0.763281 0.0375 0.0515625
0 0.804688 0.460156 0.04375 0.0578125
0 0.385938 0.33125 0.05 0.0625
0 0.25625 0.694531 0.040625 0.0515625
0 0.230469 0.607031 0.0421875 0.0515625
0 0.817969 0.358594 0.0484375 0.0640625
0 0.292969 0.533594 0.0421875 0.0546875
0 0.507812 0.558594 0.046875 0.0609375
0 0.414062 0.28125 0.053125 0.065625
0 0.532812 0.357812 0.05 0.059375
0 0.420312 0.585938 0.04375 0.05625
0 0.294531 0.385938 0.0515625 0.0625
