0 0.153906 0.465625 0.0359375 0.04375
0 0.288281 0.453125 0.0453125 0.053125
0 0.184375 0.494531 0.046875 0.0609375
0 0.622656 0.670313 0.0515625 0.065625
0 0.475781 0.382812 0.0546875 0.071875
0 0.711719 0.347656 0.0484375 0.0609375
0 0.55 0.434375 0.053125 0.0625
0 0.169531 0.517969 0.0453125 0.0578125
0 0.572656 0.605469 0.0453125 0.0640625
0 0.589844 0.4625 0.0515625 0.065625
0 0.428125 0.775 0.05 0.04375
0 0.473437 0.709375 0.04375 0.0625
0 0.617188 0.310937 0.046875 0.065625
0 0.736719 0.414844 0.0515625 0.0671875
0 0.717969 0.467187 0.0484375 0.065625
0 0.132812 0.746094 0.046875 0.0609375
0 0.30625 0.421094 0.046875 0.0671875
0 0.539844 0.239063 0.0640625 0.08125
0 0.226562 0.364844 0.05 0.0640625
0 0.345313 0.629687 0.046875 0.05625
0 0.415625 0.257031 0.05625 0.0640625
0 0.15625 0.359375 0.046875 0.0625
0 0.81875 0.192969 0.071875 0.120312
0 0.144531 0.590625 0.0515625 0.065625
0 0.35625 0.692969 0.05 0.0640625
0 0.4875 0.541406 0.05 0.0609375
0 0.35625 0.523438 0.05 0.0625
0 0.20625 0.626562 0.046875 0.059375
0 0.504687 0.41875 0.05 0.065625
0 0.207813 0.550781 0.05 0.0671875
0 0.621875 0.59375 0.046875 0.0625
0 0.542188 0.380469 0.05625 0.0640625
0 0.776563 0.592969 0.05625 0.0640625
0 0.639844 0.491406 0.0515625 0.0703125
0 0.555469 0.3 0.0515625 0.06875
0 0.694531 0.525781 0.0484375 0.0671875
0 0.672656 0.341406 0.0515625 0.0703125
0 0.528906 0.497656 0.0515625 0.0671875
0 0.11875 0.61875 0.046875 0.05625
0 0.667969 0.578125 0.0515625 0.0625
0 0.357031 0.372656 0.0515625 0.0671875
0 0.703125 0.654688 0.05 0.0625
0 0.292188 0.634375 0.053125 0.0625
0 0.442187 0.442187 0.053125 0.06875
0 0.444531 0.553906 0.0453125 0.0578125
0 0.182031 0.577344 0.0453125 0.0609375
0 0.589063 0.396094 0.05625 0.0703125
0 0.236719 0.503906 0.0546875 0.0703125
0 0.269531 0.392188 0.0484375 0.065625
0 0.4875 0.478125 0.053125 0.06875
0 0.532812 0.620313 0.053125 0.065625
0 0.232031 0.438281 0.0484375 0.0671875
0 0.634375 0.43125 0.05625 0.059375
0 0.573438 0.667188 0.040625 0.059375
0 0.191406 0.321094 0.0546875 0.0703125
0 0.391406 0.428906 0.0546875 0.0703125
0 0.388281 0.645312 0.0453125 0.065625
0 0.657812 0.640625 0.05 0.06875
0 0.542969 0.566406 0.0546875 0.0703125
0 0.517969 0.692969 0.0484375 0.0609375
0 0.445312 0.324219 0.05 0.0671875
0 0.16875 0.43125 0.053125 0.06875
0 0.796875 0.532031 0.05 0.0671875
0 0.379687 0.308594 0.05625 0.0578125
0 0.233594 0.28125 0.0484375 0.065625
0 0.271094 0.688281 0.0453125 0.0578125
0 0.757812 0.48125 0.05 0.065625
0 0.333594 0.467969 0.0515625 0.0671875
0 0.4375 0.507812 0.053125 0.065625
0 0.435937 0.679688 0.046875 0.053125
0 0.325 0.567187 0.053125 0.065625
0 0.757031 0.650781 0.0515625 0.0640625
0 0.233594 0.604688 0.0484375 0.0625
0 0.808594 0.472656 0.0515625 0.0671875
0 0.736719 0.546094 0.0484375 0.0640625
0 0.228125 0.679688 0.040625 0.05
0 0.684375 0.402344 0.05 0.0671875
0 0.40625 0.713281 0.046875 0.0609375
0 0.390625 0.494531 0.05625 0.0734375
0 0.407813 0.365625 0.05 0.06875
0 0.379687 0.758594 0.05 0.0578125
0 0.325781 0.757812 0.0515625 0.065625
0 0.482031 0.595312 0.0515625 0.065625
0 0.365625 0.6 0.053125 0.065625
0 0.6 0.55625 0.05 0.06875
0 0.724219 0.603906 0.0515625 0.0671875
0 0.319531 0.676562 0.0421875 0.05625
0 0.475781 0.654688 0.0515625 0.065625
0 0.301562 0.508594 0.053125 0.0640625
0 0.426562 0.633594 0.053125 0.0609375
0 0.271875 0.55625 0.05 0.0625
0 0.307813 0.335156 0.053125 0.0671875
0 0.394531 0.557813 0.0515625 0.0625
0 0.261719 0.329688 0.0515625 0.06875
