0 0.501562 0.835938 0.04375 0.040625
0 0.327344 0.804688 0.0484375 0.0625
0 0.452344 0.663281 0.0421875 0.0421875
0 0.314063 0.614844 0.05 0.0609375
0 0.797656 0.457031 0.0265625 0.0359375
0 0.348437 0.498437 0.05 0.065625
0 0.220313 0.560156 0.040625 0.0578125
0 0.3375 0.674219 0.04375 0.0515625
0 0.722656 0.507031 0.0453125 0.0484375
0 0.726562 0.339844 0.046875 0.0609375
0 0.648438 0.335156 0.04375 0.0546875
0 0.248437 0.539062 0.05 0.0625
0 0.4375 0.749219 0.05 0.0578125
0 0.600781 0.351562 0.0484375 0.0625
0 0.460156 0.396094 0.0390625 0.0578125
0 0.460156 0.199219 0.0421875 0.0515625
0 0.613281 0.519531 0.0515625 0.0578125
0 0.308594 0.642187 0.0421875 0.05
0 0.339844 0.595312 0.0515625 0.065625
0 0.539844 0.689844 0.0453125 0.0609375
0 0.664062 0.701563 0.04375 0.05625
0 0.666406 0.571875 0.0515625 0.053125
0 0.323438 0.364062 0.046875 0.065625
0 0.788281 0.403906 0.0390625 0.0609375
0 0.536719 0.5625 0.0484375 0.0625
0 0.770312 0.328125 0.046875 0.0625
0 0.417188 0.473437 0.046875 0.05
0 0.3375 0.265625 0.05 0.0625
0 0.678906 0.613281 0.0453125 0.0546875
0 0.548437 0.446094 0.04375 0.0609375
0 0.546875 0.624219 0.046875 0.0609375
0 0.485938 0.583594 0.0375 0.0578125
0 0.674219 0.382031 0.0484375 0.0609375
0 0.753125 0.564844 0.046875 0.0609375
0 0.547656 0.915625 0.0390625 0.059375
0 0.767187 0.440625 0.046875 0.0625
0 0.610156 0.928906 0.0421875 0.0578125
0 0.528906 0.2375 0.0484375 0.065625
0 0.470313 0.324219 0.04375 0.0640625
0 0.808594 0.367969 0.0421875 0.0609375
0 0.411719 0.646875 0.0453125 0.05625
0 0.577344 0.702344 0.0421875 0.0578125
0 0.828125 0.500781 0.046875 0.0546875
0 0.632031 0.215625 0.0453125 0.05625
0 0.89375 0.542188 0.04375 0.059375
0 0.357812 0.405469 0.046875 0.0640625
0 0.232812 0.853906 0.046875 0.0515625
0 0.642187 0.645312 0.05 0.05
0 0.563281 0.390625 0.0484375 0.065625
0 0.452344 0.549219 0.0453125 0.0609375
0 0.410156 0.192188 0.0484375 0.065625
0 0.778125 0.503125 0.04375 0.059375
0 0.607031 0.834375 0.0359375 0.05625
0 0.321875 0.539062 0.05 0.065625
0 0.874219 0.419531 0.0484375 0.0609375
0 0.407813 0.367969 0.046875 0.0546875
0 0.192188 0.471875 0.04375 0.059375
0 0.490625 0.267188 0.046875 0.05625
0 0.467187 0.847656 0.046875 0.0609375
0 0.386719 0.819531 0.0484375 0.0640625
0 0.588281 0.641406 0.0453125 0.0546875
0 0.591406 0.299219 0.0484375 0.0609375
0 0.171094 0.519531 0.0421875 0.0578125
0 0.332031 0.733594 0.0453125 0.0609375
0 0.839844 0.455469 0.0421875 0.0546875
0 0.579687 0.829687 0.040625 0.05625
0 0.909375 0.496094 0.05 0.0609375
0 0.217187 0.505469 0.046875 0.0546875
0 0.49375 0.472656 0.04375 0.0609375
0 0.371875 0.23125 0.046875 0.065625
0 0.236719 0.383594 0.0421875 0.0546875
0 0.513281 0.345313 0.0484375 0.05625
0 0.508594 0.182031 0.0453125 0.0609375
0 0.278125 0.46875 0.05 0.05625
0 0.673437 0.305469 0.05 0.0609375
0 0.295312 0.741406 0.040625 0.0546875
0 0.605469 0.158594 0.0453125 0.0578125
0 0.220313 0.442187 0.04375 0.0625
0 0.453906 0.621875 0.0515625 0.0625
0 0.370313 0.635938 0.046875 0.0625
0 0.792188 0.553125 0.04375 0.0625
0 0.282031 0.577344 0.0421875 0.0515625
0 0.680469 0.515625 0.0484375 0.0625
0 0.230469 0.650781 0.0484375 0.0609375
0 0.517969 0.889844 0.0453125 0.0546875
0 0.582031 0.778125 0.0453125 0.05625
0 0.542188 0.13125 0.046875 0.059375
0 0.584375 0.249219 0.053125 0.0703125
0 0.735937 0.628125 0.05 0.065625
0 0.607031 0.6 0.0453125 0.0625
0 0.670313 0.440625 0.05 0.059375
0 0.317969 0.305469 0.0453125 0.0578125
0 0.628125 0.467187 0.05 0.065625
0 0.267188 0.274219 0.04375 0.0640625
0 0.295312 0.832812 0.05 0.05625
0 0.39375 0.742188 0.04375 0.05
0 0.816406 0.307813 0.0453125 0.05625
0 0.619531 0.710938 0.0453125 0.065625
0 0.38125 0.540625 0.053125 0.065625
0 0.264844 0.347656 0.0421875 0.0609375
0 0.285156 0.694531 0.0515625 0.0640625
0 0.394531 0.310937 0.0484375 0.05625
0 0.274219 0.40625 0.0421875 0.053125
0 0.520312 0.411719 0.05 0.0609375
0 0.182031 0.703906 0.0484375 0.0640625
0 0.344531 0.842969 0.0453125 0.0546875
0 0.53125 0.50625 0.053125 0.065625
0 0.403906 0.857031 0.0453125 0.0546875
0 0.492969 0.525781 0.0421875 0.0546875
0 0.392969 0.696094 0.0453125 0.0546875
0 0.492969 0.705469 0.0390625 0.0546875
0 0.532031 0.7375 0.0453125 0.05625
0 0.557813 0.333594 0.046875 0.0640625
0 0.492188 0.755469 0.040625 0.0515625
0 0.417188 0.421875 0.04375 0.065625
0 0.419531 0.584375 0.0484375 0.059375
0 0.44375 0.283594 0.046875 0.0671875
0 0.317187 0.421875 0.040625 0.059375
0 0.444531 0.796875 0.0453125 0.0625
