0 0.55 0.734375 0.04375 0.059375
0 0.684375 0.730469 0.053125 0.0734375
0 0.428906 0.753125 0.0515625 0.05625
0 0.346875 0.171875 0.046875 0.059375
0 0.605469 0.246094 0.0578125 0.0578125
0 0.634375 0.614844 0.04375 0.0609375
0 0.440625 0.783594 0.0375 0.0421875
0 0.374219 0.446875 0.0453125 0.0625
0 0.697656 0.827344 0.0453125 0.0578125
0 0.738281 0.335156 0.0421875 0.0578125
0 0.721094 0.747656 0.0328125 0.0421875
0 0.432813 0.501562 0.05 0.053125
0 0.198437 0.360156 0.04375 0.0671875
0 0.722656 0.592969 0.0453125 0.0671875
0 0.229687 0.222656 0.05 0.0578125
0 0.163281 0.4625 0.0515625 0.065625
0 0.550781 0.2125 0.0421875 0.059375
0 0.710156 0.398438 0.0453125 0.0625
0 0.185156 0.275 0.0453125 0.071875
0 0.121094 0.692187 0.0390625 0.05
0 0.685156 0.79375 0.0453125 0.059375
0 0.508594 0.800781 0.0453125 0.0640625
0 0.361719 0.699219 0.0515625 0.0640625
0 0.436719 0.185937 0.0421875 0.053125
0 0.278906 0.677344 0.0484375 0.0546875
0 0.600781 0.5625 0.0515625 0.0625
0 0.4875 0.202344 0.05625 0.0578125
0 0.345313 0.228906 0.04375 0.0546875
0 0.278906 0.625 0.0484375 0.06875
0 0.192188 0.840625 0.05625 0.059375
0 0.653125 0.4625 0.046875 0.053125
0 0.102344 0.576563 0.0484375 0.0625
0 0.103125 0.6375 0.05 0.0625
0 0.251563 0.489062 0.053125 0.065625
0 0.571094 0.404687 0.0453125 0.0625
0 0.510156 0.266406 0.0421875 0.0578125
0 0.246094 0.326562 0.0421875 0.0625
0 0.696875 0.292188 0.0375 0.059375
0 0.429688 0.427344 0.046875 0.0671875
0 0.56875 0.269531 0.046875 0.0609375
0 0.5 0.571094 0.05 0.0640625
0 0.321094 0.740625 0.0484375 0.065625
0 0.8 0.479688 0.04375 0.059375
0 0.360938 0.328125 0.053125 0.05625
0 0.788281 0.739844 0.0515625 0.0671875
0 0.148438 0.513281 0.046875 0.0640625
0 0.367969 0.507031 0.0578125 0.0578125
0 0.442187 0.684375 0.05 0.0625
0 0.320312 0.576563 0.053125 0.05625
0 0.545313 0.889063 0.046875 0.065625
0 0.364062 0.590625 0.053125 0.065625
0 0.511719 0.688281 0.0515625 0.0671875
0 0.283594 0.391406 0.0484375 0.0609375
0 0.352344 0.389062 0.0546875 0.065625
0 0.39375 0.202344 0.046875 0.0640625
0 0.310937 0.282031 0.05 0.0640625
0 0.263281 0.558594 0.0546875 0.0671875
0 0.482031 0.842188 0.0453125 0.05
0 0.379687 0.807031 0.046875 0.0578125
0 0.6625 0.529688 0.046875 0.0625
0 0.688281 0.34375 0.0421875 0.059375
0 0.448438 0.55625 0.053125 0.065625
0 0.692187 0.488281 0.046875 0.0578125
0 0.65 0.321094 0.04375 0.0578125
0 0.605469 0.44375 0.0421875 0.059375
0 0.528125 0.503125 0.05 0.059375
0 0.465625 0.621875 0.05 0.0625
0 0.604688 0.791406 0.046875 0.0609375
0 0.535156 0.453906 0.0484375 0.0578125
0 0.414062 0.321094 0.053125 0.0671875
0 0.610156 0.689062 0.0484375 0.065625
0 0.389062 0.271875 0.05 0.0625
0 0.296094 0.492969 0.0484375 0.0671875
0 0.31875 0.432813 0.05 0.0625
0 0.0898438 0.465625 0.0515625 0.06875
0 0.0914062 0.395312 0.0546875 0.06875
0 0.321875 0.664844 0.046875 0.0640625
0 0.596094 0.307031 0.0453125 0.0578125
0 0.55 0.557031 0.046875 0.0609375
0 0.723437 0.703906 0.046875 0.0640625
0 0.290625 0.225781 0.046875 0.0671875
0 0.733594 0.457812 0.0453125 0.059375
0 0.269531 0.264062 0.0453125 0.0625
0 0.578906 0.613281 0.0421875 0.0578125
0 0.716406 0.529688 0.0390625 0.059375
0 0.577344 0.75625 0.0421875 0.05625
0 0.219531 0.76875 0.0484375 0.0625
0 0.483594 0.440625 0.0484375 0.06875
0 0.80625 0.419531 0.04375 0.0546875
0 0.484375 0.742969 0.046875 0.0609375
0 0.121094 0.8 0.0546875 0.05625
0 0.505469 0.325 0.0484375 0.06875
0 0.459375 0.378125 0.05 0.06875
0 0.194531 0.676562 0.0484375 0.065625
0 0.64375 0.385938 0.046875 0.065625
0 0.510938 0.386719 0.053125 0.0671875
0 0.667969 0.28125 0.0421875 0.053125
0 0.19375 0.521875 0.053125 0.065625
0 0.596094 0.507031 0.0484375 0.0578125
0 0.141406 0.6625 0.0546875 0.06875
0 0.765625 0.503906 0.04375 0.0578125
0 0.216406 0.45625 0.0484375 0.0625
0 0.183594 0.417188 0.0484375 0.0625
0 0.260156 0.173438 0.0484375 0.065625
0 0.170312 0.725 0.05 0.065625
0 0.48125 0.505469 0.040625 0.0578125
0 0.4 0.382031 0.046875 0.0578125
0 0.441406 0.253906 0.0453125 0.0578125
0 0.180469 0.624219 0.0515625 0.0671875
0 0.465625 0.3 0.04375 0.0625
0 0.767187 0.651563 0.04375 0.059375
0 0.140625 0.590625 0.053125 0.06875
0 0.569531 0.346875 0.0453125 0.059375
0 0.520312 0.628906 0.046875 0.0578125
0 0.419531 0.627344 0.0546875 0.0671875
