0 0.367969 0.244531 0.0421875 0.0703125
0 0.126563 0.357031 0.0375 0.0765625
0 0.546875 0.485938 0.065625 0.08125
0 0.2 0.409375 0.05625 0.078125
0 0.247656 0.39375 0.0453125 0.065625
0 0.410937 0.66875 0.05625 0.0875
0 0.294531 0.330469 0.0453125 0.0734375
0 0.165625 0.35 0.046875 0.075
0 0.175 0.511719 0.053125 0.0765625
0 0.210938 0.307813 0.05625 0.071875
0 0.338281 0.338281 0.0609375 0.0765625
0 0.410156 0.2625 0.0609375 0.0875
0 0.221875 0.546094 0.05 0.0828125
0 0.374219 0.591406 0.0546875 0.0953125
0 0.572656 0.409375 0.0640625 0.09375
0 0.464844 0.330469 0.0640625 0.0765625
0 0.414844 0.754687 0.0640625 0.075
0 0.474219 0.241406 0.0578125 0.0890625
0 0.778125 0.683594 0.0625 0.0984375
0 0.145313 0.432031 0.046875 0.0796875
0 0.436719 0.547656 0.0640625 0.0828125
0 0.472656 0.782031 0.0578125 0.0890625
0 0.399219 0.371094 0.0609375 0.0953125
0 0.304688 0.607031 0.065625 0.0953125
0 0.51875 0.646094 0.0625 0.0921875
0 0.629687 0.3625 0.071875 0.0875
0 0.764844 0.777344 0.0703125 0.0890625
0 0.321094 0.535937 0.0578125 0.09375
0 0.244531 0.466406 0.0546875 0.0859375
0 0.290625 0.401563 0.059375 0.078125
0 0.666406 0.792188 0.0671875 0.0875
0 0.46875 0.617188 0.059375 0.0875
0 0.536719 0.745313 0.0640625 0.0875
0 0.646094 0.702344 0.0671875 0.0984375
0 0.54375 0.222656 0.0625 0.0953125
0 0.4875 0.153906 0.06875 0.0765625
0 0.682031 0.448438 0.0703125 0.078125
0 0.775 0.583594 0.078125 0.0984375
0 0.442187 0.417188 0.06875 0.1
0 0.700781 0.296875 0.0671875 0.09375
0 0.589063 0.678906 0.065625 0.0859375
0 0.640625 0.613281 0.06875 0.0796875
0 0.542188 0.316406 0.06875 0.0859375
0 0.742188 0.492969 0.075 0.0984375
0 0.613281 0.274219 0.0703125 0.0921875
0 0.349219 0.419531 0.0609375 0.0921875
0 0.50625 0.398438 0.065625 0.096875
0 0.383594 0.480469 0.0703125 0.0984375
0 0.579687 0.171094 0.0625 0.0921875
0 0.583594 0.570312 0.0703125 0.090625
0 0.739062 0.3875 0.071875 0.090625
0 0.403125 0.180469 0.065625 0.0890625
0 0.470313 0.7 0.0625 0.084375
0 0.721094 0.620313 0.0734375 0.103125
0 0.595312 0.759375 0.065625 0.08125
0 0.532031 0.821094 0.0640625 0.0890625
0 0.30625 0.245312 0.065625 0.08125
0 0.722656 0.833594 0.0765625 0.0859375
0 0.484375 0.49375 0.065625 0.078125
0 0.660156 0.880469 0.0703125 0.0828125
0 0.607813 0.467969 0.075 0.0953125
0 0.594531 0.842969 0.0703125 0.0859375
0 0.525 0.571094 0.065625 0.0828125
0 0.682031 0.545313 0.0734375 0.09375
0 0.719531 0.721094 0.0734375 0.0859375
