0 0.439844 0.242188 0.0796875 0.075
0 0.753906 0.320312 0.0671875 0.103125
0 0.716406 0.61875 0.0734375 0.103125
0 0.7 0.695312 0.084375 0.096875
0 0.696875 0.445312 0.084375 0.103125
0 0.5 0.603906 0.078125 0.104687
0 0.352344 0.428125 0.0765625 0.1125
0 0.526563 0.379687 0.078125 0.1125
0 0.70625 0.286719 0.075 0.104687
0 0.557031 0.766406 0.0765625 0.104687
0 0.508594 0.288281 0.0671875 0.0921875
0 0.448438 0.311719 0.084375 0.107813
0 0.570312 0.185937 0.08125 0.09375
0 0.633594 0.810156 0.0828125 0.117188
0 0.766406 0.40625 0.0765625 0.109375
0 0.49375 0.176563 0.078125 0.096875
0 0.585938 0.634375 0.090625 0.115625
0 0.640625 0.560156 0.071875 0.0984375
0 0.370313 0.320312 0.09375 0.115625
0 0.479688 0.730469 0.1 0.117188
0 0.640625 0.225 0.06875 0.109375
0 0.403125 0.511719 0.090625 0.110937
0 0.263281 0.428125 0.0953125 0.10625
0 0.414844 0.627344 0.0828125 0.101562
0 0.172656 0.4625 0.0984375 0.11875
0 0.332031 0.634375 0.0921875 0.10625
0 0.7625 0.767969 0.0875 0.110937
0 0.84375 0.496875 0.08125 0.10625
0 0.509375 0.471875 0.084375 0.115625
0 0.321875 0.535156 0.090625 0.114063
0 0.638281 0.359375 0.0765625 0.1
0 0.286719 0.7375 0.0984375 0.121875
0 0.592969 0.433594 0.0796875 0.114063
0 0.820312 0.689062 0.0875 0.11875
0 0.572656 0.535156 0.0953125 0.120312
0 0.184375 0.726562 0.096875 0.121875
0 0.205469 0.370313 0.0953125 0.11875
0 0.808594 0.58125 0.0859375 0.1125
0 0.150781 0.609375 0.101562 0.121875
0 0.28125 0.31875 0.078125 0.115625
0 0.235156 0.542969 0.0921875 0.117188
0 0.383594 0.736719 0.0921875 0.117188
0 0.832031 0.395312 0.0796875 0.10625
0 0.582031 0.296094 0.0796875 0.107813
0 0.434375 0.419531 0.078125 0.110937
