0 0.522656 0.625781 0.0703125 0.0640625
0 0.707031 0.546094 0.0515625 0.0796875
0 0.626562 0.625 0.0625 0.065625
0 0.740625 0.601562 0.05625 0.059375
0 0.35 0.74375 0.0625 0.078125
0 0.503125 0.313281 0.075 0.101562
0 0.203906 0.71875 0.0703125 0.075
0 0.649219 0.560156 0.0578125 0.0640625
0 0.574219 0.441406 0.0734375 0.0828125
0 0.539844 0.7125 0.0609375 0.06875
0 0.753125 0.482812 0.059375 0.06875
0 0.75625 0.346094 0.05 0.101562
0 0.713281 0.682031 0.0515625 0.0671875
0 0.844531 0.538281 0.0515625 0.0765625
0 0.417188 0.71875 0.059375 0.075
0 0.271094 0.724219 0.0671875 0.0734375
0 0.785156 0.548437 0.0546875 0.0625
0 0.832812 0.405469 0.053125 0.0890625
0 0.120312 0.666406 0.08125 0.0984375
0 0.471875 0.703125 0.05625 0.08125
0 0.785937 0.2625 0.059375 0.09375
0 0.523438 0.557031 0.0625 0.0890625
0 0.814062 0.603125 0.05625 0.0625
0 0.378906 0.671094 0.0671875 0.0765625
0 0.384375 0.560938 0.08125 0.096875
0 0.817187 0.322656 0.05625 0.0953125
0 0.865625 0.452344 0.059375 0.0890625
0 0.767187 0.649219 0.053125 0.0671875
0 0.671875 0.486719 0.059375 0.0859375
0 0.451562 0.636719 0.059375 0.0890625
0 0.699219 0.353906 0.0671875 0.0796875
0 0.5125 0.488281 0.06875 0.0828125
0 0.578125 0.586719 0.053125 0.0859375
0 0.653906 0.686719 0.0609375 0.0640625
0 0.644531 0.424219 0.0640625 0.0734375
0 0.482812 0.205469 0.071875 0.117188
0 0.354688 0.197656 0.084375 0.0953125
0 0.778906 0.413281 0.0515625 0.0890625
0 0.303906 0.673437 0.0640625 0.075
0 0.807031 0.485156 0.0515625 0.0734375
0 0.680469 0.621094 0.0578125 0.0609375
0 0.235156 0.654688 0.0796875 0.078125
0 0.71875 0.425781 0.065625 0.0953125
0 0.632812 0.25 0.06875 0.096875
0 0.236719 0.573438 0.0796875 0.096875
0 0.160156 0.585938 0.0703125 0.10625
0 0.395312 0.457812 0.075 0.09375
0 0.316406 0.583594 0.0734375 0.0921875
0 0.697656 0.26875 0.0703125 0.103125
0 0.236719 0.473437 0.0828125 0.103125
0 0.248437 0.335156 0.078125 0.107813
0 0.51875 0.38125 0.071875 0.096875
0 0.567187 0.241406 0.08125 0.114063
0 0.459375 0.430469 0.075 0.101562
0 0.59375 0.694531 0.05625 0.0796875
0 0.346094 0.308594 0.0921875 0.114063
0 0.189063 0.392188 0.071875 0.103125
0 0.597656 0.507031 0.0703125 0.0796875
0 0.405469 0.367188 0.0828125 0.1125
0 0.423438 0.26875 0.084375 0.115625
0 0.320312 0.508594 0.08125 0.0984375
0 0.320312 0.407813 0.084375 0.115625
0 0.633594 0.34375 0.0734375 0.09375
0 0.457031 0.546094 0.0703125 0.0859375
0 0.571875 0.33125 0.075 0.09375
