0 0.499219 0.240625 0.0609375 0.0875
0 0.444531 0.851562 0.0359375 0.0375
0 0.673437 0.807031 0.046875 0.0609375
0 0.251563 0.425781 0.05 0.0671875
0 0.725 0.825781 0.05 0.0578125
0 0.833594 0.710156 0.0453125 0.0484375
0 0.797656 0.438281 0.0453125 0.0640625
0 0.349219 0.477344 0.0484375 0.0640625
0 0.859375 0.601562 0.05 0.0625
0 0.652344 0.349219 0.0515625 0.0734375
0 0.3875 0.750781 0.05 0.0609375
0 0.146094 0.702344 0.0453125 0.0578125
0 0.641406 0.579687 0.0515625 0.059375
0 0.349219 0.763281 0.0421875 0.0609375
0 0.276563 0.664844 0.05 0.0640625
0 0.324219 0.284375 0.0515625 0.065625
0 0.122656 0.440625 0.0515625 0.071875
0 0.919531 0.454688 0.0421875 0.05625
0 0.870313 0.259375 0.046875 0.0625
0 0.820312 0.657031 0.05 0.0578125
0 0.397656 0.842969 0.0484375 0.0578125
0 0.738281 0.359375 0.0453125 0.0625
0 0.435156 0.188281 0.0453125 0.0703125
0 0.242969 0.954687 0.0484375 0.05625
0 0.485938 0.836719 0.040625 0.0578125
0 0.598437 0.260938 0.040625 0.059375
0 0.527344 0.675781 0.0484375 0.0640625
0 0.284375 0.317187 0.053125 0.06875
0 0.166406 0.326562 0.0515625 0.06875
0 0.721875 0.7125 0.04375 0.046875
0 0.0945313 0.680469 0.0515625 0.0671875
0 0.6 0.334375 0.046875 0.0625
0 0.322656 0.2125 0.0421875 0.075
0 0.235938 0.86875 0.05 0.046875
0 0.327344 0.908594 0.0359375 0.0390625
0 0.160938 0.635938 0.053125 0.065625
0 0.380469 0.542969 0.0515625 0.0703125
0 0.453125 0.392188 0.053125 0.0625
0 0.1375 0.571875 0.046875 0.059375
0 0.625781 0.659375 0.0515625 0.065625
0 0.474219 0.335938 0.0578125 0.065625
0 0.192969 0.592188 0.0515625 0.06875
0 0.107813 0.376563 0.053125 0.071875
0 0.946875 0.353906 0.04375 0.0671875
0 0.367969 0.625 0.0453125 0.06875
0 0.646875 0.207031 0.046875 0.0671875
0 0.832812 0.378906 0.05 0.0609375
0 0.498437 0.789062 0.04375 0.05625
0 0.48125 0.523438 0.053125 0.065625
0 0.717969 0.675 0.0515625 0.065625
0 0.486719 0.902344 0.0421875 0.0578125
0 0.900781 0.417188 0.0453125 0.059375
0 0.407813 0.319531 0.05 0.0671875
0 0.264062 0.54375 0.053125 0.065625
0 0.429688 0.91875 0.04375 0.05625
0 0.982031 0.464844 0.0359375 0.0640625
0 0.13125 0.505469 0.059375 0.0703125
0 0.814062 0.596094 0.046875 0.0578125
0 0.303906 0.517187 0.0515625 0.065625
0 0.675781 0.6625 0.0484375 0.05
0 0.849219 0.317969 0.0515625 0.0671875
0 0.764063 0.503125 0.05 0.059375
0 0.571875 0.7625 0.05 0.0625
0 0.339844 0.70625 0.0515625 0.065625
0 0.389062 0.198437 0.053125 0.071875
0 0.483594 0.228906 0.0546875 0.0734375
0 0.878906 0.477344 0.0484375 0.0609375
0 0.228125 0.278125 0.053125 0.071875
0 0.579687 0.669531 0.05 0.0609375
0 0.733594 0.55 0.0515625 0.065625
0 0.371875 0.264062 0.05 0.071875
0 0.696875 0.317187 0.046875 0.065625
0 0.5625 0.496094 0.05 0.0671875
0 0.561719 0.571094 0.0484375 0.0640625
0 0.611719 0.457812 0.0515625 0.0625
0 0.317969 0.574219 0.0515625 0.0578125
0 0.396875 0.466406 0.053125 0.0703125
0 0.167969 0.39375 0.0546875 0.06875
0 0.444531 0.278125 0.0484375 0.06875
0 0.520312 0.272656 0.053125 0.0640625
0 0.282031 0.249219 0.0515625 0.0703125
0 0.64375 0.4125 0.05 0.065625
0 0.755469 0.223438 0.0546875 0.06875
0 0.722656 0.616406 0.0453125 0.0609375
0 0.0890625 0.533594 0.053125 0.0671875
0 0.326562 0.353125 0.059375 0.071875
0 0.107813 0.611719 0.05 0.0640625
0 0.626562 0.742188 0.046875 0.059375
0 0.375781 0.946094 0.0484375 0.0546875
0 0.827344 0.241406 0.0515625 0.0703125
0 0.794531 0.539844 0.0484375 0.0640625
0 0.792969 0.33125 0.0484375 0.065625
0 0.349219 0.414844 0.0515625 0.0671875
0 0.484375 0.652344 0.05 0.0671875
0 0.240625 0.682031 0.046875 0.0546875
0 0.599219 0.515625 0.0515625 0.065625
0 0.351562 0.879687 0.05 0.059375
0 0.357031 0.817969 0.0453125 0.0546875
0 0.685156 0.186719 0.0484375 0.0671875
0 0.292969 0.729688 0.0515625 0.059375
0 0.772656 0.715625 0.0453125 0.0625
0 0.285937 0.376563 0.04375 0.059375
0 0.5 0.154687 0.05625 0.071875
0 0.195312 0.515625 0.05 0.06875
0 0.815625 0.486719 0.05 0.0609375
0 0.753906 0.290625 0.0484375 0.065625
0 0.196094 0.448438 0.0484375 0.0625
0 0.851562 0.445312 0.05 0.0625
0 0.50625 0.414062 0.05 0.06875
0 0.217969 0.351562 0.0546875 0.06875
0 0.595312 0.192969 0.05 0.0734375
0 0.907031 0.58125 0.0484375 0.059375
0 0.310937 0.841406 0.05 0.0609375
0 0.420312 0.778906 0.046875 0.0578125
0 0.26875 0.602344 0.046875 0.0578125
0 0.876562 0.530469 0.05 0.0578125
0 0.553906 0.228906 0.0515625 0.0671875
0 0.525781 0.357812 0.0515625 0.059375
0 0.294531 0.453906 0.0546875 0.0640625
0 0.603125 0.708594 0.046875 0.0546875
0 0.467969 0.760156 0.0515625 0.0609375
0 0.689062 0.539844 0.046875 0.0609375
0 0.560156 0.905469 0.0453125 0.0578125
0 0.107031 0.726562 0.0453125 0.05625
0 0.832812 0.525781 0.04375 0.0578125
0 0.665625 0.278906 0.053125 0.0703125
0 0.598437 0.791406 0.046875 0.0609375
0 0.195312 0.841406 0.046875 0.0546875
0 0.442969 0.811719 0.0453125 0.0578125
0 0.770312 0.405469 0.05 0.0640625
0 0.692969 0.380469 0.0515625 0.0640625
0 0.733594 0.764844 0.0453125 0.0546875
0 0.732813 0.430469 0.046875 0.0609375
0 0.244531 0.477344 0.0390625 0.0578125
0 0.684375 0.451562 0.053125 0.065625
0 0.395312 0.377344 0.053125 0.0671875
0 0.560156 0.304688 0.0515625 0.06875
0 0.395312 0.902344 0.046875 0.0578125
0 0.527344 0.540625 0.0515625 0.0625
0 0.59375 0.838281 0.04375 0.0546875
0 0.709375 0.492969 0.046875 0.0640625
0 0.521875 0.607031 0.046875 0.0640625
0 0.51875 0.742969 0.046875 0.0578125
0 0.557031 0.420312 0.0515625 0.06875
0 0.422656 0.630469 0.0515625 0.0703125
0 0.647656 0.492188 0.0484375 0.065625
0 0.644531 0.874219 0.0453125 0.0609375
0 0.682813 0.6 0.046875 0.05625
0 0.432813 0.514063 0.05 0.06875
0 0.426562 0.56875 0.046875 0.05625
0 0.757031 0.653906 0.0421875 0.0578125
0 0.934375 0.505469 0.05 0.0640625
0 0.605469 0.613281 0.0453125 0.0609375
0 0.45 0.458594 0.053125 0.0703125
0 0.401563 0.670313 0.05 0.059375
0 0.557031 0.717188 0.0453125 0.053125
0 0.765625 0.596094 0.05 0.0578125
0 0.521875 0.842969 0.04375 0.0515625
0 0.282031 0.792969 0.0484375 0.0609375
0 0.49375 0.715625 0.046875 0.05625
0 0.542969 0.795313 0.0453125 0.05625
0 0.167187 0.765625 0.05 0.0625
0 0.607031 0.903125 0.0453125 0.05625
0 0.478906 0.585156 0.0515625 0.0640625
0 0.228125 0.632812 0.053125 0.0625
0 0.892969 0.346094 0.0515625 0.0640625
0 0.24375 0.828906 0.053125 0.0609375
0 0.31875 0.628125 0.05 0.065625
0 0.509375 0.482031 0.053125 0.0671875
0 0.283594 0.89375 0.0484375 0.0625
0 0.707031 0.246875 0.0515625 0.071875
0 0.66875 0.734375 0.05 0.0625
0 0.221875 0.761719 0.053125 0.0671875
0 0.154687 0.816406 0.053125 0.0640625
0 0.44375 0.721875 0.05625 0.06875
