0 0.586719 0.238281 0.0296875 0.0296875
0 0.492188 0.228125 0.03125 0.028125
0 0.142969 0.54375 0.0296875 0.04375
0 0.146875 0.4125 0.03125 0.03125
0 0.135937 0.310937 0.034375 0.04375
0 0.323438 0.488281 0.034375 0.0296875
0 0.398438 0.246875 0.034375 0.053125
0 0.563281 0.403125 0.0265625 0.034375
0 0.548437 0.464063 0.03125 0.0375
0 0.386719 0.570312 0.0296875 0.04375
0 0.314063 0.660937 0.03125 0.040625
0 0.45625 0.136719 0.03125 0.0515625
0 0.6375 0.463281 0.03125 0.0453125
0 0.303125 0.458594 0.03125 0.0359375
0 0.338281 0.232812 0.0328125 0.034375
0 0.641406 0.259375 0.0328125 0.0375
0 0.745313 0.561719 0.03125 0.0484375
0 0.159375 0.628125 0.03125 0.04375
0 0.535156 0.757812 0.0328125 0.046875
0 0.175781 0.4625 0.0328125 0.04375
0 0.675 0.764844 0.034375 0.0421875
0 0.796875 0.33125 0.03125 0.04375
0 0.552344 0.576563 0.0328125 0.040625
0 0.653125 0.374219 0.028125 0.0390625
0 0.122656 0.385938 0.0328125 0.046875
0 0.447656 0.803125 0.0328125 0.040625
0 0.5875 0.6 0.034375 0.04375
0 0.225 0.677344 0.03125 0.0421875
0 0.510156 0.360938 0.0328125 0.040625
0 0.377344 0.688281 0.0359375 0.0421875
0 0.471094 0.377344 0.0265625 0.0453125
0 0.735156 0.289844 0.0328125 0.0390625
0 0.559375 0.753125 0.03125 0.04375
0 0.113281 0.597656 0.0328125 0.0390625
0 0.5 0.397656 0.03125 0.0421875
0 0.207813 0.330469 0.03125 0.0421875
0 0.758594 0.31875 0.0296875 0.046875
0 0.473437 0.414062 0.03125 0.04375
0 0.233594 0.471875 0.0359375 0.034375
0 0.280469 0.360938 0.0359375 0.04375
0 0.157813 0.549219 0.034375 0.0453125
0 0.564062 0.314063 0.028125 0.04375
0 0.283594 0.678906 0.0296875 0.0390625
0 0.175781 0.510938 0.0328125 0.040625
0 0.70625 0.317187 0.025 0.040625
0 0.371875 0.747656 0.0375 0.0515625
0 0.410156 0.751562 0.0359375 0.04375
0 0.35 0.615625 0.03125 0.04375
0 0.464844 0.6625 0.0328125 0.04375
0 0.765625 0.290625 0.03125 0.0375
0 0.223438 0.510938 0.034375 0.04375
0 0.270312 0.6 0.034375 0.040625
0 0.285156 0.202344 0.0328125 0.0421875
0 0.585938 0.6375 0.034375 0.04375
0 0.0773437 0.614062 0.0328125 0.04375
0 0.210156 0.402344 0.0359375 0.0421875
0 0.485938 0.880469 0.034375 0.0484375
0 0.559375 0.711719 0.03125 0.0421875
0 0.728125 0.346094 0.03125 0.0453125
0 0.114844 0.426562 0.0328125 0.04375
0 0.288281 0.635156 0.0328125 0.0421875
0 0.190625 0.625781 0.028125 0.0453125
0 0.685156 0.239063 0.0328125 0.04375
0 0.508594 0.264062 0.0359375 0.05
0 0.619531 0.228125 0.0296875 0.04375
0 0.195312 0.666406 0.03125 0.0421875
0 0.764063 0.527344 0.03125 0.0421875
0 0.544531 0.232031 0.0359375 0.0515625
0 0.704687 0.46875 0.028125 0.04375
0 0.446094 0.561719 0.0296875 0.0421875
0 0.796875 0.502344 0.03125 0.0453125
0 0.441406 0.721875 0.0328125 0.040625
0 0.333594 0.259375 0.0328125 0.0375
0 0.329688 0.579687 0.03125 0.040625
0 0.834375 0.390625 0.034375 0.046875
0 0.428125 0.283594 0.034375 0.0421875
0 0.0835937 0.438281 0.0328125 0.0453125
0 0.274219 0.483594 0.0296875 0.0421875
0 0.73125 0.254687 0.034375 0.04375
0 0.579687 0.930469 0.034375 0.0484375
0 0.703906 0.615625 0.0328125 0.04375
0 0.384375 0.304688 0.03125 0.04375
0 0.366406 0.639844 0.0296875 0.0390625
0 0.73125 0.469531 0.03125 0.0390625
0 0.584375 0.841406 0.03125 0.0421875
0 0.632812 0.345313 0.0375 0.04375
0 0.46875 0.257031 0.034375 0.0390625
0 0.295312 0.421094 0.03125 0.0390625
0 0.542969 0.278906 0.0328125 0.0421875
0 0.470313 0.765625 0.03125 0.04375
0 0.564062 0.891406 0.034375 0.0453125
0 0.482031 0.183594 0.0296875 0.0421875
0 0.43125 0.208594 0.03125 0.0421875
0 0.528125 0.946094 0.03125 0.0390625
0 0.661719 0.217187 0.0359375 0.0375
0 0.227344 0.5625 0.0328125 0.04375
0 0.090625 0.407031 0.03125 0.0421875
0 0.424219 0.169531 0.0296875 0.0390625
0 0.682031 0.332031 0.0328125 0.0421875
0 0.439844 0.770312 0.0328125 0.046875
0 0.576563 0.158594 0.034375 0.0453125
0 0.610937 0.429688 0.034375 0.04375
0 0.110937 0.478125 0.034375 0.04375
0 0.414844 0.627344 0.0328125 0.0421875
0 0.483594 0.335938 0.0328125 0.040625
0 0.201562 0.474219 0.03125 0.0453125
0 0.478125 0.603125 0.03125 0.040625
0 0.555469 0.848437 0.0296875 0.04375
0 0.684375 0.371094 0.034375 0.0390625
0 0.402344 0.705469 0.0359375 0.0453125
0 0.65625 0.432031 0.03125 0.0421875
0 0.679688 0.69375 0.03125 0.040625
0 0.810156 0.35625 0.0296875 0.0375
0 0.344531 0.369531 0.0328125 0.0453125
0 0.383594 0.607813 0.0296875 0.04375
0 0.251563 0.669531 0.03125 0.0515625
0 0.658594 0.81875 0.0328125 0.05
0 0.532031 0.420312 0.0296875 0.04375
0 0.622656 0.521875 0.0328125 0.040625
0 0.540625 0.357031 0.028125 0.0484375
0 0.667969 0.542188 0.0328125 0.04375
0 0.239844 0.608594 0.0328125 0.0453125
0 0.215625 0.641406 0.03125 0.0421875
0 0.513281 0.465625 0.0328125 0.046875
0 0.36875 0.260938 0.03125 0.04375
0 0.521875 0.717188 0.034375 0.040625
0 0.571875 0.48125 0.03125 0.04375
0 0.521875 0.314844 0.034375 0.0484375
0 0.285156 0.51875 0.0328125 0.040625
0 0.491406 0.703125 0.0296875 0.0375
0 0.684375 0.407031 0.03125 0.0421875
0 0.233594 0.365625 0.0328125 0.04375
0 0.697656 0.729688 0.0328125 0.05
0 0.616406 0.270312 0.0328125 0.04375
0 0.605469 0.18125 0.0328125 0.046875
0 0.464063 0.525 0.03125 0.04375
0 0.25625 0.533594 0.03125 0.0421875
0 0.267188 0.242969 0.03125 0.0453125
0 0.653906 0.2875 0.0328125 0.046875
0 0.499219 0.834375 0.0359375 0.040625
0 0.349219 0.679688 0.0296875 0.04375
0 0.846875 0.45625 0.034375 0.04375
0 0.589844 0.809375 0.0328125 0.04375
0 0.577344 0.279687 0.0296875 0.04375
0 0.390625 0.782812 0.034375 0.05
0 0.310156 0.340625 0.0328125 0.04375
0 0.453125 0.182812 0.03125 0.04375
0 0.496094 0.925 0.0328125 0.05
0 0.460156 0.34375 0.0296875 0.040625
0 0.435156 0.427344 0.0328125 0.0421875
0 0.274219 0.317969 0.0328125 0.0484375
0 0.524219 0.633594 0.0328125 0.0453125
0 0.317969 0.302344 0.0328125 0.0453125
0 0.355469 0.196875 0.0328125 0.04375
0 0.147656 0.579687 0.0296875 0.0375
0 0.435156 0.246875 0.0328125 0.04375
0 0.344531 0.552344 0.0359375 0.0453125
0 0.354688 0.515625 0.03125 0.040625
0 0.384375 0.534375 0.03125 0.040625
0 0.592188 0.517969 0.03125 0.0421875
0 0.554688 0.807813 0.03125 0.04375
0 0.474219 0.567187 0.0328125 0.040625
0 0.773438 0.407813 0.03125 0.0375
0 0.578125 0.359375 0.034375 0.046875
0 0.397656 0.655469 0.0328125 0.0390625
0 0.630469 0.303906 0.0328125 0.0453125
0 0.770312 0.36875 0.034375 0.040625
0 0.739844 0.421875 0.0328125 0.040625
0 0.692187 0.654688 0.03125 0.046875
0 0.479688 0.803906 0.03125 0.0421875
0 0.457031 0.307813 0.0328125 0.040625
0 0.357031 0.408594 0.0328125 0.0421875
0 0.582812 0.678906 0.03125 0.0453125
0 0.658594 0.730469 0.0296875 0.0421875
0 0.555469 0.196875 0.0328125 0.04375
0 0.18125 0.590625 0.034375 0.04375
0 0.3 0.58125 0.034375 0.04375
0 0.308594 0.224219 0.0359375 0.0453125
0 0.648438 0.695312 0.03125 0.040625
0 0.541406 0.54375 0.0296875 0.04375
0 0.596875 0.713281 0.034375 0.0453125
0 0.635156 0.555469 0.0328125 0.0421875
0 0.620313 0.640625 0.03125 0.04375
0 0.81875 0.460938 0.03125 0.04375
0 0.283594 0.269531 0.0328125 0.0421875
0 0.50625 0.779688 0.034375 0.046875
0 0.409375 0.586719 0.03125 0.0453125
0 0.603906 0.471094 0.0296875 0.0453125
0 0.636719 0.76875 0.0359375 0.046875
0 0.695312 0.275 0.03125 0.04375
0 0.420312 0.509375 0.03125 0.040625
0 0.140625 0.457031 0.034375 0.0390625
0 0.31875 0.383594 0.03125 0.0390625
0 0.671094 0.604688 0.0328125 0.046875
0 0.228906 0.438281 0.0328125 0.0421875
0 0.272656 0.446094 0.0296875 0.0453125
0 0.789844 0.442969 0.0328125 0.0453125
0 0.353125 0.453125 0.03125 0.04375
0 0.522656 0.592188 0.0328125 0.046875
0 0.18125 0.413281 0.034375 0.0515625
0 0.571094 0.535156 0.0328125 0.0453125
0 0.439844 0.642969 0.0328125 0.0453125
0 0.40625 0.428125 0.03125 0.04375
0 0.621094 0.679688 0.0328125 0.04375
0 0.191406 0.366406 0.0359375 0.0453125
0 0.199219 0.530469 0.0328125 0.0453125
0 0.475781 0.482812 0.0328125 0.040625
0 0.597656 0.767187 0.0328125 0.046875
0 0.321875 0.428125 0.034375 0.04375
0 0.444531 0.603906 0.0328125 0.0453125
0 0.65625 0.503125 0.034375 0.04375
0 0.100781 0.517969 0.0328125 0.0484375
0 0.528125 0.817969 0.034375 0.0484375
0 0.592188 0.884375 0.034375 0.046875
0 0.717188 0.389062 0.03125 0.040625
0 0.725781 0.544531 0.0328125 0.0421875
0 0.680469 0.448438 0.0328125 0.040625
0 0.692187 0.5125 0.03125 0.040625
0 0.210938 0.594531 0.034375 0.0453125
0 0.403906 0.370313 0.0328125 0.040625
0 0.492188 0.644531 0.03125 0.0390625
0 0.579687 0.446875 0.03125 0.040625
0 0.602344 0.55625 0.0328125 0.04375
0 0.495313 0.741406 0.03125 0.0453125
0 0.554688 0.667969 0.034375 0.0484375
0 0.614844 0.382812 0.0328125 0.04375
0 0.65625 0.646094 0.03125 0.0484375
0 0.529688 0.504687 0.034375 0.04375
0 0.59375 0.3125 0.03125 0.04375
0 0.267969 0.404687 0.0359375 0.046875
0 0.0664062 0.524219 0.0328125 0.0421875
0 0.628125 0.721875 0.0375 0.040625
0 0.629687 0.603906 0.034375 0.0484375
0 0.642969 0.173438 0.0359375 0.046875
0 0.377344 0.34375 0.0328125 0.040625
0 0.382812 0.396875 0.03125 0.040625
0 0.317187 0.532031 0.03125 0.0390625
0 0.389844 0.496875 0.0328125 0.04375
0 0.726562 0.50625 0.03125 0.040625
0 0.382031 0.460156 0.0328125 0.0421875
0 0.616406 0.829687 0.0328125 0.046875
0 0.428906 0.471875 0.0359375 0.04375
0 0.442969 0.3875 0.0296875 0.04375
0 0.552344 0.611719 0.0328125 0.0453125
0 0.278906 0.558594 0.0328125 0.0421875
0 0.516406 0.68125 0.0328125 0.046875
0 0.41875 0.321094 0.034375 0.0421875
0 0.442187 0.686719 0.03125 0.0453125
0 0.153125 0.498437 0.03125 0.040625
0 0.417969 0.549219 0.0328125 0.0421875
0 0.519531 0.885938 0.0359375 0.05
