0 0.444531 0.832812 0.0421875 0.040625
0 0.870313 0.60625 0.034375 0.034375
0 0.66875 0.766406 0.04375 0.0546875
0 0.635938 0.557813 0.046875 0.053125
0 0.239844 0.941406 0.0484375 0.0546875
0 0.346875 0.753125 0.04375 0.05
0 0.347656 0.864062 0.0453125 0.059375
0 0.3375 0.688281 0.05 0.0609375
0 0.833594 0.691406 0.0453125 0.0484375
0 0.85 0.424219 0.053125 0.0640625
0 0.45 0.371875 0.05 0.065625
0 0.288281 0.711719 0.0515625 0.0609375
0 0.278906 0.296094 0.0484375 0.0703125
0 0.794531 0.420312 0.0515625 0.071875
0 0.128906 0.489062 0.0578125 0.065625
0 0.222656 0.25625 0.0515625 0.075
0 0.272656 0.646094 0.0484375 0.0671875
0 0.91875 0.435156 0.04375 0.0640625
0 0.946875 0.334375 0.04375 0.065625
0 0.302344 0.502344 0.0515625 0.0609375
0 0.160156 0.30625 0.0515625 0.06875
0 0.189844 0.575781 0.0515625 0.0609375
0 0.876562 0.511719 0.05 0.0578125
0 0.102344 0.357031 0.0515625 0.0765625
0 0.394531 0.828906 0.0421875 0.0484375
0 0.7375 0.339844 0.05 0.0640625
0 0.694531 0.299219 0.0453125 0.0609375
0 0.671875 0.79375 0.04375 0.05625
0 0.570312 0.744531 0.046875 0.0578125
0 0.407031 0.300781 0.0484375 0.0671875
0 0.821875 0.640625 0.046875 0.059375
0 0.857031 0.579687 0.0453125 0.059375
0 0.11875 0.423438 0.05625 0.0625
0 0.380469 0.527344 0.0484375 0.0703125
0 0.524219 0.658594 0.0421875 0.0578125
0 0.0898438 0.665625 0.0546875 0.0625
0 0.260156 0.522656 0.0484375 0.0640625
0 0.432031 0.167187 0.0484375 0.075
0 0.71875 0.696875 0.04375 0.046875
0 0.870313 0.241406 0.046875 0.0640625
0 0.525 0.339063 0.053125 0.06875
0 0.325 0.333594 0.05625 0.0546875
0 0.934375 0.4875 0.05 0.065625
0 0.1625 0.751562 0.05 0.0625
0 0.503125 0.396875 0.046875 0.0625
0 0.48125 0.209375 0.053125 0.071875
0 0.516406 0.25 0.0515625 0.065625
0 0.523438 0.522656 0.053125 0.0671875
0 0.646875 0.474219 0.05 0.0609375
0 0.596875 0.242188 0.04375 0.065625
0 0.222656 0.617188 0.0515625 0.0625
0 0.828125 0.221094 0.05 0.0640625
0 0.384375 0.175781 0.05 0.0734375
0 0.316406 0.191406 0.0484375 0.0734375
0 0.346875 0.45625 0.046875 0.065625
0 0.276563 0.228125 0.05 0.071875
0 0.366406 0.604688 0.0484375 0.065625
0 0.141406 0.680469 0.0515625 0.0671875
0 0.471094 0.317187 0.0546875 0.071875
0 0.309375 0.826563 0.046875 0.05625
0 0.235156 0.850781 0.0453125 0.0484375
0 0.482031 0.636719 0.0515625 0.0671875
0 0.601562 0.692187 0.04375 0.05
0 0.691406 0.3625 0.0515625 0.065625
0 0.792188 0.522656 0.05 0.0578125
0 0.428125 0.903906 0.04375 0.0546875
0 0.326562 0.894531 0.040625 0.0421875
0 0.517187 0.728125 0.04375 0.053125
0 0.214062 0.329688 0.05 0.075
0 0.849219 0.295312 0.0515625 0.0625
0 0.103125 0.710938 0.05 0.059375
0 0.160938 0.378125 0.05625 0.065625
0 0.264062 0.589844 0.053125 0.0609375
0 0.623438 0.727344 0.040625 0.0578125
0 0.905469 0.564062 0.0484375 0.059375
0 0.425 0.553906 0.046875 0.0546875
0 0.7625 0.482031 0.05 0.0671875
0 0.900781 0.394531 0.0453125 0.0578125
0 0.442969 0.25625 0.0484375 0.06875
0 0.684375 0.521094 0.05 0.0671875
0 0.664062 0.257812 0.05625 0.065625
0 0.517187 0.592969 0.046875 0.0640625
0 0.102344 0.595312 0.0421875 0.065625
0 0.559375 0.890625 0.04375 0.053125
0 0.684375 0.164844 0.05 0.0671875
0 0.982813 0.444531 0.034375 0.0578125
0 0.640625 0.395312 0.05 0.065625
0 0.244531 0.405469 0.0484375 0.0640625
0 0.084375 0.51875 0.05 0.06875
0 0.155469 0.621094 0.0515625 0.0609375
0 0.810156 0.578125 0.0421875 0.059375
0 0.442187 0.796875 0.046875 0.053125
0 0.235938 0.667188 0.05 0.05625
0 0.591406 0.821875 0.0453125 0.053125
0 0.644531 0.188281 0.0453125 0.0640625
0 0.463281 0.74375 0.0484375 0.059375
0 0.498437 0.129688 0.046875 0.071875
0 0.764844 0.575781 0.0484375 0.0609375
0 0.355469 0.803906 0.0453125 0.0546875
0 0.41875 0.764063 0.05 0.0625
0 0.596875 0.773438 0.05 0.0625
0 0.551562 0.204688 0.046875 0.065625
0 0.751562 0.269531 0.053125 0.0671875
0 0.59375 0.172656 0.05 0.0703125
0 0.314844 0.614062 0.0515625 0.065625
0 0.73125 0.748438 0.05 0.053125
0 0.790625 0.309375 0.05 0.059375
0 0.419531 0.614844 0.0484375 0.0734375
0 0.399219 0.653906 0.0484375 0.0578125
0 0.623438 0.642187 0.05 0.06875
0 0.448438 0.439844 0.05 0.0671875
0 0.313281 0.557031 0.0515625 0.0640625
0 0.650781 0.327344 0.0515625 0.0734375
0 0.345313 0.398438 0.053125 0.059375
0 0.36875 0.24375 0.05625 0.071875
0 0.55625 0.4 0.05 0.06875
0 0.149219 0.798437 0.0546875 0.065625
0 0.610937 0.438281 0.053125 0.0703125
0 0.192188 0.432031 0.05 0.0609375
0 0.575 0.653906 0.05 0.0640625
0 0.192188 0.498437 0.05 0.06875
0 0.721094 0.598437 0.0453125 0.059375
0 0.320312 0.264062 0.05 0.06875
0 0.878125 0.457812 0.05 0.059375
0 0.666406 0.717969 0.0484375 0.0578125
0 0.392188 0.358594 0.053125 0.0609375
0 0.480469 0.502344 0.0484375 0.0640625
0 0.76875 0.3875 0.046875 0.065625
0 0.240625 0.459375 0.040625 0.059375
0 0.133594 0.551562 0.0484375 0.065625
0 0.483594 0.886719 0.0453125 0.0578125
0 0.55625 0.701563 0.046875 0.05625
0 0.595312 0.5 0.053125 0.065625
0 0.278906 0.777344 0.0484375 0.0578125
0 0.598437 0.317187 0.04375 0.065625
0 0.521094 0.824219 0.0390625 0.0578125
0 0.671875 0.644531 0.05 0.0515625
0 0.558594 0.478125 0.0453125 0.0625
0 0.707812 0.475781 0.05 0.0640625
0 0.282031 0.35625 0.0453125 0.059375
0 0.483594 0.821094 0.0421875 0.0546875
0 0.71875 0.65625 0.05 0.065625
0 0.832812 0.363281 0.053125 0.0640625
0 0.601562 0.595312 0.05 0.0625
0 0.496094 0.771875 0.0453125 0.05625
0 0.39375 0.45 0.05 0.071875
0 0.292188 0.432031 0.053125 0.0671875
0 0.83125 0.507812 0.04375 0.05625
0 0.814062 0.467969 0.05 0.0640625
0 0.430469 0.499219 0.0515625 0.0609375
0 0.28125 0.876562 0.05 0.0625
0 0.385156 0.729688 0.0484375 0.065625
0 0.559375 0.553125 0.046875 0.065625
0 0.24375 0.814062 0.053125 0.05625
0 0.723437 0.80625 0.046875 0.0625
0 0.372656 0.929688 0.0484375 0.05625
0 0.682813 0.433594 0.053125 0.0640625
0 0.475 0.567969 0.053125 0.0671875
0 0.754687 0.201562 0.053125 0.071875
0 0.442187 0.703125 0.053125 0.065625
0 0.892969 0.327344 0.0515625 0.0640625
0 0.68125 0.582031 0.046875 0.0578125
0 0.769531 0.697656 0.0515625 0.0640625
0 0.541406 0.779688 0.0421875 0.05625
0 0.507812 0.4625 0.053125 0.071875
0 0.733594 0.411719 0.0484375 0.0640625
0 0.70625 0.225781 0.05 0.0703125
0 0.19375 0.825 0.046875 0.05625
0 0.491406 0.698438 0.0484375 0.059375
0 0.217969 0.744531 0.0546875 0.0671875
0 0.642969 0.857031 0.0453125 0.0578125
0 0.557813 0.289062 0.053125 0.06875
0 0.605469 0.8875 0.0515625 0.05625
0 0.732031 0.532812 0.0515625 0.0625
0 0.75625 0.636719 0.04375 0.0609375
0 0.39375 0.88125 0.04375 0.05625
