0 0.36875 0.714844 0.025 0.0328125
0 0.442187 0.724219 0.0375 0.0421875
0 0.290625 0.767187 0.028125 0.03125
0 0.272656 0.573438 0.0515625 0.0625
0 0.136719 0.586719 0.0484375 0.0390625
0 0.596875 0.635938 0.04375 0.04375
0 0.174219 0.771094 0.0515625 0.0390625
0 0.290625 0.59375 0.040625 0.040625
0 0.175 0.617969 0.05 0.0390625
0 0.703125 0.427344 0.05625 0.0484375
0 0.428125 0.75 0.040625 0.0375
0 0.682813 0.401563 0.0625 0.059375
0 0.448438 0.629687 0.053125 0.04375
0 0.500781 0.555469 0.0515625 0.0578125
0 0.375781 0.764063 0.0421875 0.0375
0 0.746875 0.374219 0.065625 0.0578125
0 0.390625 0.528125 0.05625 0.04375
0 0.186719 0.6 0.0453125 0.053125
0 0.135156 0.664844 0.0390625 0.0390625
0 0.328125 0.720312 0.05 0.0625
0 0.588281 0.739062 0.0453125 0.046875
0 0.600781 0.676562 0.0453125 0.034375
0 0.276563 0.498437 0.05625 0.059375
0 0.848437 0.5375 0.04375 0.053125
0 0.773438 0.5625 0.05 0.046875
0 0.316406 0.658594 0.0453125 0.0421875
0 0.674219 0.760938 0.0359375 0.0375
0 0.253906 0.803906 0.0421875 0.0453125
0 0.564062 0.432813 0.05625 0.05625
0 0.851562 0.498437 0.053125 0.059375
0 0.3625 0.661719 0.04375 0.0609375
0 0.586719 0.617188 0.0453125 0.053125
0 0.753906 0.666406 0.0453125 0.0453125
0 0.273438 0.657812 0.0375 0.03125
0 0.379687 0.402344 0.046875 0.0609375
0 0.264844 0.755469 0.0421875 0.0515625
0 0.813281 0.453906 0.0328125 0.0453125
0 0.542188 0.663281 0.05 0.0359375
0 0.81875 0.602344 0.053125 0.0609375
0 0.724219 0.557813 0.0484375 0.065625
0 0.657031 0.720312 0.0421875 0.040625
0 0.135156 0.553906 0.0453125 0.0578125
0 0.541406 0.6125 0.0453125 0.05625
0 0.717969 0.614844 0.0484375 0.0546875
0 0.623438 0.407813 0.059375 0.05625
0 0.778125 0.686719 0.0375 0.0359375
0 0.285937 0.71875 0.04375 0.046875
0 0.826563 0.3125 0.071875 0.075
0 0.239844 0.448438 0.0578125 0.0625
0 0.639063 0.463281 0.053125 0.0640625
0 0.375781 0.592969 0.0484375 0.0515625
0 0.307813 0.758594 0.04375 0.0453125
0 0.2125 0.73125 0.04375 0.046875
0 0.809375 0.535937 0.046875 0.059375
0 0.5625 0.382812 0.059375 0.059375
0 0.185156 0.488281 0.0484375 0.0609375
0 0.232031 0.613281 0.0546875 0.0703125
0 0.178906 0.678906 0.0453125 0.0484375
0 0.634375 0.605469 0.04375 0.0484375
0 0.803125 0.655469 0.040625 0.0484375
0 0.439844 0.402344 0.0546875 0.0515625
0 0.398438 0.707031 0.04375 0.0421875
0 0.586719 0.491406 0.0546875 0.0546875
0 0.107813 0.349219 0.05625 0.0671875
0 0.340625 0.485156 0.059375 0.0546875
0 0.494531 0.7125 0.0453125 0.046875
0 0.703906 0.657812 0.0421875 0.040625
0 0.7625 0.314063 0.071875 0.06875
0 0.4625 0.678125 0.046875 0.05
0 0.2375 0.372656 0.065625 0.0671875
0 0.507812 0.480469 0.059375 0.0609375
0 0.15 0.428906 0.053125 0.0609375
0 0.325 0.409375 0.053125 0.0625
0 0.33125 0.588281 0.046875 0.0515625
0 0.16875 0.716406 0.04375 0.0484375
0 0.499219 0.614844 0.0484375 0.0515625
0 0.364062 0.359375 0.053125 0.065625
0 0.745313 0.721875 0.04375 0.05
0 0.321094 0.54375 0.0515625 0.053125
0 0.757812 0.496094 0.05 0.0546875
0 0.779688 0.434375 0.053125 0.06875
0 0.660937 0.328125 0.06875 0.071875
0 0.619531 0.56875 0.0515625 0.059375
0 0.861719 0.425781 0.0609375 0.0671875
0 0.704687 0.727344 0.040625 0.0453125
0 0.303906 0.3625 0.0640625 0.0625
0 0.517187 0.342969 0.065625 0.0640625
0 0.491406 0.752344 0.0421875 0.0453125
0 0.235938 0.70625 0.04375 0.04375
0 0.539062 0.277344 0.065625 0.0734375
0 0.707031 0.49375 0.0484375 0.059375
0 0.458594 0.479688 0.0453125 0.05625
0 0.196094 0.434375 0.0484375 0.065625
0 0.658594 0.651563 0.0453125 0.046875
0 0.65 0.521875 0.053125 0.0625
0 0.189844 0.544531 0.0515625 0.0609375
0 0.21875 0.653906 0.04375 0.0578125
0 0.44375 0.347656 0.05625 0.0609375
0 0.671875 0.59375 0.046875 0.059375
0 0.503906 0.426562 0.0546875 0.059375
0 0.235938 0.494531 0.05 0.0546875
0 0.63125 0.742969 0.04375 0.0484375
0 0.410937 0.477344 0.053125 0.0671875
0 0.595312 0.332031 0.059375 0.0734375
0 0.804688 0.364844 0.0625 0.0609375
0 0.569531 0.580469 0.0453125 0.0546875
0 0.409375 0.669531 0.04375 0.0515625
0 0.535937 0.754687 0.04375 0.046875
0 0.146875 0.503125 0.046875 0.0625
0 0.5 0.657812 0.046875 0.05
0 0.438281 0.56875 0.0515625 0.05625
0 0.557031 0.707031 0.0453125 0.0515625
0 0.721094 0.255469 0.0671875 0.0828125
