0 0.485156 0.521094 0.0671875 0.0796875
0 0.524219 0.71875 0.0578125 0.08125
0 0.398438 0.353125 0.065625 0.090625
0 0.352344 0.692187 0.0515625 0.08125
0 0.653906 0.776563 0.0671875 0.071875
0 0.313281 0.615625 0.0515625 0.084375
0 0.376563 0.571875 0.053125 0.0875
0 0.354688 0.765625 0.05 0.075
0 0.470313 0.835938 0.053125 0.084375
0 0.460156 0.603906 0.0609375 0.0796875
0 0.267969 0.548437 0.0578125 0.08125
0 0.457031 0.678125 0.0609375 0.06875
0 0.697656 0.83125 0.0828125 0.1
0 0.374219 0.445312 0.0609375 0.103125
0 0.283594 0.439844 0.0609375 0.0890625
0 0.420312 0.526563 0.0625 0.084375
0 0.521875 0.177344 0.065625 0.110937
0 0.335938 0.183594 0.065625 0.0890625
0 0.425 0.149219 0.06875 0.101562
0 0.407031 0.642969 0.0546875 0.0796875
0 0.602344 0.828125 0.0640625 0.090625
0 0.716406 0.65 0.0796875 0.09375
0 0.717188 0.746094 0.0625 0.0921875
0 0.590625 0.9125 0.065625 0.078125
0 0.571094 0.396875 0.0703125 0.103125
0 0.524219 0.608594 0.0703125 0.0890625
0 0.410156 0.717969 0.0578125 0.0765625
0 0.627344 0.594531 0.0765625 0.0984375
0 0.322656 0.50625 0.0671875 0.09375
0 0.689062 0.546875 0.075 0.09375
0 0.475781 0.770312 0.0578125 0.071875
0 0.330469 0.392188 0.0609375 0.103125
0 0.479688 0.242969 0.075 0.110937
0 0.255469 0.615625 0.0578125 0.071875
0 0.345313 0.267969 0.0625 0.101562
0 0.657812 0.678906 0.075 0.104687
0 0.439063 0.438281 0.065625 0.0953125
0 0.645312 0.336719 0.078125 0.101562
0 0.53125 0.790625 0.059375 0.075
0 0.582031 0.746875 0.0640625 0.096875
0 0.517969 0.44375 0.0796875 0.1
0 0.277344 0.344531 0.0640625 0.0890625
0 0.6875 0.44375 0.08125 0.10625
0 0.549219 0.507812 0.0734375 0.096875
0 0.40625 0.252344 0.075 0.0953125
0 0.528906 0.8625 0.0609375 0.078125
0 0.419531 0.792969 0.0609375 0.0734375
0 0.244531 0.24375 0.0703125 0.09375
0 0.557813 0.298438 0.078125 0.096875
0 0.653125 0.882812 0.078125 0.08125
0 0.579687 0.65625 0.075 0.09375
0 0.621875 0.507031 0.075 0.0890625
0 0.480469 0.342969 0.0796875 0.101562
