0 0.227344 0.371094 0.0484375 0.0703125
0 0.273438 0.377344 0.071875 0.0859375
0 0.357031 0.213281 0.0453125 0.0765625
0 0.402344 0.21875 0.0609375 0.084375
0 0.278906 0.300781 0.0484375 0.0765625
0 0.552344 0.460938 0.0671875 0.084375
0 0.1 0.335156 0.040625 0.0828125
0 0.203125 0.5375 0.05625 0.084375
0 0.141406 0.326562 0.0515625 0.08125
0 0.178906 0.3875 0.0578125 0.090625
0 0.226562 0.448438 0.053125 0.09375
0 0.405469 0.664062 0.0609375 0.096875
0 0.325781 0.30625 0.0703125 0.08125
0 0.119531 0.416406 0.0515625 0.0796875
0 0.3875 0.342969 0.065625 0.0921875
0 0.599219 0.671094 0.0609375 0.101562
0 0.524219 0.552344 0.0609375 0.0953125
0 0.696875 0.523438 0.065625 0.10625
0 0.8 0.5625 0.08125 0.09375
0 0.517969 0.638281 0.0609375 0.0921875
0 0.546094 0.275 0.0640625 0.10625
0 0.805469 0.675781 0.0640625 0.104687
0 0.363281 0.580469 0.0640625 0.0890625
0 0.189063 0.276563 0.0625 0.08125
0 0.536719 0.83125 0.0609375 0.096875
0 0.375781 0.458594 0.0640625 0.114063
0 0.791406 0.777344 0.0765625 0.0859375
0 0.392969 0.140625 0.0671875 0.096875
0 0.459375 0.295312 0.06875 0.096875
0 0.289062 0.2125 0.065625 0.08125
0 0.474219 0.786719 0.0640625 0.0984375
0 0.433594 0.391406 0.0671875 0.0953125
0 0.153906 0.496094 0.0609375 0.0890625
0 0.290625 0.601562 0.06875 0.09375
0 0.58125 0.125781 0.065625 0.0859375
0 0.474219 0.2 0.0734375 0.0875
0 0.740625 0.717969 0.075 0.0953125
0 0.592188 0.553125 0.078125 0.103125
0 0.760156 0.347656 0.0765625 0.0953125
0 0.654688 0.599219 0.08125 0.0984375
0 0.407031 0.754687 0.0703125 0.1
0 0.764063 0.466406 0.071875 0.0921875
0 0.638281 0.327344 0.0765625 0.0984375
0 0.603906 0.759375 0.0734375 0.090625
0 0.541406 0.178906 0.0703125 0.0921875
0 0.603125 0.853906 0.078125 0.0859375
0 0.710938 0.251563 0.06875 0.096875
0 0.309375 0.520312 0.06875 0.096875
0 0.483594 0.472656 0.0703125 0.0859375
0 0.739844 0.610156 0.0765625 0.0953125
0 0.698438 0.423438 0.078125 0.09375
0 0.61875 0.441406 0.08125 0.0984375
0 0.334375 0.39375 0.071875 0.1
0 0.660156 0.696094 0.0734375 0.104687
0 0.469531 0.696094 0.0703125 0.0921875
0 0.467187 0.603906 0.071875 0.0953125
0 0.482812 0.107031 0.078125 0.0953125
0 0.745313 0.84375 0.078125 0.09375
0 0.678125 0.896875 0.08125 0.090625
0 0.54375 0.744531 0.075 0.0984375
0 0.580469 0.382031 0.0796875 0.0984375
0 0.622656 0.23125 0.0796875 0.096875
0 0.505469 0.367188 0.0796875 0.10625
0 0.683594 0.794531 0.0796875 0.104687
0 0.432031 0.530469 0.0734375 0.0921875
