0 0.753125 0.578906 0.046875 0.0640625
0 0.3 0.682031 0.05 0.0609375
0 0.374219 0.70625 0.0515625 0.0625
0 0.263281 0.702344 0.0453125 0.0546875
0 0.224219 0.338281 0.0546875 0.0765625
0 0.648438 0.570312 0.053125 0.059375
0 0.15 0.689062 0.059375 0.059375
0 0.328125 0.448438 0.053125 0.075
0 0.114063 0.560156 0.05625 0.0640625
0 0.492188 0.739062 0.053125 0.06875
0 0.203125 0.248437 0.05 0.078125
0 0.800781 0.578125 0.0578125 0.075
0 0.278125 0.404687 0.0625 0.0875
0 0.814844 0.635156 0.0578125 0.0671875
0 0.432031 0.59375 0.0546875 0.071875
0 0.361719 0.771094 0.0515625 0.0578125
0 0.435937 0.514063 0.053125 0.071875
0 0.485938 0.585938 0.05 0.059375
0 0.374219 0.176563 0.0609375 0.09375
0 0.171094 0.366406 0.0546875 0.0765625
0 0.367188 0.511719 0.053125 0.0828125
0 0.660156 0.752344 0.0546875 0.0546875
0 0.2625 0.553125 0.053125 0.0625
0 0.7375 0.321094 0.059375 0.0796875
0 0.495313 0.454688 0.05625 0.090625
0 0.55 0.70625 0.053125 0.05625
0 0.335156 0.357031 0.0578125 0.0796875
0 0.653906 0.375 0.0640625 0.071875
0 0.298438 0.61875 0.053125 0.065625
0 0.224219 0.416406 0.0546875 0.0796875
0 0.717188 0.771094 0.05625 0.0578125
0 0.683594 0.622656 0.0546875 0.0703125
0 0.548437 0.549219 0.05625 0.0734375
0 0.558594 0.48125 0.0609375 0.075
0 0.25 0.269531 0.05625 0.0734375
0 0.535156 0.610156 0.0546875 0.0671875
0 0.7375 0.415625 0.0625 0.078125
0 0.607813 0.714844 0.05625 0.0671875
0 0.657812 0.501562 0.059375 0.075
0 0.374219 0.569531 0.0546875 0.0578125
0 0.314844 0.545313 0.0546875 0.071875
0 0.777344 0.442969 0.0578125 0.0765625
0 0.445312 0.449219 0.053125 0.0703125
0 0.203906 0.638281 0.0546875 0.0578125
0 0.441406 0.378125 0.0578125 0.078125
0 0.304688 0.28125 0.05625 0.078125
0 0.5125 0.365625 0.0625 0.084375
0 0.251563 0.488281 0.053125 0.0765625
0 0.434375 0.709375 0.053125 0.065625
0 0.791406 0.365625 0.0609375 0.0875
0 0.654688 0.694531 0.053125 0.0671875
0 0.622656 0.446875 0.0640625 0.078125
0 0.572656 0.658594 0.0515625 0.0796875
0 0.60625 0.623438 0.053125 0.084375
0 0.605469 0.528906 0.0609375 0.0703125
0 0.177344 0.432031 0.0546875 0.0671875
0 0.161719 0.615625 0.0515625 0.0625
0 0.132812 0.501562 0.05 0.065625
0 0.465625 0.296875 0.05625 0.084375
0 0.651563 0.207031 0.065625 0.0828125
0 0.428125 0.229687 0.065625 0.0875
0 0.505469 0.677344 0.0515625 0.0828125
0 0.524219 0.271875 0.0671875 0.1
0 0.273438 0.769531 0.05 0.0609375
0 0.121094 0.430469 0.0515625 0.0734375
0 0.777344 0.516406 0.0578125 0.0765625
0 0.38125 0.429688 0.05625 0.078125
0 0.221094 0.694531 0.0484375 0.0640625
0 0.567187 0.397656 0.05625 0.0765625
0 0.251563 0.644531 0.05625 0.0703125
0 0.3125 0.742188 0.053125 0.06875
0 0.317969 0.196094 0.0609375 0.0953125
0 0.705469 0.675 0.0515625 0.059375
0 0.202344 0.511719 0.0515625 0.0828125
0 0.560938 0.171875 0.06875 0.09375
0 0.807813 0.701563 0.05625 0.071875
0 0.358594 0.26875 0.0640625 0.09375
0 0.767969 0.653125 0.0515625 0.071875
0 0.455469 0.657031 0.0515625 0.0703125
0 0.567187 0.319531 0.065625 0.0828125
0 0.255469 0.178125 0.0640625 0.096875
0 0.699219 0.282031 0.0703125 0.0921875
0 0.217187 0.5875 0.05 0.06875
0 0.161719 0.554688 0.0453125 0.071875
0 0.4125 0.65625 0.053125 0.06875
0 0.316406 0.802344 0.0515625 0.0671875
0 0.496094 0.527344 0.0609375 0.0765625
0 0.409375 0.304688 0.0625 0.0875
0 0.482031 0.192969 0.0671875 0.0984375
0 0.767187 0.759375 0.05 0.0625
0 0.354688 0.642187 0.05625 0.075
0 0.632031 0.307813 0.0671875 0.090625
0 0.724219 0.482812 0.0640625 0.06875
0 0.582031 0.246094 0.0609375 0.0890625
0 0.708594 0.557031 0.0640625 0.0921875
