0 0.246875 0.439844 0.053125 0.0828125
0 0.576563 0.142188 0.05 0.090625
0 0.775781 0.771875 0.0484375 0.0625
0 0.196875 0.674219 0.04375 0.0703125
0 0.3625 0.763281 0.046875 0.0484375
0 0.748438 0.450781 0.05625 0.0640625
0 0.721875 0.521094 0.053125 0.0734375
0 0.599219 0.650781 0.0546875 0.0640625
0 0.714844 0.635938 0.0546875 0.05
0 0.794531 0.630469 0.0546875 0.0546875
0 0.809375 0.496875 0.05 0.065625
0 0.221875 0.89375 0.0375 0.05625
0 0.297656 0.652344 0.0515625 0.0578125
0 0.486719 0.5125 0.0578125 0.075
0 0.35625 0.288281 0.053125 0.0734375
0 0.360938 0.554688 0.053125 0.06875
0 0.235156 0.289062 0.0546875 0.071875
0 0.214844 0.58125 0.0515625 0.06875
0 0.138281 0.747656 0.0484375 0.0609375
0 0.698438 0.826563 0.05 0.065625
0 0.122656 0.328125 0.0421875 0.071875
0 0.642187 0.603125 0.053125 0.05625
0 0.575 0.445312 0.059375 0.065625
0 0.316406 0.360156 0.0484375 0.0703125
0 0.548437 0.375781 0.053125 0.0671875
0 0.778906 0.2875 0.0578125 0.071875
0 0.671094 0.5625 0.0484375 0.075
0 0.160156 0.623438 0.0484375 0.059375
0 0.301562 0.289844 0.059375 0.0671875
0 0.603125 0.340625 0.059375 0.071875
0 0.723437 0.298438 0.059375 0.071875
0 0.232031 0.45625 0.0484375 0.06875
0 0.697656 0.446875 0.0515625 0.06875
0 0.660937 0.314063 0.0625 0.065625
0 0.678906 0.160938 0.0578125 0.0875
0 0.773438 0.679688 0.059375 0.065625
0 0.304688 0.503125 0.05625 0.0625
0 0.180469 0.447656 0.0484375 0.0671875
0 0.285156 0.810156 0.0453125 0.0609375
0 0.5125 0.18125 0.05625 0.078125
0 0.85 0.444531 0.059375 0.0796875
0 0.725 0.220313 0.06875 0.08125
0 0.727344 0.776563 0.0484375 0.059375
0 0.623438 0.407031 0.05625 0.0734375
0 0.126563 0.590625 0.046875 0.059375
0 0.345313 0.626562 0.05625 0.05625
0 0.378906 0.482812 0.0546875 0.05625
0 0.539062 0.66875 0.05625 0.059375
0 0.195312 0.382031 0.046875 0.0671875
0 0.560156 0.54375 0.0515625 0.075
0 0.482812 0.342969 0.05 0.0828125
0 0.645312 0.789062 0.046875 0.065625
0 0.138281 0.828906 0.0515625 0.0609375
0 0.448438 0.439844 0.053125 0.0703125
0 0.485156 0.796875 0.0515625 0.065625
0 0.489062 0.650781 0.053125 0.0671875
0 0.764844 0.360156 0.0578125 0.0671875
0 0.396094 0.417188 0.0546875 0.08125
0 0.358594 0.825 0.0484375 0.0625
0 0.183594 0.777344 0.0453125 0.0609375
0 0.429688 0.282031 0.05 0.0765625
0 0.117188 0.6875 0.04375 0.059375
0 0.371875 0.354688 0.05 0.06875
0 0.789844 0.213281 0.0640625 0.0828125
0 0.451562 0.688281 0.0625 0.0578125
0 0.495313 0.257812 0.053125 0.078125
0 0.264844 0.428906 0.0515625 0.0703125
0 0.530469 0.603125 0.0484375 0.06875
0 0.126563 0.533594 0.053125 0.0671875
0 0.329688 0.428125 0.05625 0.075
0 0.4875 0.582812 0.05625 0.0625
0 0.384375 0.730469 0.04375 0.0609375
0 0.275 0.583594 0.05 0.0640625
0 0.486719 0.739844 0.0515625 0.0640625
0 0.229687 0.635156 0.046875 0.0609375
0 0.629687 0.228125 0.06875 0.078125
0 0.596094 0.789062 0.0453125 0.0625
0 0.428906 0.350781 0.0578125 0.0671875
0 0.230469 0.365625 0.0578125 0.075
0 0.236719 0.805469 0.0484375 0.0640625
0 0.683594 0.367969 0.0609375 0.0734375
0 0.615625 0.54375 0.05625 0.0625
0 0.314063 0.560938 0.05 0.0625
0 0.542188 0.310937 0.053125 0.071875
0 0.396094 0.674219 0.0515625 0.0671875
0 0.80625 0.723437 0.05 0.05625
0 0.71875 0.688281 0.04375 0.0609375
0 0.255469 0.535156 0.0515625 0.0640625
0 0.173438 0.578906 0.04375 0.0640625
0 0.832812 0.582812 0.05 0.078125
0 0.4375 0.617188 0.05625 0.071875
0 0.14375 0.475 0.053125 0.06875
0 0.798437 0.407813 0.053125 0.0625
0 0.346094 0.675781 0.0484375 0.0609375
0 0.307813 0.714844 0.05 0.0671875
0 0.427344 0.553125 0.0546875 0.06875
0 0.669531 0.750781 0.0546875 0.0640625
0 0.492188 0.413281 0.053125 0.0796875
0 0.41875 0.803906 0.046875 0.0578125
0 0.567969 0.238281 0.0578125 0.0734375
0 0.846094 0.358594 0.0578125 0.0828125
0 0.828125 0.666406 0.053125 0.0671875
0 0.779688 0.541406 0.05625 0.0671875
0 0.582812 0.603906 0.053125 0.0671875
0 0.179688 0.514844 0.05 0.0671875
0 0.55625 0.734375 0.053125 0.065625
0 0.642187 0.479688 0.05625 0.075
0 0.607813 0.707031 0.05 0.0578125
0 0.153906 0.697656 0.0484375 0.0640625
0 0.307031 0.767969 0.0421875 0.0578125
0 0.5375 0.808594 0.053125 0.0640625
0 0.264844 0.754687 0.0453125 0.05625
0 0.271094 0.846875 0.0453125 0.05
0 0.432031 0.753906 0.0484375 0.0609375
0 0.722656 0.590625 0.0609375 0.075
0 0.667969 0.666406 0.0515625 0.0640625
0 0.85625 0.508594 0.05 0.0671875
0 0.153906 0.392969 0.0515625 0.0640625
0 0.257031 0.678906 0.0421875 0.0546875
0 0.211719 0.740625 0.0484375 0.0625
