0 0.128125 0.450781 0.053125 0.0765625
0 0.317969 0.394531 0.0453125 0.0671875
0 0.725781 0.664844 0.0609375 0.0796875
0 0.261719 0.716406 0.0609375 0.0765625
0 0.271875 0.5375 0.059375 0.078125
0 0.422656 0.163281 0.0546875 0.0828125
0 0.777344 0.507031 0.0578125 0.0828125
0 0.426562 0.419531 0.05625 0.0734375
0 0.413281 0.663281 0.0546875 0.0796875
0 0.927344 0.629687 0.0609375 0.0875
0 0.18125 0.4375 0.053125 0.084375
0 0.751562 0.752344 0.065625 0.0953125
0 0.459375 0.891406 0.059375 0.0921875
0 0.474219 0.64375 0.0640625 0.075
0 0.653125 0.211719 0.05625 0.0890625
0 0.534375 0.449219 0.065625 0.0765625
0 0.302344 0.65625 0.0515625 0.059375
0 0.248437 0.610156 0.053125 0.0796875
0 0.397656 0.725781 0.0515625 0.0765625
0 0.478906 0.459375 0.0671875 0.0875
0 0.300781 0.776563 0.0578125 0.071875
0 0.511719 0.86875 0.0609375 0.075
0 0.588281 0.205469 0.0640625 0.0828125
0 0.45625 0.714063 0.05625 0.075
0 0.579687 0.513281 0.059375 0.0828125
0 0.742969 0.341406 0.0640625 0.0953125
0 0.838281 0.467969 0.0578125 0.0796875
0 0.550781 0.580469 0.0703125 0.0734375
0 0.388281 0.5875 0.0546875 0.075
0 0.342969 0.727344 0.0546875 0.0734375
0 0.370313 0.457031 0.05625 0.0671875
0 0.486719 0.244531 0.0640625 0.0796875
0 0.608594 0.614062 0.0671875 0.090625
0 0.469531 0.376563 0.0609375 0.08125
0 0.565625 0.825781 0.059375 0.0734375
0 0.635156 0.828906 0.0640625 0.0953125
0 0.5125 0.703125 0.05625 0.08125
0 0.479688 0.170312 0.059375 0.08125
0 0.174219 0.503906 0.0484375 0.0703125
0 0.310156 0.299219 0.0546875 0.0734375
0 0.354688 0.66875 0.053125 0.084375
0 0.296875 0.164062 0.059375 0.0875
0 0.610937 0.334375 0.0625 0.090625
0 0.760938 0.589844 0.0625 0.0828125
0 0.635156 0.539844 0.0609375 0.0890625
0 0.561719 0.7625 0.0609375 0.08125
0 0.375781 0.294531 0.0609375 0.0859375
0 0.33125 0.530469 0.0625 0.0703125
0 0.113281 0.6125 0.0640625 0.075
0 0.261719 0.853906 0.0578125 0.0671875
0 0.561719 0.2875 0.0671875 0.084375
0 0.69375 0.778125 0.065625 0.0875
0 0.808594 0.678125 0.0703125 0.08125
0 0.264062 0.428125 0.053125 0.065625
0 0.126563 0.378125 0.06875 0.078125
0 0.619531 0.719531 0.0671875 0.0984375
0 0.439844 0.572656 0.0609375 0.0828125
0 0.407813 0.872656 0.05625 0.0703125
0 0.360156 0.374219 0.0609375 0.0859375
0 0.817187 0.5875 0.053125 0.090625
0 0.184375 0.578125 0.05625 0.06875
0 0.539844 0.367188 0.0671875 0.09375
0 0.503906 0.530469 0.0734375 0.0890625
0 0.691406 0.603125 0.0734375 0.0875
0 0.826563 0.745313 0.065625 0.084375
0 0.159375 0.675 0.059375 0.075
0 0.308594 0.59375 0.0578125 0.071875
0 0.889063 0.551562 0.065625 0.084375
0 0.220313 0.492188 0.0625 0.08125
0 0.207031 0.358594 0.0515625 0.0828125
0 0.497656 0.774219 0.0546875 0.0734375
0 0.717969 0.415625 0.0703125 0.078125
0 0.33125 0.845312 0.059375 0.078125
0 0.41875 0.247656 0.05625 0.0765625
0 0.252344 0.25625 0.0640625 0.084375
0 0.378125 0.809375 0.059375 0.08125
0 0.197656 0.74375 0.0578125 0.078125
0 0.41875 0.345313 0.05625 0.075
0 0.225781 0.66875 0.0578125 0.06875
0 0.68125 0.285937 0.06875 0.0875
0 0.169531 0.303906 0.0640625 0.0828125
0 0.715625 0.517187 0.075 0.096875
0 0.657812 0.467969 0.075 0.0984375
0 0.242969 0.782031 0.0515625 0.0703125
0 0.596094 0.410156 0.0765625 0.0953125
0 0.302344 0.476562 0.0640625 0.078125
0 0.797656 0.432031 0.0703125 0.104687
0 0.25625 0.346094 0.05625 0.0796875
0 0.567187 0.667969 0.065625 0.0890625
0 0.119531 0.530469 0.0546875 0.0734375
0 0.40625 0.496875 0.059375 0.090625
0 0.682813 0.709375 0.06875 0.08125
0 0.44375 0.807813 0.053125 0.08125
0 0.671875 0.374219 0.065625 0.0890625
0 0.880469 0.696875 0.0734375 0.090625
