0 0.545313 0.320312 0.025 0.0375
0 0.0851562 0.113281 0.0296875 0.0453125
0 0.244531 0.296875 0.0328125 0.04375
0 0.541406 0.31875 0.0390625 0.05
0 0.8125 0.702344 0.028125 0.0390625
0 0.607813 0.777344 0.03125 0.0484375
0 0.408594 0.220313 0.0359375 0.040625
0 0.561719 0.8 0.0359375 0.04375
0 0.317969 0.590625 0.0296875 0.040625
0 0.525781 0.211719 0.0359375 0.0484375
0 0.349219 0.317969 0.0359375 0.0515625
0 0.240625 0.870313 0.04375 0.046875
0 0.215625 0.850781 0.034375 0.0546875
0 0.195312 0.439063 0.034375 0.04375
0 0.359375 0.8625 0.028125 0.040625
0 0.574219 0.326562 0.0359375 0.046875
0 0.865625 0.226562 0.0375 0.053125
0 0.285937 0.548437 0.034375 0.053125
0 0.4375 0.821875 0.04375 0.05625
0 0.607813 0.265625 0.03125 0.053125
0 0.642187 0.649219 0.034375 0.0484375
0 0.654688 0.30625 0.028125 0.034375
0 0.48125 0.230469 0.040625 0.0578125
0 0.261719 0.328125 0.0390625 0.046875
0 0.728125 0.496094 0.0375 0.0453125
0 0.123438 0.727344 0.040625 0.0515625
0 0.538281 0.477344 0.0328125 0.0515625
0 0.860156 0.398438 0.0234375 0.046875
0 0.630469 0.274219 0.0296875 0.0421875
0 0.64375 0.192969 0.0375 0.0453125
0 0.427344 0.535156 0.0359375 0.0546875
0 0.85 0.542188 0.028125 0.05
0 0.725781 0.566406 0.0328125 0.0515625
0 0.589063 0.214844 0.0375 0.0484375
0 0.858594 0.478906 0.0296875 0.0453125
0 0.695312 0.307813 0.034375 0.040625
0 0.421875 0.267188 0.034375 0.05
0 0.225781 0.704687 0.0296875 0.0375
0 0.3875 0.353125 0.034375 0.04375
0 0.428906 0.426562 0.0328125 0.053125
0 0.79375 0.460156 0.034375 0.0421875
0 0.178906 0.703125 0.0421875 0.04375
0 0.621094 0.585156 0.0359375 0.0390625
0 0.4 0.39375 0.0375 0.05
0 0.778906 0.707812 0.0390625 0.05
0 0.259375 0.810156 0.04375 0.0484375
0 0.765625 0.430469 0.034375 0.0453125
0 0.541406 0.544531 0.0296875 0.0484375
0 0.744531 0.341406 0.0390625 0.0453125
0 0.322656 0.2875 0.0359375 0.05625
0 0.179688 0.814844 0.0375 0.0453125
0 0.311719 0.383594 0.0359375 0.0515625
0 0.829687 0.475 0.0375 0.040625
0 0.609375 0.814844 0.0375 0.0484375
0 0.304688 0.804688 0.040625 0.046875
0 0.778125 0.666406 0.03125 0.0453125
0 0.5625 0.423438 0.034375 0.046875
0 0.860156 0.440625 0.0359375 0.040625
0 0.401563 0.542188 0.040625 0.05
0 0.433594 0.704687 0.0328125 0.053125
0 0.233594 0.455469 0.0390625 0.0515625
0 0.622656 0.310156 0.0359375 0.0453125
0 0.547656 0.690625 0.0265625 0.05
0 0.54375 0.267969 0.040625 0.0546875
0 0.129688 0.585156 0.0375 0.0578125
0 0.846094 0.348437 0.0328125 0.0375
0 0.348437 0.910156 0.0375 0.0453125
0 0.757812 0.571094 0.034375 0.0421875
0 0.760938 0.296875 0.040625 0.046875
0 0.361719 0.280469 0.0390625 0.0484375
0 0.211719 0.746094 0.0421875 0.0515625
0 0.515625 0.257812 0.034375 0.05
0 0.152344 0.790625 0.0390625 0.05
0 0.610156 0.355469 0.0390625 0.0515625
0 0.822656 0.416406 0.0328125 0.0421875
0 0.446875 0.485156 0.034375 0.0546875
0 0.846875 0.3125 0.0375 0.046875
0 0.148438 0.672656 0.0375 0.0515625
0 0.466406 0.453125 0.0328125 0.05
0 0.75625 0.740625 0.0375 0.05
0 0.209375 0.803125 0.034375 0.053125
0 0.883594 0.317187 0.0390625 0.046875
0 0.227344 0.402344 0.0421875 0.0453125
0 0.607813 0.470313 0.0375 0.040625
0 0.632031 0.761719 0.0328125 0.0453125
0 0.502344 0.695312 0.0421875 0.05
0 0.508594 0.517187 0.0390625 0.05625
0 0.34375 0.716406 0.034375 0.0484375
0 0.2625 0.905469 0.0375 0.0515625
0 0.514844 0.365625 0.0390625 0.053125
0 0.238281 0.494531 0.0390625 0.0546875
0 0.894531 0.573438 0.0359375 0.053125
0 0.680469 0.276563 0.0390625 0.046875
0 0.607031 0.675781 0.0359375 0.0546875
0 0.374219 0.729688 0.0390625 0.05625
0 0.396875 0.49375 0.040625 0.053125
0 0.678906 0.526563 0.0359375 0.05625
0 0.395312 0.890625 0.040625 0.040625
0 0.628906 0.50625 0.0328125 0.05
0 0.883594 0.482031 0.0328125 0.0453125
0 0.797656 0.598437 0.0359375 0.05
0 0.392969 0.85625 0.0421875 0.05
0 0.617188 0.201562 0.03125 0.046875
0 0.575 0.469531 0.0375 0.0484375
0 0.829687 0.577344 0.03125 0.0484375
0 0.474219 0.730469 0.0390625 0.0421875
0 0.882812 0.370313 0.0375 0.046875
0 0.260938 0.64375 0.040625 0.046875
0 0.302344 0.660156 0.0390625 0.0453125
0 0.489844 0.415625 0.0390625 0.053125
0 0.821094 0.513281 0.0359375 0.0453125
0 0.797656 0.552344 0.0359375 0.0484375
0 0.764063 0.472656 0.034375 0.0453125
0 0.578125 0.282031 0.034375 0.0515625
0 0.645312 0.2375 0.034375 0.046875
0 0.807031 0.640625 0.0328125 0.05
0 0.689844 0.759375 0.0328125 0.046875
0 0.717188 0.653906 0.034375 0.0453125
0 0.357812 0.503906 0.034375 0.0515625
0 0.416406 0.580469 0.0359375 0.0453125
0 0.647656 0.341406 0.0390625 0.0546875
0 0.803906 0.773438 0.0328125 0.05
0 0.73125 0.695312 0.034375 0.040625
0 0.795313 0.284375 0.034375 0.053125
0 0.53125 0.789844 0.03125 0.0515625
0 0.644531 0.832031 0.0328125 0.0453125
0 0.208594 0.305469 0.0359375 0.0515625
0 0.592188 0.615625 0.0375 0.05
0 0.517187 0.30625 0.034375 0.05
0 0.854688 0.590625 0.034375 0.046875
0 0.721875 0.257812 0.0375 0.053125
0 0.160938 0.43125 0.0375 0.059375
0 0.698438 0.71875 0.034375 0.05
0 0.438281 0.867188 0.0328125 0.05
0 0.546875 0.375781 0.0375 0.0453125
0 0.820312 0.383594 0.0375 0.0453125
0 0.65625 0.559375 0.034375 0.05625
0 0.414062 0.335156 0.034375 0.0515625
0 0.401563 0.444531 0.034375 0.0546875
0 0.59375 0.428906 0.034375 0.0515625
0 0.79375 0.503906 0.034375 0.0484375
0 0.257812 0.434375 0.0375 0.05625
0 0.708594 0.420312 0.0359375 0.04375
0 0.759375 0.53125 0.034375 0.05
0 0.454688 0.330469 0.040625 0.0515625
0 0.653125 0.607031 0.034375 0.0484375
0 0.315625 0.7125 0.0375 0.05625
0 0.407813 0.794531 0.0375 0.0578125
0 0.395312 0.617969 0.0375 0.0453125
0 0.789844 0.359375 0.0390625 0.046875
0 0.301562 0.332031 0.0375 0.0484375
0 0.757031 0.254687 0.0390625 0.05
0 0.557031 0.742188 0.0390625 0.05
0 0.258594 0.601562 0.0390625 0.053125
0 0.80625 0.328125 0.0375 0.046875
0 0.379687 0.58125 0.040625 0.05
0 0.159375 0.529688 0.040625 0.05
0 0.76875 0.615625 0.034375 0.046875
0 0.221875 0.353906 0.0375 0.0546875
0 0.367969 0.438281 0.0328125 0.0484375
0 0.667969 0.648438 0.0359375 0.05
0 0.475781 0.495313 0.0359375 0.053125
0 0.379687 0.310937 0.0375 0.046875
0 0.11875 0.638281 0.0375 0.0515625
0 0.457812 0.667969 0.034375 0.0515625
0 0.460938 0.76875 0.0375 0.053125
0 0.299219 0.757812 0.0390625 0.05
0 0.642969 0.702344 0.0390625 0.0578125
0 0.292969 0.915625 0.0390625 0.05
0 0.15625 0.742969 0.040625 0.0515625
0 0.236719 0.544531 0.0390625 0.0515625
0 0.357031 0.666406 0.0359375 0.0515625
0 0.332812 0.757812 0.034375 0.046875
0 0.495313 0.779688 0.0375 0.046875
0 0.578125 0.575 0.034375 0.053125
0 0.482812 0.3 0.0375 0.05
0 0.155469 0.58125 0.0390625 0.053125
0 0.222656 0.583594 0.0390625 0.0484375
0 0.595312 0.73125 0.0375 0.05625
0 0.789844 0.409375 0.0359375 0.046875
0 0.742188 0.605469 0.0375 0.0484375
0 0.892969 0.435156 0.0328125 0.0484375
0 0.50625 0.829687 0.0375 0.05
0 0.178906 0.347656 0.0390625 0.0453125
0 0.342969 0.621094 0.0421875 0.0546875
0 0.340625 0.357812 0.0375 0.046875
0 0.296094 0.497656 0.0390625 0.0484375
0 0.46875 0.851562 0.040625 0.053125
0 0.113281 0.519531 0.0390625 0.0515625
0 0.629687 0.429688 0.040625 0.053125
0 0.555469 0.604688 0.0359375 0.046875
0 0.178906 0.392188 0.0390625 0.05
0 0.871094 0.523438 0.0328125 0.05
0 0.697656 0.617969 0.0328125 0.0484375
0 0.411719 0.74375 0.0359375 0.05
0 0.294531 0.448438 0.0359375 0.05625
0 0.257031 0.373437 0.0390625 0.053125
0 0.667969 0.427344 0.0359375 0.0515625
0 0.505469 0.466406 0.0359375 0.0515625
0 0.654688 0.479688 0.034375 0.05
0 0.735156 0.455469 0.0359375 0.0484375
0 0.592188 0.525781 0.0375 0.0484375
0 0.128906 0.467969 0.0421875 0.0546875
0 0.703906 0.479688 0.0359375 0.05
0 0.367188 0.39375 0.0375 0.046875
0 0.16875 0.48125 0.0375 0.053125
0 0.260156 0.744531 0.0359375 0.0515625
0 0.33125 0.467969 0.040625 0.0484375
0 0.19375 0.596094 0.034375 0.0515625
0 0.392188 0.664062 0.034375 0.046875
0 0.157813 0.627344 0.0375 0.0484375
0 0.667188 0.789844 0.0375 0.0453125
0 0.746875 0.654688 0.034375 0.046875
0 0.341406 0.807031 0.0359375 0.0515625
0 0.328906 0.866406 0.0359375 0.0484375
0 0.267188 0.694531 0.040625 0.0546875
0 0.367969 0.779688 0.0390625 0.05
0 0.589844 0.38125 0.0359375 0.05
0 0.480469 0.628906 0.0390625 0.0515625
0 0.442969 0.375781 0.0390625 0.0515625
0 0.442969 0.61875 0.0359375 0.053125
0 0.742188 0.396094 0.0375 0.0515625
0 0.442187 0.572656 0.040625 0.0515625
0 0.519531 0.736719 0.0390625 0.0546875
0 0.19375 0.552344 0.0375 0.0484375
0 0.565625 0.50625 0.0375 0.05
0 0.68125 0.385156 0.0375 0.0515625
0 0.219531 0.629687 0.0421875 0.05
0 0.70625 0.348437 0.034375 0.053125
0 0.679688 0.824219 0.034375 0.0484375
0 0.692969 0.572656 0.0328125 0.0484375
0 0.330469 0.410156 0.0421875 0.0578125
0 0.428906 0.659375 0.0359375 0.053125
0 0.192188 0.642187 0.0375 0.05
0 0.207813 0.510156 0.0375 0.0578125
0 0.517187 0.575 0.0375 0.05625
0 0.517187 0.636719 0.0375 0.0578125
0 0.291406 0.847656 0.0359375 0.0484375
0 0.567187 0.646094 0.0375 0.0515625
0 0.342969 0.573438 0.0390625 0.05
