0 0.628125 0.397656 0.065625 0.0859375
0 0.901563 0.70625 0.040625 0.065625
0 0.901563 0.198437 0.046875 0.075
0 0.905469 0.624219 0.0359375 0.0578125
0 0.232812 0.316406 0.04375 0.0578125
0 0.892969 0.690625 0.0546875 0.084375
0 0.889844 0.599219 0.0515625 0.0515625
0 0.322656 0.25 0.0546875 0.090625
0 0.701563 0.750781 0.05 0.0671875
0 0.898438 0.282031 0.05 0.0734375
0 0.428906 0.699219 0.0484375 0.0546875
0 0.524219 0.551562 0.0515625 0.078125
0 0.877344 0.532031 0.0421875 0.0609375
0 0.740625 0.807031 0.05 0.0609375
0 0.30625 0.741406 0.053125 0.0796875
0 0.701563 0.264062 0.05625 0.084375
0 0.6 0.0921875 0.059375 0.0875
0 0.363281 0.742188 0.0578125 0.065625
0 0.0742188 0.40625 0.0515625 0.078125
0 0.247656 0.528125 0.0609375 0.08125
0 0.841406 0.520312 0.0484375 0.06875
0 0.509375 0.753125 0.04375 0.065625
0 0.764063 0.160938 0.053125 0.06875
0 0.676562 0.338281 0.05625 0.0796875
0 0.90625 0.4875 0.0375 0.0625
0 0.461719 0.645312 0.0515625 0.071875
0 0.907812 0.420312 0.046875 0.05625
0 0.477344 0.245312 0.0546875 0.084375
0 0.530469 0.239063 0.0546875 0.08125
0 0.425781 0.578906 0.0609375 0.0671875
0 0.436719 0.31875 0.0578125 0.075
0 0.585156 0.464063 0.0640625 0.0625
0 0.103125 0.557031 0.05625 0.0828125
0 0.376563 0.353125 0.053125 0.096875
0 0.69375 0.55625 0.05 0.075
0 0.6375 0.496094 0.05625 0.0734375
0 0.85 0.253125 0.053125 0.08125
0 0.489062 0.524219 0.05625 0.0796875
0 0.401563 0.24375 0.05625 0.090625
0 0.711719 0.41875 0.0609375 0.075
0 0.715625 0.149219 0.059375 0.0734375
0 0.729688 0.696094 0.04375 0.0671875
0 0.240625 0.714063 0.05625 0.075
0 0.1375 0.438281 0.0625 0.0765625
0 0.810156 0.217969 0.0578125 0.0796875
0 0.733594 0.350781 0.0453125 0.0703125
0 0.424219 0.503906 0.0578125 0.0828125
0 0.88125 0.467187 0.046875 0.078125
0 0.06875 0.611719 0.059375 0.0734375
0 0.642969 0.40625 0.0546875 0.06875
0 0.1875 0.497656 0.05625 0.0671875
0 0.364062 0.446875 0.059375 0.078125
0 0.164844 0.814062 0.0578125 0.08125
0 0.104687 0.659375 0.05625 0.096875
0 0.839844 0.154687 0.0578125 0.078125
0 0.442187 0.175 0.05625 0.08125
0 0.757031 0.230469 0.0515625 0.0734375
0 0.507812 0.628125 0.046875 0.071875
0 0.34375 0.800781 0.059375 0.0640625
0 0.214062 0.224219 0.0625 0.0765625
0 0.228906 0.45 0.0609375 0.078125
0 0.534375 0.151562 0.059375 0.078125
0 0.394531 0.782812 0.0484375 0.065625
0 0.182812 0.367969 0.05625 0.0765625
0 0.586719 0.225 0.0546875 0.078125
0 0.752344 0.765625 0.0515625 0.06875
0 0.778906 0.491406 0.0484375 0.0671875
0 0.844531 0.59375 0.0515625 0.071875
0 0.941406 0.213281 0.0484375 0.0640625
0 0.65 0.24375 0.05625 0.084375
0 0.0632813 0.5 0.0546875 0.078125
0 0.625781 0.317187 0.0578125 0.06875
0 0.846094 0.728906 0.0515625 0.0734375
0 0.167187 0.571094 0.05625 0.0765625
0 0.314063 0.360156 0.065625 0.0734375
0 0.919531 0.348437 0.0484375 0.08125
0 0.629687 0.56875 0.053125 0.071875
0 0.667188 0.702344 0.053125 0.0671875
0 0.354688 0.610937 0.05 0.08125
0 0.289844 0.476562 0.0609375 0.071875
0 0.74375 0.553125 0.05 0.053125
0 0.403125 0.665625 0.05625 0.090625
0 0.71875 0.494531 0.053125 0.0796875
0 0.564062 0.302344 0.0625 0.0890625
0 0.28125 0.819531 0.059375 0.0609375
0 0.567187 0.599219 0.059375 0.0640625
0 0.870313 0.764844 0.05 0.0703125
0 0.13125 0.727344 0.059375 0.0765625
0 0.871094 0.383594 0.0453125 0.0640625
0 0.232812 0.7875 0.05625 0.0625
0 0.799219 0.776563 0.0546875 0.06875
0 0.798437 0.292188 0.053125 0.078125
0 0.308594 0.65 0.0546875 0.071875
0 0.554688 0.391406 0.065625 0.0890625
0 0.50625 0.321875 0.065625 0.0875
0 0.784375 0.703906 0.05 0.0640625
0 0.251563 0.604688 0.0625 0.0875
0 0.678125 0.63125 0.05625 0.075
0 0.457812 0.792969 0.05625 0.0734375
0 0.774219 0.641406 0.0578125 0.0703125
0 0.608594 0.65625 0.0546875 0.078125
0 0.79375 0.570312 0.05625 0.071875
0 0.554688 0.73125 0.05 0.065625
0 0.536719 0.678906 0.0515625 0.0671875
0 0.795313 0.36875 0.05625 0.075
0 0.844531 0.327344 0.0515625 0.0703125
0 0.764063 0.43125 0.053125 0.059375
0 0.370313 0.524219 0.053125 0.0828125
0 0.279687 0.291406 0.065625 0.0859375
0 0.60625 0.376563 0.0625 0.071875
0 0.496094 0.446875 0.0546875 0.08125
0 0.117969 0.341406 0.0703125 0.101562
0 0.833594 0.450781 0.0546875 0.0765625
0 0.725781 0.614844 0.0546875 0.0734375
0 0.478906 0.710156 0.0515625 0.0640625
0 0.583594 0.532031 0.0546875 0.0703125
0 0.832031 0.669531 0.0546875 0.0703125
0 0.294531 0.573438 0.0578125 0.0875
0 0.44375 0.399219 0.0625 0.0890625
0 0.180469 0.671875 0.0609375 0.08125
