0 0.635938 0.930469 0.0375 0.0453125
0 0.734375 0.541406 0.04375 0.0578125
0 0.471875 0.121875 0.059375 0.08125
0 0.226562 0.0773437 0.046875 0.0578125
0 0.235938 0.248437 0.0375 0.053125
0 0.574219 0.721094 0.0515625 0.0671875
0 0.213281 0.178906 0.0421875 0.0515625
0 0.363281 0.0617188 0.0421875 0.0546875
0 0.661719 0.888281 0.0421875 0.0578125
0 0.426562 0.135937 0.0375 0.053125
0 0.277344 0.45 0.0453125 0.059375
0 0.4375 0.775 0.04375 0.05625
0 0.561719 0.526563 0.0484375 0.065625
0 0.5375 0.254687 0.046875 0.0625
0 0.346875 0.188281 0.0375 0.0578125
0 0.527344 0.445312 0.0484375 0.059375
0 0.328906 0.246094 0.0484375 0.0609375
0 0.369531 0.221094 0.0421875 0.0609375
0 0.264844 0.0507812 0.0515625 0.0640625
0 0.175781 0.153125 0.0484375 0.065625
0 0.4875 0.823438 0.046875 0.059375
0 0.5125 0.315625 0.04375 0.0625
0 0.375 0.342969 0.040625 0.0640625
0 0.282031 0.245312 0.0453125 0.0625
0 0.201562 0.410156 0.04375 0.0546875
0 0.248437 0.139062 0.04375 0.065625
0 0.373437 0.157031 0.05 0.0640625
0 0.6875 0.502344 0.05 0.0671875
0 0.522656 0.567187 0.0453125 0.065625
0 0.698438 0.570312 0.053125 0.06875
0 0.485156 0.550781 0.0421875 0.0609375
0 0.310156 0.422656 0.0421875 0.0609375
0 0.558594 0.928125 0.0453125 0.059375
0 0.638281 0.3375 0.0546875 0.065625
0 0.3125 0.545313 0.046875 0.059375
0 0.303125 0.1875 0.04375 0.053125
0 0.399219 0.677344 0.0453125 0.0671875
0 0.316406 0.0476562 0.0484375 0.0609375
0 0.490625 0.675 0.053125 0.065625
0 0.701563 0.696094 0.053125 0.0671875
0 0.617188 0.639063 0.05 0.059375
0 0.409375 0.249219 0.04375 0.0578125
0 0.158594 0.297656 0.0359375 0.0578125
0 0.746094 0.594531 0.0515625 0.0640625
0 0.449219 0.651563 0.0484375 0.065625
0 0.736719 0.491406 0.0515625 0.0671875
0 0.457031 0.353906 0.0453125 0.0640625
0 0.257031 0.192188 0.0453125 0.059375
0 0.630469 0.448438 0.0515625 0.0625
0 0.672656 0.751562 0.0515625 0.06875
0 0.579687 0.589844 0.04375 0.0609375
0 0.199219 0.232031 0.0359375 0.0609375
0 0.404687 0.0890625 0.046875 0.059375
0 0.383594 0.421875 0.0453125 0.0625
0 0.46875 0.292188 0.04375 0.0625
0 0.275781 0.507812 0.0484375 0.059375
0 0.603125 0.491406 0.046875 0.0640625
0 0.16875 0.344531 0.040625 0.0578125
0 0.410937 0.196094 0.046875 0.0609375
0 0.208594 0.290625 0.0390625 0.05625
0 0.58125 0.790625 0.05 0.06875
0 0.226562 0.446094 0.046875 0.0578125
0 0.582812 0.425 0.04375 0.065625
0 0.444531 0.417969 0.0390625 0.0578125
0 0.157031 0.2125 0.0453125 0.0625
0 0.653906 0.592969 0.0515625 0.0671875
0 0.48125 0.241406 0.04375 0.0546875
0 0.347656 0.392969 0.0484375 0.0609375
0 0.486719 0.617969 0.0484375 0.0609375
0 0.253906 0.329688 0.0484375 0.059375
0 0.660937 0.655469 0.05 0.0640625
0 0.567187 0.663281 0.05 0.0640625
0 0.296094 0.307031 0.0453125 0.0578125
0 0.457031 0.188281 0.0453125 0.0640625
0 0.369531 0.28125 0.0421875 0.0625
0 0.526563 0.807813 0.05 0.0625
0 0.340625 0.117188 0.05 0.0625
0 0.435156 0.705469 0.0484375 0.0609375
0 0.417188 0.315625 0.046875 0.05625
0 0.553125 0.308594 0.05 0.0609375
0 0.483594 0.411719 0.0484375 0.0640625
0 0.420312 0.620313 0.04375 0.0625
0 0.358594 0.446094 0.0484375 0.0640625
0 0.64375 0.278125 0.05 0.0625
0 0.489062 0.744531 0.05 0.0609375
0 0.604688 0.303125 0.046875 0.0625
0 0.527344 0.504687 0.0484375 0.059375
0 0.317187 0.482812 0.046875 0.0625
0 0.25625 0.3875 0.04375 0.0625
0 0.29375 0.113281 0.046875 0.0578125
0 0.441406 0.557031 0.0453125 0.0609375
0 0.519531 0.875 0.0515625 0.065625
0 0.34375 0.566406 0.046875 0.0640625
0 0.644531 0.50625 0.0515625 0.065625
0 0.389062 0.552344 0.05 0.0640625
0 0.436719 0.485156 0.0484375 0.0609375
0 0.670313 0.828906 0.05 0.0640625
0 0.705469 0.429688 0.0515625 0.06875
0 0.207813 0.348437 0.040625 0.0625
0 0.419531 0.378906 0.0421875 0.0578125
0 0.342187 0.321094 0.04375 0.0578125
0 0.623438 0.696094 0.053125 0.0640625
0 0.657031 0.384375 0.0515625 0.065625
0 0.710938 0.6375 0.05625 0.071875
0 0.35625 0.514063 0.04375 0.059375
0 0.39375 0.492969 0.040625 0.0578125
0 0.617188 0.555469 0.053125 0.0609375
0 0.525 0.632031 0.05 0.0671875
0 0.479688 0.471094 0.04375 0.0640625
0 0.617969 0.760156 0.0453125 0.0640625
0 0.294531 0.360156 0.0453125 0.0671875
0 0.580469 0.3625 0.0453125 0.0625
0 0.571094 0.210156 0.0484375 0.0671875
0 0.38125 0.608594 0.04375 0.0609375
0 0.621094 0.836719 0.0515625 0.0671875
0 0.595312 0.910156 0.05 0.0640625
0 0.533594 0.734375 0.0453125 0.065625
0 0.530469 0.385156 0.0484375 0.0671875
