0 0.830469 0.539844 0.0390625 0.0546875
0 0.475 0.328906 0.05 0.0578125
0 0.322656 0.252344 0.0453125 0.0734375
0 0.294531 0.657812 0.0453125 0.059375
0 0.651563 0.224219 0.046875 0.0609375
0 0.524219 0.2875 0.0453125 0.065625
0 0.075 0.824219 0.05 0.0609375
0 0.625781 0.272656 0.0484375 0.0640625
0 0.536719 0.639063 0.0421875 0.0625
0 0.700781 0.685938 0.0453125 0.05625
0 0.513281 0.200781 0.0453125 0.0734375
0 0.3 0.397656 0.053125 0.0640625
0 0.135156 0.779688 0.0453125 0.065625
0 0.263281 0.624219 0.0515625 0.0640625
0 0.699219 0.564844 0.0484375 0.0609375
0 0.178125 0.832031 0.046875 0.0609375
0 0.639063 0.413281 0.046875 0.0671875
0 0.497656 0.638281 0.0421875 0.0609375
0 0.3875 0.417188 0.053125 0.06875
0 0.476562 0.710156 0.05 0.0609375
0 0.364844 0.197656 0.0515625 0.0671875
0 0.728906 0.320312 0.0421875 0.0625
0 0.5625 0.165625 0.05 0.071875
0 0.423438 0.220313 0.05 0.06875
0 0.3 0.327344 0.059375 0.0671875
0 0.499219 0.459375 0.0515625 0.0625
0 0.6 0.501562 0.05 0.059375
0 0.564062 0.234375 0.05 0.0625
0 0.423438 0.296875 0.053125 0.06875
0 0.253125 0.375 0.05625 0.06875
0 0.655469 0.301562 0.0484375 0.06875
0 0.119531 0.621875 0.0515625 0.059375
0 0.61875 0.349219 0.05 0.0609375
0 0.736719 0.732031 0.0484375 0.0609375
0 0.423438 0.464063 0.053125 0.065625
0 0.69375 0.245312 0.05 0.0625
0 0.785937 0.635156 0.046875 0.0640625
0 0.560938 0.539062 0.05 0.065625
0 0.249219 0.73125 0.0421875 0.05625
0 0.259375 0.303125 0.05 0.075
0 0.677344 0.364062 0.0546875 0.06875
0 0.245312 0.792969 0.04375 0.0578125
0 0.167969 0.58125 0.0546875 0.059375
0 0.264062 0.460938 0.053125 0.065625
0 0.547656 0.425781 0.0484375 0.0578125
0 0.245312 0.685156 0.046875 0.0640625
0 0.572656 0.690625 0.0421875 0.05625
0 0.467969 0.172656 0.0515625 0.0703125
0 0.290625 0.515625 0.053125 0.065625
0 0.589844 0.450781 0.0515625 0.0703125
0 0.528125 0.690625 0.04375 0.05625
0 0.835938 0.478906 0.05 0.0703125
0 0.503125 0.523438 0.046875 0.0625
0 0.504687 0.132812 0.05625 0.059375
0 0.478906 0.252344 0.0578125 0.0703125
0 0.478125 0.590625 0.053125 0.059375
0 0.492188 0.384375 0.05 0.0625
0 0.0976562 0.695312 0.0546875 0.06875
0 0.425781 0.567969 0.0484375 0.0609375
0 0.217969 0.423438 0.0578125 0.065625
0 0.616406 0.617969 0.0484375 0.0578125
0 0.814844 0.427344 0.0484375 0.0578125
0 0.342187 0.370313 0.053125 0.06875
0 0.282813 0.778906 0.04375 0.0640625
0 0.214062 0.626562 0.046875 0.059375
0 0.620313 0.680469 0.046875 0.0640625
0 0.603125 0.200781 0.053125 0.0703125
0 0.746875 0.667188 0.04375 0.0625
0 0.432813 0.396875 0.053125 0.06875
0 0.716406 0.482031 0.0515625 0.0671875
0 0.236719 0.56875 0.0546875 0.0625
0 0.719531 0.383594 0.0484375 0.0640625
0 0.657031 0.478125 0.0546875 0.0625
0 0.679688 0.525 0.05 0.065625
0 0.647656 0.705469 0.0453125 0.0578125
0 0.569531 0.305469 0.0484375 0.0671875
0 0.377344 0.332031 0.0546875 0.0640625
0 0.232031 0.499219 0.0453125 0.0640625
0 0.334375 0.453125 0.05 0.0625
0 0.585156 0.374219 0.0515625 0.0671875
0 0.467187 0.491406 0.046875 0.0609375
0 0.709375 0.63125 0.046875 0.065625
0 0.521875 0.578906 0.04375 0.0640625
0 0.347656 0.5125 0.0515625 0.065625
0 0.778906 0.48125 0.0484375 0.0625
0 0.18125 0.527344 0.053125 0.0609375
0 0.409375 0.520312 0.05 0.0625
0 0.38125 0.265625 0.053125 0.065625
0 0.752344 0.53125 0.0515625 0.065625
0 0.69375 0.745313 0.04375 0.053125
0 0.332031 0.745313 0.0484375 0.059375
0 0.19375 0.717969 0.046875 0.0546875
0 0.434375 0.713281 0.05 0.0640625
0 0.0953125 0.759375 0.05 0.059375
0 0.417188 0.157031 0.059375 0.0578125
0 0.832031 0.6 0.0421875 0.0625
0 0.657031 0.583594 0.0484375 0.0640625
0 0.804688 0.566406 0.046875 0.0578125
0 0.344531 0.617188 0.0453125 0.053125
0 0.742188 0.595312 0.046875 0.059375
0 0.786719 0.38125 0.0515625 0.0625
0 0.203125 0.778125 0.046875 0.05625
0 0.658594 0.654688 0.0453125 0.05625
0 0.582031 0.598437 0.0453125 0.0625
0 0.395312 0.611719 0.046875 0.0640625
0 0.757812 0.424219 0.05 0.0640625
0 0.170312 0.670313 0.05 0.059375
0 0.346875 0.680469 0.046875 0.0640625
0 0.542969 0.482812 0.0515625 0.065625
0 0.146094 0.705469 0.0453125 0.0578125
0 0.614844 0.554688 0.0484375 0.0625
0 0.382812 0.727344 0.046875 0.0609375
0 0.396094 0.667969 0.0453125 0.0609375
0 0.534375 0.355469 0.05 0.0640625
0 0.308594 0.589063 0.0484375 0.065625
0 0.292969 0.723437 0.0484375 0.0625
0 0.44375 0.65 0.053125 0.065625
0 0.366406 0.567187 0.0515625 0.065625
