0 0.749219 0.707812 0.0453125 0.034375
0 0.378125 0.565625 0.05 0.05625
0 0.594531 0.883594 0.0515625 0.0703125
0 0.803125 0.674219 0.053125 0.0734375
0 0.63125 0.804688 0.046875 0.059375
0 0.664844 0.617969 0.0578125 0.0671875
0 0.745313 0.7875 0.034375 0.04375
0 0.638281 0.835156 0.0359375 0.0421875
0 0.921094 0.682031 0.0484375 0.0703125
0 0.860156 0.574219 0.0390625 0.0453125
0 0.273438 0.349219 0.05 0.0671875
0 0.7125 0.769531 0.0625 0.0703125
0 0.900781 0.747656 0.0578125 0.0578125
0 0.166406 0.604688 0.0453125 0.065625
0 0.698438 0.841406 0.05 0.0515625
0 0.742188 0.671094 0.053125 0.0703125
0 0.575 0.35625 0.065625 0.08125
0 0.602344 0.621094 0.0515625 0.0703125
0 0.132812 0.417969 0.040625 0.0578125
0 0.784375 0.414062 0.05 0.0625
0 0.147656 0.553906 0.0421875 0.0578125
0 0.314063 0.446094 0.053125 0.0734375
0 0.5625 0.496875 0.046875 0.06875
0 0.703125 0.158594 0.046875 0.0859375
0 0.65625 0.676562 0.03125 0.046875
0 0.401563 0.260156 0.059375 0.0796875
0 0.483594 0.384375 0.0421875 0.053125
0 0.382031 0.204688 0.0421875 0.071875
0 0.502344 0.574219 0.0515625 0.0609375
0 0.710938 0.4875 0.046875 0.053125
0 0.3625 0.670313 0.04375 0.053125
0 0.807031 0.714063 0.0484375 0.05
0 0.438281 0.189063 0.0421875 0.06875
0 0.76875 0.889063 0.05 0.0625
0 0.185156 0.697656 0.0515625 0.0609375
0 0.734375 0.292969 0.046875 0.0703125
0 0.571875 0.267969 0.059375 0.0765625
0 0.36875 0.628125 0.046875 0.065625
0 0.466406 0.328125 0.0484375 0.075
0 0.448438 0.584375 0.046875 0.065625
0 0.796094 0.25 0.0484375 0.08125
0 0.346875 0.3 0.046875 0.0625
0 0.160156 0.451562 0.0453125 0.06875
0 0.2625 0.597656 0.05625 0.0703125
0 0.160156 0.38125 0.0421875 0.071875
0 0.517187 0.366406 0.05625 0.0828125
0 0.849219 0.667969 0.0515625 0.0671875
0 0.207813 0.325781 0.046875 0.0671875
0 0.846875 0.265625 0.053125 0.06875
0 0.605469 0.197656 0.0640625 0.0921875
0 0.264844 0.448438 0.0453125 0.05625
0 0.804688 0.834375 0.04375 0.05625
0 0.658594 0.18125 0.0546875 0.08125
0 0.460938 0.467969 0.053125 0.0640625
0 0.725 0.567969 0.053125 0.0640625
0 0.339844 0.605469 0.0390625 0.0546875
0 0.849219 0.457031 0.0484375 0.0546875
0 0.732813 0.442187 0.05 0.065625
0 0.692187 0.426562 0.065625 0.071875
0 0.284375 0.242969 0.0625 0.0734375
0 0.8 0.45625 0.053125 0.065625
0 0.557031 0.675781 0.0515625 0.0671875
0 0.797656 0.339844 0.0640625 0.0765625
0 0.628906 0.296094 0.0640625 0.0984375
0 0.816406 0.589063 0.0484375 0.065625
0 0.548437 0.557031 0.053125 0.0671875
0 0.61875 0.728906 0.0625 0.0578125
0 0.523438 0.280469 0.046875 0.0640625
0 0.68125 0.30625 0.05 0.059375
0 0.821875 0.528906 0.05 0.0734375
0 0.744531 0.376563 0.0546875 0.075
0 0.852344 0.402344 0.0640625 0.0640625
0 0.136719 0.49375 0.0515625 0.0625
0 0.282813 0.40625 0.046875 0.0625
0 0.508594 0.660937 0.0546875 0.0625
0 0.942187 0.530469 0.059375 0.0703125
0 0.496875 0.70625 0.04375 0.0625
0 0.744531 0.211719 0.0578125 0.0796875
0 0.766406 0.153125 0.0578125 0.071875
0 0.519531 0.15625 0.0640625 0.10625
0 0.848437 0.727344 0.05 0.0640625
0 0.403906 0.672656 0.0515625 0.0671875
0 0.86875 0.801562 0.05 0.059375
0 0.558594 0.608594 0.0421875 0.0578125
0 0.40625 0.328906 0.053125 0.0703125
0 0.559375 0.753125 0.04375 0.059375
0 0.435937 0.382031 0.053125 0.0671875
0 0.579687 0.428125 0.053125 0.06875
0 0.284375 0.494531 0.05 0.0578125
0 0.342969 0.366406 0.0578125 0.0765625
0 0.817969 0.79375 0.0515625 0.065625
0 0.621094 0.553125 0.0609375 0.078125
0 0.630469 0.379687 0.0546875 0.075
0 0.230469 0.485938 0.0453125 0.0625
0 0.767187 0.514844 0.05 0.0609375
0 0.853906 0.33125 0.0578125 0.06875
0 0.64375 0.471875 0.059375 0.08125
0 0.942187 0.619531 0.075 0.0921875
0 0.452344 0.694531 0.0453125 0.0578125
0 0.228906 0.398438 0.0515625 0.0625
0 0.461719 0.517187 0.0515625 0.065625
0 0.417969 0.446094 0.0515625 0.0640625
0 0.357812 0.489844 0.05 0.0703125
0 0.520312 0.43125 0.053125 0.065625
0 0.769531 0.603125 0.0578125 0.075
0 0.467969 0.63125 0.0421875 0.05625
0 0.495313 0.232031 0.05 0.0640625
0 0.519531 0.514063 0.0515625 0.06875
