0 0.203125 0.371094 0.075 0.110937
0 0.102344 0.304688 0.0609375 0.090625
0 0.609375 0.510938 0.06875 0.08125
0 0.801562 0.810938 0.065625 0.078125
0 0.503125 0.433594 0.059375 0.107813
0 0.564062 0.674219 0.065625 0.0796875
0 0.258594 0.366406 0.0640625 0.0796875
0 0.690625 0.908594 0.071875 0.0671875
0 0.621875 0.221094 0.065625 0.110937
0 0.577344 0.596094 0.0765625 0.0984375
0 0.576563 0.417969 0.078125 0.104687
0 0.453125 0.695312 0.0625 0.1
0 0.635156 0.790625 0.0640625 0.075
0 0.416406 0.203906 0.0734375 0.107813
0 0.627344 0.865625 0.0609375 0.08125
0 0.771094 0.658594 0.0609375 0.0984375
0 0.639844 0.711719 0.0578125 0.0859375
0 0.510938 0.641406 0.065625 0.0859375
0 0.824219 0.722656 0.0609375 0.0984375
0 0.678125 0.495313 0.078125 0.10625
0 0.6375 0.598437 0.065625 0.090625
0 0.61875 0.325781 0.075 0.0984375
0 0.413281 0.616406 0.0671875 0.0890625
0 0.31875 0.3875 0.065625 0.103125
0 0.228125 0.542969 0.06875 0.0984375
0 0.324219 0.297656 0.0703125 0.104687
0 0.760938 0.759375 0.065625 0.075
0 0.15625 0.3 0.065625 0.09375
0 0.755469 0.490625 0.0703125 0.1
0 0.527344 0.329688 0.0796875 0.10625
0 0.467969 0.242969 0.0765625 0.0984375
0 0.6625 0.166406 0.071875 0.0921875
0 0.567969 0.846094 0.0671875 0.0921875
0 0.538281 0.515625 0.0703125 0.08125
0 0.696094 0.732031 0.0609375 0.104687
0 0.255469 0.446094 0.0703125 0.0984375
0 0.742188 0.578125 0.06875 0.096875
0 0.785937 0.327344 0.06875 0.0953125
0 0.224219 0.26875 0.0828125 0.1
0 0.561719 0.123438 0.0765625 0.096875
0 0.335938 0.200781 0.075 0.0953125
0 0.465625 0.148438 0.075 0.096875
0 0.388281 0.41875 0.0734375 0.096875
0 0.446094 0.780469 0.0734375 0.0921875
0 0.83125 0.629687 0.075 0.09375
0 0.126563 0.39375 0.071875 0.1
0 0.544531 0.228125 0.0796875 0.109375
0 0.757031 0.867188 0.0703125 0.08125
0 0.695312 0.289062 0.075 0.096875
0 0.449219 0.36875 0.0796875 0.109375
0 0.510156 0.805469 0.0703125 0.0859375
0 0.509375 0.724219 0.06875 0.0828125
0 0.803906 0.528906 0.0703125 0.101562
0 0.330469 0.622656 0.0796875 0.0984375
0 0.377344 0.319531 0.0828125 0.0921875
0 0.707031 0.820312 0.0671875 0.09375
0 0.642187 0.429688 0.078125 0.109375
0 0.582031 0.771875 0.0734375 0.09375
0 0.820312 0.429688 0.078125 0.103125
0 0.432813 0.49375 0.06875 0.1125
0 0.703906 0.382031 0.0796875 0.104687
0 0.353125 0.54375 0.078125 0.103125
0 0.169531 0.496094 0.0796875 0.0984375
0 0.483594 0.571094 0.0765625 0.0859375
0 0.696875 0.646094 0.071875 0.0953125
