0 0.159375 0.742969 0.046875 0.0671875
0 0.247656 0.846094 0.0359375 0.0515625
0 0.344531 0.623438 0.0453125 0.05
0 0.559375 0.778906 0.04375 0.0453125
0 0.473437 0.905469 0.040625 0.0546875
0 0.628125 0.6125 0.05 0.05625
0 0.478125 0.496875 0.046875 0.06875
0 0.54375 0.616406 0.040625 0.0671875
0 0.590625 0.826563 0.05 0.059375
0 0.410937 0.628906 0.04375 0.0546875
0 0.277344 0.740625 0.0453125 0.0625
0 0.924219 0.0765625 0.0609375 0.071875
0 0.214062 0.832812 0.040625 0.053125
0 0.702344 0.1 0.0546875 0.0875
0 0.148438 0.678125 0.05 0.0625
0 0.198437 0.771094 0.03125 0.0359375
0 0.521875 0.685938 0.053125 0.059375
0 0.500781 0.619531 0.0484375 0.0640625
0 0.6625 0.189063 0.05625 0.075
0 0.327344 0.74375 0.0484375 0.05625
0 0.769531 0.38125 0.0515625 0.06875
0 0.610937 0.2375 0.04375 0.078125
0 0.876562 0.457031 0.0625 0.0640625
0 0.476562 0.3625 0.053125 0.065625
0 0.321875 0.915625 0.046875 0.059375
0 0.152344 0.758594 0.0453125 0.0640625
0 0.253906 0.957812 0.0484375 0.0625
0 0.874219 0.363281 0.0640625 0.0734375
0 0.314844 0.428125 0.0515625 0.059375
0 0.701563 0.575781 0.059375 0.0859375
0 0.336719 0.860156 0.0359375 0.0546875
0 0.610937 0.785937 0.046875 0.05625
0 0.624219 0.505469 0.0609375 0.0578125
0 0.661719 0.788281 0.0515625 0.0640625
0 0.270312 0.566406 0.04375 0.0640625
0 0.960156 0.220313 0.0515625 0.071875
0 0.361719 0.907031 0.0453125 0.0609375
0 0.703906 0.658594 0.0453125 0.0640625
0 0.5 0.244531 0.05 0.0796875
0 0.600781 0.317187 0.0546875 0.075
0 0.209375 0.935938 0.05 0.065625
0 0.725781 0.183594 0.0546875 0.0890625
0 0.549219 0.239844 0.0578125 0.0859375
0 0.25 0.658594 0.053125 0.0578125
0 0.972656 0.351562 0.0546875 0.078125
0 0.208594 0.535156 0.0453125 0.0671875
0 0.886719 0.0335938 0.0515625 0.0640625
0 0.779688 0.535156 0.059375 0.0640625
0 0.392188 0.936719 0.05 0.0640625
0 0.348437 0.792969 0.05 0.0609375
0 0.397656 0.676562 0.0453125 0.059375
0 0.696875 0.31875 0.053125 0.071875
0 0.463281 0.596094 0.0515625 0.0609375
0 0.726562 0.507812 0.046875 0.065625
0 0.424219 0.388281 0.0546875 0.0640625
0 0.35 0.701563 0.05 0.06875
0 0.560156 0.392188 0.0421875 0.06875
0 0.885938 0.146875 0.046875 0.078125
0 0.464844 0.675 0.0546875 0.0625
0 0.207031 0.619531 0.0453125 0.0703125
0 0.654688 0.265625 0.053125 0.071875
0 0.521875 0.833594 0.05 0.0640625
0 0.349219 0.485938 0.0546875 0.065625
0 0.301562 0.59375 0.05 0.06875
0 0.621875 0.375 0.0625 0.065625
0 0.364062 0.550781 0.05625 0.0640625
0 0.597656 0.655469 0.0484375 0.0671875
0 0.201562 0.686719 0.05625 0.0671875
0 0.361719 0.373437 0.0546875 0.065625
0 0.546875 0.879687 0.05 0.0625
0 0.408594 0.798437 0.0515625 0.0625
0 0.671094 0.390625 0.0515625 0.071875
0 0.375 0.764844 0.05 0.0640625
0 0.578125 0.560156 0.053125 0.0578125
0 0.754687 0.432813 0.053125 0.059375
0 0.932813 0.154687 0.05 0.075
0 0.935156 0.425 0.0515625 0.075
0 0.786719 0.246094 0.0609375 0.0796875
0 0.860156 0.246875 0.0609375 0.078125
0 0.467187 0.441406 0.05 0.0640625
0 0.523438 0.457031 0.046875 0.0671875
0 0.645312 0.66875 0.05625 0.08125
0 0.575781 0.733594 0.0546875 0.0703125
0 0.161719 0.607813 0.0515625 0.0625
0 0.417188 0.495313 0.05 0.071875
0 0.905469 0.300781 0.0609375 0.0796875
0 0.413281 0.564844 0.0546875 0.0734375
0 0.532812 0.308594 0.05 0.0609375
0 0.216406 0.738281 0.0484375 0.0578125
0 0.285937 0.517187 0.053125 0.06875
0 0.380469 0.866406 0.0484375 0.0578125
0 0.733594 0.371875 0.0546875 0.071875
0 0.230469 0.495313 0.0453125 0.065625
0 0.598437 0.132031 0.065625 0.0734375
0 0.316406 0.788281 0.0421875 0.0578125
0 0.435937 0.274219 0.059375 0.0734375
0 0.445312 0.875 0.053125 0.065625
0 0.814844 0.475 0.0484375 0.071875
0 0.807031 0.128125 0.0765625 0.0875
0 0.524219 0.539062 0.0515625 0.06875
0 0.421875 0.739062 0.046875 0.065625
0 0.478125 0.739062 0.05625 0.06875
0 0.590625 0.455469 0.0625 0.0609375
0 0.817187 0.317187 0.065625 0.075
0 0.535156 0.741406 0.0453125 0.0671875
0 0.667969 0.474219 0.0515625 0.0640625
0 0.239063 0.892969 0.046875 0.0546875
0 0.807031 0.0445312 0.0546875 0.0734375
0 0.282813 0.903125 0.046875 0.059375
0 0.470313 0.789844 0.053125 0.0671875
0 0.267969 0.445312 0.0546875 0.0625
0 0.292188 0.692187 0.05 0.0625
0 0.382812 0.441406 0.05 0.0640625
0 0.26875 0.800781 0.05 0.0609375
