0 0.68125 0.297656 0.03125 0.0484375
0 0.655469 0.278906 0.0515625 0.0640625
0 0.774219 0.524219 0.0453125 0.0640625
0 0.500781 0.424219 0.0515625 0.0609375
0 0.557813 0.857813 0.04375 0.0625
0 0.845312 0.578906 0.0375 0.0578125
0 0.2 0.364844 0.046875 0.0671875
0 0.503125 0.834375 0.04375 0.059375
0 0.674219 0.242969 0.0421875 0.0671875
0 0.448438 0.589063 0.04375 0.046875
0 0.475 0.129688 0.05 0.06875
0 0.486719 0.311719 0.0484375 0.0609375
0 0.685156 0.661719 0.0390625 0.0515625
0 0.573438 0.775781 0.040625 0.0546875
0 0.407813 0.160156 0.046875 0.0640625
0 0.302344 0.371875 0.0515625 0.05625
0 0.260156 0.246875 0.0484375 0.05625
0 0.528125 0.788281 0.04375 0.0515625
0 0.346875 0.575 0.05 0.065625
0 0.3 0.216406 0.05625 0.0703125
0 0.273438 0.471094 0.053125 0.0609375
0 0.4 0.601562 0.053125 0.059375
0 0.466406 0.8125 0.0453125 0.059375
0 0.165625 0.267969 0.05 0.0640625
0 0.739062 0.677344 0.046875 0.0609375
0 0.427344 0.333594 0.0546875 0.0609375
0 0.288281 0.3125 0.0515625 0.0625
0 0.403906 0.651563 0.0453125 0.053125
0 0.209375 0.226562 0.053125 0.071875
0 0.6 0.240625 0.053125 0.06875
0 0.389062 0.283594 0.053125 0.0671875
0 0.573438 0.169531 0.04375 0.0671875
0 0.676562 0.524219 0.05 0.0609375
0 0.452344 0.744531 0.0421875 0.0515625
0 0.504687 0.248437 0.046875 0.0625
0 0.352344 0.401563 0.0515625 0.0625
0 0.579687 0.678125 0.046875 0.05625
0 0.232812 0.302344 0.05625 0.0640625
0 0.367188 0.225781 0.053125 0.0734375
0 0.304688 0.14375 0.05625 0.071875
0 0.876562 0.578906 0.04375 0.0609375
0 0.441406 0.7125 0.0453125 0.059375
0 0.33125 0.269531 0.05 0.0640625
0 0.598437 0.626562 0.046875 0.0625
0 0.755469 0.452344 0.0453125 0.0671875
0 0.521875 0.542188 0.046875 0.065625
0 0.697656 0.714844 0.0453125 0.0578125
0 0.721094 0.566406 0.0484375 0.0640625
0 0.267969 0.414062 0.0453125 0.065625
0 0.4625 0.207813 0.053125 0.065625
0 0.439844 0.270312 0.0515625 0.06875
0 0.385156 0.7125 0.0453125 0.059375
0 0.391406 0.446875 0.0515625 0.065625
0 0.717188 0.415625 0.05625 0.065625
0 0.572656 0.527344 0.0421875 0.0640625
0 0.846094 0.373437 0.0453125 0.065625
0 0.758594 0.292188 0.0453125 0.065625
0 0.469531 0.373437 0.0546875 0.06875
0 0.916406 0.489844 0.0484375 0.0640625
0 0.446875 0.428906 0.046875 0.0609375
0 0.830469 0.628906 0.0453125 0.0546875
0 0.469531 0.539844 0.0453125 0.0546875
0 0.919531 0.55625 0.0484375 0.05625
0 0.523438 0.482031 0.053125 0.0671875
0 0.521094 0.366406 0.0453125 0.0671875
0 0.808594 0.342969 0.0484375 0.0671875
0 0.584375 0.304688 0.05 0.065625
0 0.355469 0.472656 0.0453125 0.0640625
0 0.682813 0.588281 0.05 0.0640625
0 0.566406 0.354688 0.0515625 0.06875
0 0.554688 0.740625 0.04375 0.05625
0 0.802344 0.436719 0.0515625 0.0640625
0 0.658594 0.739062 0.0453125 0.0625
0 0.398438 0.384375 0.05625 0.06875
0 0.517187 0.190625 0.053125 0.0625
0 0.41875 0.805469 0.04375 0.0578125
0 0.472656 0.485938 0.0453125 0.065625
0 0.860156 0.439844 0.0515625 0.0640625
0 0.505469 0.75 0.0453125 0.0625
0 0.477344 0.69375 0.0421875 0.053125
0 0.323438 0.527344 0.053125 0.0671875
0 0.624219 0.78125 0.0453125 0.059375
0 0.529688 0.701563 0.053125 0.059375
0 0.804688 0.565625 0.046875 0.0625
0 0.647656 0.46875 0.0546875 0.065625
0 0.614062 0.180469 0.053125 0.0703125
0 0.769531 0.605469 0.0484375 0.0609375
0 0.667969 0.340625 0.0484375 0.065625
0 0.378906 0.529688 0.0515625 0.0625
0 0.586719 0.471094 0.0546875 0.0671875
0 0.404687 0.75625 0.040625 0.05625
0 0.428125 0.488281 0.053125 0.0671875
0 0.553906 0.592969 0.0515625 0.0609375
0 0.621875 0.5125 0.05 0.065625
0 0.770312 0.390625 0.053125 0.06875
0 0.542188 0.653906 0.046875 0.0609375
0 0.553125 0.41875 0.05 0.059375
0 0.609375 0.400781 0.05 0.0640625
0 0.494531 0.591406 0.0515625 0.0640625
0 0.30625 0.439844 0.053125 0.0671875
0 0.653125 0.641406 0.046875 0.0609375
0 0.342187 0.340625 0.053125 0.06875
0 0.741406 0.352344 0.0484375 0.0671875
0 0.664844 0.403906 0.0484375 0.0671875
0 0.81875 0.510156 0.046875 0.0640625
0 0.55 0.24375 0.053125 0.06875
0 0.485156 0.645312 0.0484375 0.059375
0 0.628906 0.578125 0.0484375 0.0625
0 0.64375 0.69375 0.046875 0.05625
0 0.85625 0.511719 0.04375 0.0640625
0 0.540625 0.303125 0.053125 0.06875
0 0.724219 0.503906 0.0515625 0.0640625
0 0.621875 0.338281 0.05 0.0671875
0 0.442969 0.64375 0.0484375 0.059375
0 0.607031 0.724219 0.0453125 0.0609375
0 0.782812 0.659375 0.046875 0.059375
0 0.709375 0.626562 0.05 0.065625
0 0.419531 0.552344 0.0515625 0.0640625
0 0.355469 0.646875 0.0453125 0.0625
