0 0.746875 0.630469 0.034375 0.0546875
0 0.621094 0.632031 0.0328125 0.0421875
0 0.363281 0.739844 0.0484375 0.0453125
0 0.724219 0.686719 0.0328125 0.0359375
0 0.664844 0.598437 0.0296875 0.034375
0 0.641406 0.740625 0.0359375 0.05
0 0.29375 0.667969 0.046875 0.0546875
0 0.753906 0.714844 0.0390625 0.0453125
0 0.779688 0.642187 0.040625 0.05
0 0.139062 0.686719 0.059375 0.0640625
0 0.598437 0.210156 0.040625 0.0609375
0 0.796875 0.697656 0.046875 0.0609375
0 0.711719 0.278125 0.0421875 0.05625
0 0.136719 0.438281 0.0515625 0.0671875
0 0.450781 0.610156 0.0515625 0.0640625
0 0.446094 0.498437 0.0515625 0.065625
0 0.191406 0.235938 0.0546875 0.06875
0 0.822656 0.514844 0.0359375 0.0578125
0 0.0984375 0.329688 0.05 0.071875
0 0.660937 0.559375 0.040625 0.059375
0 0.257031 0.752344 0.0546875 0.0578125
0 0.350781 0.567969 0.0546875 0.0578125
0 0.639063 0.602344 0.0375 0.0515625
0 0.300781 0.58125 0.0421875 0.04375
0 0.242969 0.623438 0.0546875 0.059375
0 0.484375 0.704687 0.04375 0.053125
0 0.153906 0.284375 0.0484375 0.06875
0 0.196875 0.6375 0.05 0.065625
0 0.503906 0.628906 0.0484375 0.0578125
0 0.275 0.477344 0.053125 0.0640625
0 0.286719 0.357812 0.0546875 0.065625
0 0.677344 0.190625 0.0453125 0.065625
0 0.129688 0.630469 0.05625 0.0609375
0 0.297656 0.1125 0.0515625 0.0625
0 0.483594 0.384375 0.0453125 0.06875
0 0.550781 0.389844 0.0484375 0.0609375
0 0.625781 0.495313 0.0453125 0.05625
0 0.0757812 0.430469 0.0609375 0.0734375
0 0.395312 0.453906 0.05 0.0671875
0 0.795313 0.559375 0.03125 0.053125
0 0.242188 0.215625 0.046875 0.06875
0 0.399219 0.49375 0.0453125 0.05625
0 0.516406 0.347656 0.0453125 0.0609375
0 0.464844 0.250781 0.0578125 0.0671875
0 0.448438 0.691406 0.05 0.0671875
0 0.619531 0.700781 0.0359375 0.0484375
0 0.588281 0.377344 0.0421875 0.0578125
0 0.246094 0.301562 0.0546875 0.078125
0 0.510156 0.535937 0.0484375 0.059375
0 0.560938 0.205469 0.046875 0.0671875
0 0.766406 0.557813 0.0328125 0.053125
0 0.39375 0.603125 0.05 0.05625
0 0.217187 0.141406 0.059375 0.0828125
0 0.347656 0.190625 0.0578125 0.075
0 0.691406 0.689062 0.0390625 0.053125
0 0.427344 0.40625 0.0515625 0.06875
0 0.408594 0.203125 0.0453125 0.06875
0 0.469531 0.542188 0.0484375 0.059375
0 0.190625 0.307031 0.053125 0.0796875
0 0.410156 0.270312 0.0515625 0.0625
0 0.301562 0.54375 0.053125 0.065625
0 0.235156 0.430469 0.0484375 0.0703125
0 0.192188 0.550781 0.053125 0.0609375
0 0.308594 0.716406 0.0515625 0.0640625
0 0.39375 0.132031 0.05 0.0671875
0 0.597656 0.314844 0.0484375 0.0609375
0 0.573438 0.559375 0.05 0.0625
0 0.657812 0.478906 0.0375 0.0578125
0 0.328906 0.392188 0.0515625 0.06875
0 0.6625 0.632031 0.04375 0.0484375
0 0.671094 0.253906 0.0453125 0.0640625
0 0.153125 0.496094 0.05625 0.0671875
0 0.588281 0.705469 0.0390625 0.0546875
0 0.720312 0.392188 0.040625 0.05625
0 0.532812 0.708594 0.046875 0.0609375
0 0.31875 0.464844 0.05 0.0671875
0 0.682813 0.314844 0.04375 0.0640625
0 0.342969 0.608594 0.0453125 0.0515625
0 0.770312 0.505469 0.04375 0.0515625
0 0.705469 0.744531 0.0390625 0.0546875
0 0.720312 0.627344 0.040625 0.0546875
0 0.782031 0.45625 0.0421875 0.059375
0 0.795313 0.3375 0.04375 0.0625
0 0.334375 0.269531 0.05625 0.0734375
0 0.0976562 0.489844 0.0640625 0.0671875
0 0.396875 0.644531 0.040625 0.0546875
0 0.694531 0.482031 0.0390625 0.0578125
0 0.464063 0.317969 0.05625 0.0671875
0 0.132812 0.542188 0.05 0.059375
0 0.141406 0.364062 0.0515625 0.06875
0 0.746094 0.459375 0.0453125 0.059375
0 0.519531 0.197656 0.0484375 0.0609375
0 0.628125 0.270312 0.05 0.065625
0 0.59375 0.645312 0.046875 0.05625
0 0.78125 0.279687 0.0375 0.05625
0 0.507031 0.492188 0.0484375 0.0625
0 0.38125 0.380469 0.053125 0.0703125
0 0.355469 0.50625 0.0515625 0.065625
0 0.682813 0.375781 0.040625 0.0640625
0 0.591406 0.257031 0.0453125 0.0609375
0 0.419531 0.553125 0.0453125 0.059375
0 0.48125 0.439844 0.053125 0.0640625
0 0.739844 0.572656 0.0359375 0.0546875
0 0.753125 0.258594 0.046875 0.0609375
0 0.692187 0.553906 0.0375 0.0515625
0 0.770312 0.384375 0.04375 0.0625
0 0.517969 0.254687 0.0515625 0.065625
0 0.757031 0.321875 0.0359375 0.059375
0 0.569531 0.433594 0.0484375 0.0640625
0 0.559375 0.607031 0.046875 0.0578125
0 0.461719 0.154687 0.0515625 0.0625
0 0.417188 0.334375 0.053125 0.06875
0 0.721875 0.213281 0.05 0.0671875
0 0.221094 0.367969 0.0609375 0.0671875
0 0.655469 0.4125 0.0453125 0.059375
0 0.554688 0.307031 0.046875 0.0578125
0 0.566406 0.496875 0.0484375 0.0625
0 0.694531 0.425 0.0421875 0.059375
0 0.249219 0.555469 0.0515625 0.0671875
0 0.617969 0.435156 0.0421875 0.0609375
