0 0.695312 0.724219 0.0375 0.0484375
0 0.573438 0.764844 0.03125 0.0390625
0 0.792969 0.576563 0.0359375 0.05
0 0.742188 0.457812 0.0375 0.046875
0 0.766406 0.789062 0.0390625 0.04375
0 0.31875 0.825781 0.0375 0.0453125
0 0.721875 0.8 0.034375 0.040625
0 0.499219 0.422656 0.0421875 0.0578125
0 0.780469 0.552344 0.0421875 0.0484375
0 0.510938 0.890625 0.0375 0.05625
0 0.598437 0.721094 0.0375 0.0546875
0 0.6875 0.779688 0.034375 0.053125
0 0.677344 0.452344 0.0390625 0.0515625
0 0.551562 0.589063 0.04375 0.05
0 0.386719 0.148438 0.0453125 0.059375
0 0.324219 0.641406 0.0484375 0.0578125
0 0.717969 0.690625 0.0421875 0.053125
0 0.342969 0.8625 0.0328125 0.05
0 0.615625 0.359375 0.04375 0.05625
0 0.634375 0.402344 0.04375 0.0578125
0 0.139844 0.4625 0.0484375 0.059375
0 0.511719 0.826563 0.0390625 0.046875
0 0.167187 0.513281 0.046875 0.0578125
0 0.571875 0.622656 0.034375 0.0484375
0 0.272656 0.388281 0.0390625 0.0546875
0 0.404687 0.0851562 0.05 0.0671875
0 0.4 0.234375 0.05 0.0625
0 0.671094 0.613281 0.0421875 0.0578125
0 0.577344 0.327344 0.0390625 0.0546875
0 0.249219 0.208594 0.0515625 0.0609375
0 0.564844 0.53125 0.0359375 0.05
0 0.185937 0.398438 0.046875 0.059375
0 0.849219 0.627344 0.0359375 0.0453125
0 0.569531 0.391406 0.0390625 0.0578125
0 0.533594 0.314063 0.0390625 0.04375
0 0.276563 0.157813 0.05 0.065625
0 0.75625 0.494531 0.040625 0.0546875
0 0.589844 0.873438 0.0390625 0.05
0 0.602344 0.441406 0.0453125 0.0578125
0 0.439844 0.195312 0.0515625 0.059375
0 0.436719 0.135156 0.0484375 0.0609375
0 0.842188 0.680469 0.040625 0.0546875
0 0.653906 0.827344 0.0359375 0.0453125
0 0.141406 0.370313 0.0515625 0.059375
0 0.172656 0.325 0.0578125 0.075
0 0.210938 0.677344 0.05 0.0578125
0 0.453906 0.413281 0.0453125 0.0546875
0 0.3125 0.717969 0.04375 0.0640625
0 0.723437 0.529688 0.0375 0.05
0 0.311719 0.290625 0.0484375 0.0625
0 0.234375 0.129688 0.046875 0.0625
0 0.510156 0.267969 0.0484375 0.0671875
0 0.439063 0.845312 0.04375 0.05625
0 0.710938 0.622656 0.0375 0.0484375
0 0.476562 0.765625 0.04375 0.053125
0 0.235938 0.821094 0.046875 0.0640625
0 0.546094 0.233594 0.0484375 0.0640625
0 0.746875 0.70625 0.0375 0.04375
0 0.23125 0.35 0.046875 0.065625
0 0.783594 0.634375 0.0390625 0.053125
0 0.508594 0.19375 0.0484375 0.065625
0 0.376563 0.295312 0.05 0.059375
0 0.342969 0.242969 0.0515625 0.0609375
0 0.642187 0.803125 0.0375 0.046875
0 0.417188 0.339063 0.046875 0.065625
0 0.351562 0.103906 0.046875 0.0703125
0 0.292188 0.503125 0.05 0.0625
0 0.60625 0.489844 0.034375 0.0515625
0 0.278125 0.564844 0.05 0.0578125
0 0.485938 0.686719 0.040625 0.0546875
0 0.560938 0.80625 0.040625 0.053125
0 0.307031 0.875 0.0390625 0.053125
0 0.550781 0.442187 0.0453125 0.05625
0 0.664844 0.760156 0.0390625 0.0515625
0 0.341406 0.527344 0.0390625 0.0546875
0 0.435937 0.678125 0.04375 0.05
0 0.803906 0.778906 0.0359375 0.0484375
0 0.422656 0.469531 0.0453125 0.0578125
0 0.298438 0.230469 0.05 0.0671875
0 0.71875 0.405469 0.040625 0.0546875
0 0.155469 0.570312 0.0515625 0.0625
0 0.790625 0.725781 0.0375 0.0453125
0 0.202344 0.540625 0.0484375 0.059375
0 0.696094 0.571094 0.0390625 0.0515625
0 0.49375 0.127344 0.046875 0.0671875
0 0.569531 0.49375 0.0421875 0.053125
0 0.823438 0.603906 0.0375 0.0515625
0 0.56875 0.278906 0.04375 0.0640625
0 0.402344 0.821875 0.0421875 0.053125
0 0.497656 0.520312 0.0453125 0.059375
0 0.219531 0.28125 0.0546875 0.065625
0 0.597656 0.658594 0.0390625 0.0484375
0 0.464844 0.567969 0.0453125 0.0546875
0 0.707031 0.491406 0.0390625 0.0546875
0 0.563281 0.680469 0.0390625 0.0515625
0 0.682813 0.655469 0.040625 0.0546875
0 0.432813 0.779688 0.040625 0.05
0 0.53125 0.542969 0.040625 0.0546875
0 0.46875 0.234375 0.046875 0.065625
0 0.38125 0.371094 0.05 0.0640625
0 0.505469 0.359375 0.0484375 0.059375
0 0.654688 0.344531 0.04375 0.0546875
0 0.590625 0.578125 0.04375 0.05625
0 0.151562 0.666406 0.053125 0.0640625
0 0.520312 0.471094 0.046875 0.0578125
0 0.823438 0.73125 0.0375 0.046875
0 0.6 0.795313 0.040625 0.05625
0 0.500781 0.582031 0.0421875 0.0515625
0 0.620313 0.617188 0.04375 0.053125
0 0.28125 0.763281 0.04375 0.0578125
0 0.45625 0.355469 0.040625 0.0578125
0 0.328906 0.167187 0.0515625 0.065625
0 0.757812 0.744531 0.0375 0.0453125
0 0.564844 0.728906 0.0421875 0.0515625
0 0.482031 0.863281 0.0390625 0.0484375
0 0.771875 0.669531 0.0375 0.0484375
0 0.619531 0.545313 0.0421875 0.053125
0 0.724219 0.757812 0.0390625 0.05
0 0.421094 0.632031 0.0421875 0.0546875
0 0.403906 0.754687 0.0421875 0.05
0 0.530469 0.623438 0.0359375 0.053125
0 0.471094 0.808594 0.0359375 0.0515625
0 0.274219 0.332812 0.0484375 0.065625
0 0.357031 0.678125 0.0421875 0.05
0 0.382812 0.479688 0.040625 0.05625
0 0.244531 0.589844 0.0421875 0.0578125
0 0.445312 0.730469 0.040625 0.0578125
0 0.380469 0.785156 0.0453125 0.0546875
0 0.4625 0.61875 0.040625 0.05
0 0.542188 0.382812 0.04375 0.059375
0 0.363281 0.729688 0.0421875 0.05
0 0.670313 0.528125 0.040625 0.053125
0 0.295312 0.445312 0.05 0.059375
0 0.319531 0.56875 0.0421875 0.05
0 0.528906 0.695312 0.0421875 0.053125
0 0.478906 0.307813 0.0484375 0.059375
0 0.203906 0.61875 0.0515625 0.0625
0 0.414844 0.583594 0.0421875 0.0546875
0 0.54375 0.779688 0.040625 0.053125
0 0.34375 0.335938 0.05 0.065625
0 0.342969 0.770312 0.0421875 0.053125
0 0.25625 0.721094 0.053125 0.0609375
0 0.46875 0.469531 0.04375 0.0578125
0 0.633594 0.455469 0.0390625 0.0546875
0 0.664062 0.70625 0.0375 0.05
0 0.442969 0.51875 0.0421875 0.05625
0 0.397656 0.53125 0.0484375 0.059375
0 0.542969 0.855469 0.0390625 0.0484375
0 0.282813 0.615625 0.04375 0.05625
0 0.379687 0.628125 0.04375 0.053125
0 0.642187 0.503906 0.0375 0.0484375
0 0.267188 0.272656 0.05 0.0703125
0 0.728125 0.58125 0.0375 0.05
0 0.379687 0.429688 0.046875 0.059375
0 0.236719 0.432813 0.0546875 0.065625
0 0.26875 0.669531 0.046875 0.0578125
0 0.334375 0.472656 0.046875 0.0640625
0 0.220313 0.772656 0.05 0.0609375
0 0.628906 0.692969 0.0390625 0.0484375
0 0.416406 0.399219 0.0453125 0.0609375
0 0.628906 0.757812 0.0390625 0.053125
0 0.507031 0.732813 0.0453125 0.053125
0 0.432031 0.278906 0.0484375 0.0640625
0 0.616406 0.836719 0.0390625 0.0453125
0 0.642969 0.646094 0.0421875 0.0546875
0 0.741406 0.642187 0.0390625 0.05
0 0.24375 0.520312 0.046875 0.059375
0 0.765625 0.596875 0.040625 0.053125
0 0.395312 0.692969 0.04375 0.0546875
0 0.654688 0.575781 0.040625 0.0515625
0 0.328125 0.405469 0.05 0.0640625
0 0.80625 0.649219 0.034375 0.0484375
0 0.367188 0.575781 0.04375 0.0515625
0 0.61875 0.298438 0.04375 0.0625
0 0.205469 0.489062 0.0546875 0.0625
0 0.492969 0.636719 0.0390625 0.0515625
