0 0.084375 0.550781 0.046875 0.0828125
0 0.207031 0.464844 0.0671875 0.0640625
0 0.55 0.834375 0.05 0.075
0 0.242969 0.742188 0.0484375 0.078125
0 0.273438 0.603906 0.05 0.0765625
0 0.279687 0.365625 0.05625 0.090625
0 0.461719 0.485156 0.0546875 0.0765625
0 0.160938 0.6375 0.05 0.075
0 0.428906 0.558594 0.0546875 0.0859375
0 0.451562 0.639063 0.05625 0.08125
0 0.338281 0.447656 0.0578125 0.0828125
0 0.294531 0.680469 0.0515625 0.0765625
0 0.476562 0.8 0.05625 0.0875
0 0.346875 0.686719 0.053125 0.0765625
0 0.29375 0.775 0.053125 0.084375
0 0.285156 0.447656 0.0546875 0.0796875
0 0.45 0.224219 0.05625 0.0921875
0 0.501562 0.263281 0.05625 0.0890625
0 0.722656 0.729688 0.0734375 0.090625
0 0.219531 0.553906 0.0515625 0.0796875
0 0.4375 0.411719 0.059375 0.0703125
0 0.321875 0.607031 0.05625 0.0703125
0 0.223438 0.664844 0.05 0.0734375
0 0.750781 0.615625 0.0640625 0.09375
0 0.382812 0.615625 0.065625 0.084375
0 0.357031 0.772656 0.0515625 0.0859375
0 0.696875 0.521875 0.065625 0.096875
0 0.40625 0.696875 0.053125 0.103125
0 0.467187 0.728125 0.065625 0.075
0 0.282813 0.528906 0.05625 0.0828125
0 0.388281 0.489844 0.0640625 0.0859375
0 0.601562 0.796094 0.0625 0.0703125
0 0.344531 0.533594 0.0546875 0.0921875
0 0.578906 0.707031 0.0640625 0.0984375
0 0.822656 0.592969 0.0703125 0.0953125
0 0.414062 0.302344 0.065625 0.0734375
0 0.4625 0.350781 0.065625 0.0828125
0 0.515625 0.482031 0.06875 0.0828125
0 0.4875 0.569531 0.0625 0.0828125
0 0.660156 0.780469 0.0703125 0.101562
0 0.339844 0.324219 0.0546875 0.0828125
0 0.503906 0.392188 0.0734375 0.096875
0 0.610937 0.616406 0.06875 0.0859375
0 0.635938 0.228125 0.06875 0.090625
0 0.621875 0.364844 0.071875 0.0953125
0 0.563281 0.220313 0.0703125 0.096875
0 0.746875 0.439844 0.078125 0.0953125
0 0.414062 0.778125 0.0625 0.071875
0 0.614844 0.535156 0.0671875 0.0765625
0 0.515625 0.667188 0.065625 0.096875
0 0.69375 0.366406 0.075 0.0921875
0 0.772656 0.533594 0.0890625 0.107813
0 0.680469 0.273438 0.0734375 0.090625
0 0.65625 0.453906 0.078125 0.0984375
0 0.829687 0.757812 0.08125 0.090625
0 0.782812 0.34375 0.08125 0.103125
0 0.650781 0.696875 0.0765625 0.103125
0 0.546094 0.322656 0.0703125 0.0984375
0 0.373437 0.371094 0.059375 0.0828125
0 0.820312 0.421875 0.0875 0.1125
0 0.549219 0.56875 0.0734375 0.0875
0 0.677344 0.619531 0.0796875 0.0953125
0 0.59375 0.446875 0.078125 0.1
0 0.845312 0.50625 0.0875 0.109375
0 0.771875 0.821094 0.071875 0.110937
0 0.796094 0.684375 0.0796875 0.096875
0 0.879687 0.684375 0.084375 0.096875
0 0.532031 0.753906 0.0671875 0.101562
