0 0.730469 0.369531 0.0234375 0.0390625
0 0.841406 0.41875 0.0328125 0.046875
0 0.707031 0.4 0.0328125 0.046875
0 0.726562 0.3875 0.025 0.034375
0 0.821094 0.673437 0.0265625 0.040625
0 0.544531 0.7 0.0296875 0.03125
0 0.728906 0.380469 0.0359375 0.0484375
0 0.191406 0.58125 0.0390625 0.028125
0 0.79375 0.183594 0.034375 0.0515625
0 0.0664062 0.382812 0.0484375 0.04375
0 0.850781 0.246875 0.0328125 0.05
0 0.124219 0.65 0.0359375 0.05
0 0.425 0.4375 0.0375 0.05
0 0.1 0.596094 0.040625 0.0421875
0 0.663281 0.675 0.0265625 0.03125
0 0.85 0.446094 0.025 0.0453125
0 0.510156 0.260938 0.0296875 0.040625
0 0.850781 0.378125 0.0296875 0.046875
0 0.86875 0.398438 0.025 0.034375
0 0.189844 0.715625 0.0390625 0.04375
0 0.571875 0.49375 0.0375 0.046875
0 0.0390625 0.46875 0.04375 0.04375
0 0.791406 0.296094 0.0359375 0.0453125
0 0.789062 0.264062 0.0375 0.053125
0 0.3 0.697656 0.0375 0.0453125
0 0.0609375 0.610156 0.04375 0.0421875
0 0.547656 0.6 0.0296875 0.04375
0 0.813281 0.263281 0.0328125 0.0515625
0 0.403125 0.59375 0.040625 0.053125
0 0.101562 0.565625 0.040625 0.053125
0 0.789062 0.525781 0.028125 0.0359375
0 0.578906 0.403906 0.0328125 0.0546875
0 0.464063 0.736719 0.034375 0.0359375
0 0.811719 0.328125 0.0328125 0.053125
0 0.473437 0.539062 0.0375 0.0375
0 0.533594 0.423438 0.0390625 0.034375
0 0.80625 0.408594 0.034375 0.0421875
0 0.372656 0.436719 0.0359375 0.0484375
0 0.096875 0.7 0.040625 0.046875
0 0.788281 0.636719 0.0328125 0.0453125
0 0.623438 0.375781 0.0375 0.0546875
0 0.135937 0.7375 0.034375 0.053125
0 0.502344 0.597656 0.0359375 0.0484375
0 0.834375 0.714844 0.028125 0.0421875
0 0.589844 0.277344 0.0359375 0.0515625
0 0.708594 0.2875 0.0359375 0.053125
0 0.746094 0.327344 0.0359375 0.0484375
0 0.534375 0.458594 0.0375 0.0453125
0 0.160938 0.620313 0.040625 0.0375
0 0.710938 0.539062 0.034375 0.05
0 0.867188 0.192188 0.0375 0.05
0 0.485938 0.639063 0.0375 0.046875
0 0.904688 0.521875 0.0375 0.046875
0 0.888281 0.592188 0.0296875 0.04375
0 0.783594 0.355469 0.0328125 0.0515625
0 0.64375 0.713281 0.03125 0.0328125
0 0.765625 0.550781 0.03125 0.0390625
0 0.546875 0.252344 0.0375 0.0515625
0 0.605469 0.442969 0.0328125 0.0484375
0 0.323438 0.265625 0.040625 0.053125
0 0.614062 0.483594 0.034375 0.0484375
0 0.503125 0.303125 0.040625 0.05
0 0.275 0.823438 0.0375 0.04375
0 0.075 0.653125 0.040625 0.04375
0 0.276563 0.725 0.0375 0.040625
0 0.439063 0.541406 0.0375 0.0515625
0 0.15 0.527344 0.040625 0.0421875
0 0.360938 0.778906 0.03125 0.0484375
0 0.744531 0.521875 0.0328125 0.040625
0 0.157813 0.454688 0.04375 0.05625
0 0.663281 0.646875 0.0328125 0.04375
0 0.585938 0.203906 0.0375 0.0515625
0 0.551562 0.676562 0.0375 0.04375
0 0.813281 0.542188 0.0328125 0.0375
0 0.696094 0.439844 0.0390625 0.0484375
0 0.345313 0.227344 0.040625 0.0578125
0 0.838281 0.303906 0.0328125 0.0515625
0 0.859375 0.5375 0.0375 0.05
0 0.646094 0.617969 0.0359375 0.0359375
0 0.620313 0.642969 0.028125 0.0421875
0 0.375 0.733594 0.0375 0.0421875
0 0.519531 0.205469 0.0359375 0.0515625
0 0.699219 0.572656 0.0328125 0.0390625
0 0.425 0.253906 0.040625 0.0546875
0 0.084375 0.435156 0.04375 0.0546875
0 0.488281 0.409375 0.0359375 0.053125
0 0.926562 0.480469 0.034375 0.0484375
0 0.601562 0.721094 0.034375 0.0421875
0 0.480469 0.242188 0.0390625 0.05625
0 0.817187 0.515625 0.03125 0.04375
0 0.646094 0.264844 0.0359375 0.0546875
0 0.879687 0.357031 0.034375 0.0515625
0 0.830469 0.467969 0.0390625 0.0453125
0 0.216406 0.747656 0.0390625 0.0453125
0 0.715625 0.738281 0.034375 0.0515625
0 0.15625 0.352344 0.04375 0.0515625
0 0.898438 0.632812 0.034375 0.040625
0 0.398438 0.466406 0.0375 0.0453125
0 0.379687 0.251563 0.04375 0.05625
0 0.854688 0.676562 0.034375 0.040625
0 0.719531 0.323438 0.0359375 0.046875
0 0.2875 0.517187 0.040625 0.05
0 0.589063 0.465625 0.0375 0.05
0 0.253125 0.374219 0.040625 0.0578125
0 0.411719 0.658594 0.0359375 0.0390625
0 0.576563 0.642969 0.034375 0.0484375
0 0.595312 0.528906 0.0375 0.0421875
0 0.177344 0.742188 0.0390625 0.040625
0 0.421875 0.301562 0.0375 0.05
0 0.721094 0.189844 0.0390625 0.0484375
0 0.435937 0.583594 0.034375 0.0484375
0 0.453125 0.615625 0.0375 0.04375
0 0.402344 0.345313 0.0390625 0.05625
0 0.765625 0.742188 0.03125 0.040625
0 0.149219 0.580469 0.0421875 0.0546875
0 0.640625 0.45 0.034375 0.040625
0 0.833594 0.589063 0.0328125 0.046875
0 0.533594 0.382031 0.0421875 0.0609375
0 0.521875 0.667969 0.028125 0.0453125
0 0.807813 0.210938 0.034375 0.053125
0 0.542188 0.322656 0.04375 0.0609375
0 0.245312 0.474219 0.040625 0.0484375
0 0.417969 0.617969 0.0328125 0.0390625
0 0.579687 0.342969 0.0375 0.0546875
0 0.215625 0.435937 0.040625 0.053125
0 0.457031 0.290625 0.0390625 0.05
0 0.64375 0.685938 0.0375 0.04375
0 0.689844 0.361719 0.0359375 0.0515625
0 0.222656 0.671875 0.0390625 0.040625
0 0.720312 0.24375 0.034375 0.05
0 0.60625 0.239844 0.034375 0.0515625
0 0.33125 0.790625 0.03125 0.04375
0 0.725781 0.682031 0.0328125 0.0328125
0 0.40625 0.735156 0.034375 0.0421875
0 0.346094 0.458594 0.0328125 0.0484375
0 0.875 0.317969 0.03125 0.0453125
0 0.605469 0.619531 0.0328125 0.0421875
0 0.615625 0.300781 0.0375 0.0546875
0 0.754687 0.65625 0.028125 0.04375
0 0.303125 0.786719 0.040625 0.0453125
0 0.682031 0.490625 0.0390625 0.05
0 0.589844 0.751562 0.0328125 0.040625
0 0.192188 0.39375 0.0375 0.05625
0 0.607813 0.558594 0.03125 0.0421875
0 0.307813 0.560938 0.04375 0.05625
0 0.728906 0.654688 0.0328125 0.04375
0 0.0445312 0.4125 0.0421875 0.05625
0 0.289844 0.304688 0.0421875 0.053125
0 0.502344 0.553125 0.0359375 0.046875
0 0.245312 0.528125 0.0375 0.053125
0 0.514844 0.620313 0.0328125 0.0375
0 0.451562 0.204688 0.0375 0.05
0 0.194531 0.339844 0.0421875 0.0578125
0 0.326562 0.617188 0.040625 0.0375
0 0.710938 0.483594 0.034375 0.0453125
0 0.878125 0.475781 0.034375 0.0453125
0 0.678125 0.546094 0.03125 0.0421875
0 0.378906 0.195312 0.0421875 0.05625
0 0.179688 0.68125 0.040625 0.046875
0 0.332812 0.714063 0.0375 0.04375
0 0.747656 0.217969 0.0359375 0.0546875
0 0.469531 0.579687 0.0328125 0.04375
0 0.739062 0.279687 0.034375 0.05
0 0.329688 0.582031 0.0375 0.0484375
0 0.785937 0.692187 0.034375 0.046875
0 0.653125 0.217187 0.034375 0.046875
0 0.433594 0.477344 0.0359375 0.0453125
0 0.64375 0.40625 0.0375 0.053125
0 0.447656 0.715625 0.0296875 0.04375
0 0.367188 0.564062 0.040625 0.05625
0 0.246875 0.708594 0.034375 0.0515625
0 0.794531 0.479688 0.0296875 0.046875
0 0.358594 0.359375 0.0421875 0.04375
0 0.404687 0.779688 0.0375 0.04375
0 0.500781 0.505469 0.0359375 0.0421875
0 0.557813 0.744531 0.03125 0.0421875
0 0.265625 0.777344 0.034375 0.0484375
0 0.726562 0.604688 0.03125 0.04375
0 0.628125 0.752344 0.034375 0.0421875
0 0.913281 0.430469 0.0328125 0.0515625
0 0.433594 0.753125 0.0328125 0.040625
0 0.839844 0.629687 0.0328125 0.040625
0 0.810156 0.616406 0.0328125 0.0421875
0 0.228906 0.804688 0.0359375 0.04375
0 0.457812 0.510938 0.0375 0.053125
0 0.634375 0.577344 0.034375 0.0453125
0 0.142188 0.695312 0.0375 0.053125
0 0.528125 0.730469 0.034375 0.0359375
0 0.130469 0.39375 0.0421875 0.05625
0 0.485156 0.192969 0.0359375 0.0484375
0 0.45 0.33125 0.040625 0.053125
0 0.253125 0.432813 0.040625 0.05625
0 0.648438 0.33125 0.0375 0.053125
0 0.93125 0.260938 0.034375 0.05625
0 0.878125 0.255469 0.034375 0.0515625
0 0.300781 0.35625 0.0421875 0.05
0 0.0671875 0.553906 0.0375 0.0515625
0 0.794531 0.435156 0.0359375 0.0453125
0 0.08125 0.515625 0.040625 0.053125
0 0.317969 0.43125 0.0390625 0.05
0 0.507031 0.465625 0.0359375 0.05
0 0.739062 0.466406 0.03125 0.0453125
0 0.582812 0.586719 0.0375 0.0421875
0 0.245312 0.569531 0.0375 0.0515625
0 0.367188 0.315625 0.040625 0.053125
0 0.255469 0.642187 0.0359375 0.05
0 0.742969 0.567969 0.0359375 0.0515625
0 0.630469 0.528906 0.0296875 0.0484375
0 0.19375 0.552344 0.04375 0.0546875
0 0.277344 0.598437 0.0359375 0.046875
0 0.577344 0.70625 0.0328125 0.040625
0 0.360938 0.608594 0.0375 0.0484375
0 0.605469 0.671875 0.0328125 0.040625
0 0.444531 0.392969 0.0390625 0.0515625
0 0.695312 0.646875 0.034375 0.04375
0 0.766406 0.494531 0.0359375 0.0453125
0 0.324219 0.492969 0.0390625 0.0484375
0 0.566406 0.563281 0.0359375 0.0453125
0 0.0914062 0.345313 0.0421875 0.053125
0 0.732813 0.425781 0.034375 0.0484375
0 0.694531 0.609375 0.0328125 0.0375
0 0.482812 0.704687 0.040625 0.046875
0 0.283594 0.470313 0.0421875 0.053125
0 0.494531 0.735156 0.0328125 0.0359375
0 0.79375 0.5875 0.03125 0.046875
0 0.430469 0.685156 0.0328125 0.0390625
0 0.678125 0.404687 0.0375 0.046875
0 0.494531 0.353125 0.0390625 0.053125
0 0.541406 0.517187 0.0328125 0.046875
0 0.692969 0.214844 0.0390625 0.0546875
0 0.407813 0.509375 0.0375 0.046875
0 0.292188 0.40625 0.04375 0.05625
0 0.664844 0.51875 0.0359375 0.0375
0 0.20625 0.632812 0.04375 0.053125
0 0.742188 0.71875 0.03125 0.040625
0 0.366406 0.659375 0.0328125 0.05
0 0.667188 0.585156 0.03125 0.0421875
0 0.395312 0.692969 0.0375 0.0453125
0 0.130469 0.483594 0.0453125 0.0546875
0 0.189063 0.482031 0.04375 0.0546875
0 0.465625 0.432813 0.040625 0.05625
0 0.848437 0.492969 0.0375 0.0484375
0 0.192188 0.779688 0.034375 0.046875
0 0.29375 0.654688 0.0375 0.05
0 0.346094 0.407031 0.0421875 0.0515625
0 0.407813 0.396094 0.040625 0.0546875
0 0.36875 0.504687 0.0375 0.053125
0 0.329688 0.672656 0.0375 0.0484375
0 0.453906 0.655469 0.0359375 0.0453125
0 0.330469 0.322656 0.0390625 0.0609375
