0 0.5875 0.769531 0.0375 0.0359375
0 0.0820312 0.242969 0.0546875 0.0828125
0 0.375781 0.864062 0.0328125 0.046875
0 0.589844 0.742969 0.0421875 0.0515625
0 0.515625 0.723437 0.040625 0.05
0 0.579687 0.569531 0.040625 0.0359375
0 0.699219 0.425781 0.0390625 0.0515625
0 0.719531 0.679688 0.0390625 0.04375
0 0.715625 0.635938 0.046875 0.05
0 0.805469 0.475781 0.0296875 0.0453125
0 0.249219 0.626562 0.0515625 0.0625
0 0.780469 0.316406 0.0296875 0.0546875
0 0.636719 0.399219 0.0390625 0.0421875
0 0.673437 0.684375 0.0375 0.053125
0 0.476562 0.588281 0.046875 0.0578125
0 0.559375 0.820312 0.040625 0.053125
0 0.486719 0.525781 0.0421875 0.0546875
0 0.6375 0.228125 0.03125 0.053125
0 0.6125 0.24375 0.040625 0.059375
0 0.808594 0.517969 0.0359375 0.0515625
0 0.605469 0.366406 0.0421875 0.0609375
0 0.5625 0.347656 0.040625 0.0609375
0 0.282031 0.298438 0.0515625 0.0625
0 0.164062 0.363281 0.053125 0.0640625
0 0.353125 0.792188 0.05 0.0625
0 0.194531 0.814844 0.0453125 0.0390625
0 0.592969 0.694531 0.0484375 0.0609375
0 0.35625 0.517969 0.053125 0.0703125
0 0.489844 0.853125 0.0390625 0.046875
0 0.566406 0.638281 0.0390625 0.0546875
0 0.498437 0.360156 0.040625 0.0546875
0 0.827344 0.396875 0.0359375 0.053125
0 0.760156 0.353906 0.0421875 0.0578125
0 0.322656 0.275 0.0484375 0.0625
0 0.115625 0.403906 0.05625 0.0640625
0 0.277344 0.855469 0.0359375 0.0359375
0 0.242969 0.396875 0.0484375 0.065625
0 0.38125 0.738281 0.04375 0.0515625
0 0.853125 0.485156 0.034375 0.0484375
0 0.689844 0.325 0.0390625 0.053125
0 0.752344 0.59375 0.0390625 0.053125
0 0.328125 0.886719 0.05 0.0546875
0 0.427344 0.847656 0.0421875 0.0484375
0 0.11875 0.653125 0.05 0.0625
0 0.442187 0.621875 0.05 0.059375
0 0.167187 0.296094 0.05 0.0734375
0 0.613281 0.585938 0.0390625 0.046875
0 0.500781 0.285156 0.0515625 0.0640625
0 0.249219 0.747656 0.0453125 0.0578125
0 0.771875 0.492188 0.0375 0.05
0 0.592969 0.419531 0.0421875 0.0578125
0 0.723437 0.49375 0.0375 0.05
0 0.225 0.444531 0.040625 0.0609375
0 0.464844 0.70625 0.0421875 0.05
0 0.307813 0.828906 0.046875 0.0546875
0 0.705469 0.541406 0.0390625 0.0515625
0 0.313281 0.722656 0.0484375 0.0578125
0 0.472656 0.241406 0.0515625 0.0703125
0 0.733594 0.53125 0.0328125 0.04375
0 0.48125 0.754687 0.0375 0.05
0 0.632812 0.683594 0.034375 0.0390625
0 0.43125 0.384375 0.053125 0.065625
0 0.289844 0.49375 0.0515625 0.059375
0 0.792969 0.441406 0.0359375 0.0546875
0 0.767187 0.532812 0.0375 0.05
0 0.395312 0.767187 0.04375 0.046875
0 0.714844 0.457031 0.0390625 0.0484375
0 0.396094 0.315625 0.0453125 0.065625
0 0.554688 0.710156 0.040625 0.0484375
0 0.525 0.642969 0.040625 0.0515625
0 0.782812 0.578125 0.0375 0.05
0 0.217969 0.324219 0.0546875 0.0640625
0 0.258594 0.690625 0.0453125 0.05625
0 0.520312 0.789062 0.0375 0.05
0 0.284375 0.232031 0.05 0.0671875
0 0.123438 0.764063 0.05 0.0625
0 0.417969 0.71875 0.0421875 0.05625
0 0.715625 0.585156 0.034375 0.0484375
0 0.447656 0.505469 0.0421875 0.0578125
0 0.121094 0.467187 0.0578125 0.06875
0 0.751562 0.29375 0.040625 0.05625
0 0.365625 0.638281 0.046875 0.0546875
0 0.666406 0.633594 0.0328125 0.0484375
0 0.453125 0.335156 0.05 0.0578125
0 0.0875 0.56875 0.05 0.065625
0 0.2 0.594531 0.05 0.0578125
0 0.675781 0.382812 0.0421875 0.05
0 0.173438 0.553125 0.053125 0.065625
0 0.789844 0.384375 0.0359375 0.053125
0 0.10625 0.335156 0.05625 0.0765625
0 0.078125 0.682031 0.05 0.0546875
0 0.0695312 0.635156 0.0546875 0.0640625
0 0.316406 0.772656 0.0453125 0.0546875
0 0.695312 0.267969 0.040625 0.0609375
0 0.0703125 0.490625 0.05 0.06875
0 0.529688 0.846875 0.040625 0.04375
0 0.325781 0.204688 0.0515625 0.06875
0 0.430469 0.196875 0.0484375 0.065625
0 0.552344 0.594531 0.0390625 0.0515625
0 0.683594 0.504687 0.0390625 0.05
0 0.271875 0.792188 0.04375 0.05625
0 0.369531 0.259375 0.0484375 0.0625
0 0.642187 0.34375 0.040625 0.05
0 0.567969 0.221875 0.0484375 0.065625
0 0.642187 0.728125 0.0375 0.04375
0 0.136719 0.596094 0.0515625 0.0640625
0 0.275 0.355469 0.046875 0.0546875
0 0.353906 0.710938 0.0484375 0.059375
0 0.163281 0.792969 0.0515625 0.0578125
0 0.18125 0.416406 0.046875 0.0578125
0 0.459375 0.79375 0.034375 0.05
0 0.121094 0.526563 0.0484375 0.065625
0 0.232031 0.255469 0.0546875 0.0703125
0 0.182031 0.897656 0.0484375 0.0609375
0 0.140625 0.719531 0.05 0.0640625
0 0.28125 0.428906 0.053125 0.0640625
0 0.405469 0.6875 0.0515625 0.05625
0 0.332031 0.396875 0.0515625 0.06875
0 0.744531 0.407031 0.0390625 0.0515625
0 0.642187 0.495313 0.0375 0.05
0 0.288281 0.596875 0.0515625 0.0625
0 0.530469 0.750781 0.0453125 0.0515625
0 0.35 0.846094 0.040625 0.0515625
0 0.546094 0.50625 0.0421875 0.053125
0 0.479688 0.414062 0.04375 0.059375
0 0.567187 0.283594 0.04375 0.0578125
0 0.397656 0.54375 0.0421875 0.05625
0 0.657031 0.282813 0.0421875 0.059375
0 0.503906 0.685156 0.0453125 0.0515625
0 0.480469 0.645312 0.0421875 0.05625
0 0.61875 0.303906 0.046875 0.0609375
0 0.542969 0.678125 0.0390625 0.046875
0 0.642187 0.653125 0.0375 0.05
0 0.345313 0.589844 0.046875 0.0640625
0 0.242969 0.569531 0.0484375 0.0578125
0 0.479688 0.471875 0.05 0.0625
0 0.428906 0.446875 0.0515625 0.065625
0 0.390625 0.2 0.05 0.06875
0 0.657031 0.544531 0.0453125 0.0578125
0 0.630469 0.778125 0.0421875 0.05
0 0.44375 0.746875 0.040625 0.05
0 0.207813 0.639844 0.04375 0.0546875
0 0.532031 0.319531 0.0453125 0.0609375
0 0.566406 0.457031 0.0453125 0.0578125
0 0.521094 0.420312 0.0453125 0.0625
0 0.592969 0.489844 0.0421875 0.0546875
0 0.521875 0.486719 0.040625 0.0578125
0 0.391406 0.602344 0.0484375 0.0609375
0 0.628906 0.457031 0.0453125 0.0515625
0 0.308594 0.667969 0.0515625 0.0609375
0 0.532812 0.246875 0.046875 0.0625
0 0.603906 0.634375 0.0421875 0.04375
0 0.429688 0.792188 0.0375 0.05
0 0.619531 0.532031 0.0390625 0.0546875
0 0.211719 0.778906 0.0484375 0.0546875
0 0.320312 0.339063 0.053125 0.065625
0 0.33125 0.453906 0.04375 0.0578125
0 0.407031 0.497656 0.0484375 0.0640625
0 0.446875 0.680469 0.040625 0.0515625
0 0.717969 0.363281 0.0390625 0.0578125
0 0.64375 0.600781 0.0375 0.0484375
0 0.494531 0.175 0.0515625 0.06875
0 0.754687 0.460938 0.0375 0.053125
0 0.680469 0.582031 0.0390625 0.0546875
0 0.664844 0.442969 0.0390625 0.0515625
0 0.433594 0.277344 0.0484375 0.0671875
0 0.178125 0.479688 0.053125 0.06875
0 0.24375 0.510156 0.053125 0.0640625
0 0.377344 0.451562 0.0515625 0.065625
0 0.296094 0.542969 0.0484375 0.0578125
0 0.379687 0.366406 0.053125 0.0671875
0 0.515625 0.554688 0.0375 0.053125
0 0.192188 0.714063 0.053125 0.065625
0 0.244531 0.841406 0.0453125 0.0546875
0 0.442969 0.5625 0.0421875 0.059375
