0 0.028125 0.220313 0.046875 0.125
0 0.899219 0.497656 0.0859375 0.117188
0 0.678906 0.735937 0.0640625 0.084375
0 0.449219 0.523438 0.0859375 0.121875
0 0.248437 0.304688 0.109375 0.121875
0 0.772656 0.457031 0.101562 0.107813
0 0.599219 0.607813 0.0890625 0.109375
0 0.171875 0.323438 0.08125 0.13125
0 0.677344 0.496094 0.0890625 0.126563
0 0.835156 0.423438 0.0703125 0.096875
0 0.727344 0.558594 0.0890625 0.101562
0 0.221875 0.521875 0.096875 0.1125
0 0.730469 0.221875 0.0859375 0.1
0 0.38125 0.179688 0.090625 0.109375
0 0.389062 0.617969 0.0875 0.0953125
0 0.621094 0.742188 0.0953125 0.1125
0 0.595312 0.146094 0.090625 0.110937
0 0.816406 0.527344 0.0953125 0.104687
0 0.692187 0.370313 0.096875 0.1125
0 0.778906 0.635938 0.0890625 0.10625
0 0.341406 0.672656 0.0796875 0.0921875
0 0.765625 0.776563 0.0875 0.0875
0 0.208594 0.6375 0.0828125 0.1
0 0.542969 0.528125 0.0890625 0.1
0 0.38125 0.425781 0.084375 0.0984375
0 0.816406 0.333594 0.107813 0.123438
0 0.482812 0.609375 0.096875 0.11875
0 0.528906 0.7 0.0765625 0.1125
0 0.832812 0.707812 0.096875 0.115625
0 0.157813 0.436719 0.0875 0.101562
0 0.614062 0.432813 0.090625 0.115625
0 0.68125 0.647656 0.0875 0.0953125
0 0.544531 0.290625 0.101562 0.121875
0 0.88125 0.619531 0.084375 0.117188
0 0.2875 0.594531 0.08125 0.104687
0 0.307813 0.496094 0.084375 0.123438
0 0.132031 0.707031 0.0890625 0.117188
0 0.353906 0.313281 0.0921875 0.107813
0 0.636719 0.266406 0.0921875 0.114063
0 0.13125 0.566406 0.09375 0.110937
0 0.25625 0.405469 0.084375 0.114063
0 0.515625 0.41875 0.1 0.121875
0 0.432813 0.696875 0.0875 0.103125
0 0.2625 0.721875 0.0875 0.109375
0 0.461719 0.210156 0.0984375 0.123438
0 0.439844 0.335938 0.101562 0.121875
