0 0.519531 0.840625 0.0421875 0.0375
0 0.278125 0.832812 0.034375 0.05625
0 0.571094 0.513281 0.0546875 0.0734375
0 0.827344 0.821875 0.0421875 0.046875
0 0.485938 0.550781 0.05625 0.0609375
0 0.200781 0.713281 0.0546875 0.0640625
0 0.549219 0.750781 0.0546875 0.0671875
0 0.846094 0.608594 0.0515625 0.0578125
0 0.821094 0.784375 0.0515625 0.053125
0 0.608594 0.329688 0.0453125 0.06875
0 0.66875 0.5125 0.059375 0.071875
0 0.399219 0.427344 0.0515625 0.0671875
0 0.521875 0.513281 0.053125 0.0703125
0 0.538281 0.65 0.0546875 0.06875
0 0.526563 0.796875 0.046875 0.059375
0 0.514844 0.70625 0.0515625 0.053125
0 0.211719 0.3625 0.0546875 0.0625
0 0.3125 0.410937 0.040625 0.059375
0 0.250781 0.325781 0.0515625 0.0671875
0 0.505469 0.604688 0.0484375 0.0625
0 0.620313 0.672656 0.04375 0.0640625
0 0.253906 0.704687 0.0453125 0.05625
0 0.522656 0.321875 0.0484375 0.06875
0 0.728906 0.607031 0.0484375 0.0671875
0 0.225781 0.429688 0.0546875 0.071875
0 0.596094 0.830469 0.0421875 0.0546875
0 0.633594 0.596875 0.0484375 0.059375
0 0.424219 0.320312 0.0421875 0.053125
0 0.35625 0.799219 0.040625 0.0515625
0 0.701563 0.786719 0.05 0.0609375
0 0.238281 0.5 0.0546875 0.065625
0 0.66875 0.709375 0.05 0.059375
0 0.58125 0.794531 0.053125 0.0609375
0 0.485938 0.392188 0.053125 0.06875
0 0.44375 0.6 0.046875 0.075
0 0.377344 0.284375 0.0484375 0.065625
0 0.499219 0.457031 0.0484375 0.0640625
0 0.724219 0.672656 0.0546875 0.0671875
0 0.632812 0.400781 0.053125 0.0640625
0 0.449219 0.267969 0.0453125 0.0640625
0 0.317187 0.669531 0.05 0.0578125
0 0.764844 0.683594 0.0484375 0.0578125
0 0.546875 0.254687 0.05 0.075
0 0.451562 0.446094 0.053125 0.0671875
0 0.724219 0.532812 0.0515625 0.0625
0 0.359375 0.538281 0.053125 0.0671875
0 0.382812 0.364844 0.05 0.0734375
0 0.335938 0.357812 0.046875 0.065625
0 0.348437 0.590625 0.040625 0.0625
0 0.571094 0.30625 0.0484375 0.06875
0 0.816406 0.5 0.0515625 0.059375
0 0.277344 0.273438 0.0515625 0.065625
0 0.308594 0.798437 0.0515625 0.065625
0 0.599219 0.45625 0.0578125 0.071875
0 0.410156 0.551562 0.0515625 0.065625
0 0.30625 0.228906 0.053125 0.0703125
0 0.403906 0.217187 0.0453125 0.065625
0 0.153125 0.445312 0.05 0.0625
0 0.779688 0.814062 0.046875 0.0625
0 0.467187 0.205469 0.053125 0.0703125
0 0.670313 0.819531 0.046875 0.0609375
0 0.682813 0.561719 0.053125 0.0671875
0 0.610156 0.2625 0.0515625 0.06875
0 0.264844 0.389844 0.0515625 0.0703125
0 0.825 0.732813 0.05 0.06875
0 0.355469 0.225 0.0484375 0.06875
0 0.579687 0.692969 0.05 0.0671875
0 0.35625 0.432031 0.046875 0.0609375
0 0.79375 0.571875 0.05625 0.065625
0 0.440625 0.384375 0.053125 0.065625
0 0.475781 0.819531 0.0546875 0.0703125
0 0.678125 0.375781 0.053125 0.0703125
0 0.767187 0.486719 0.05 0.0609375
0 0.7375 0.41875 0.053125 0.06875
0 0.8375 0.553125 0.053125 0.06875
0 0.671875 0.444531 0.053125 0.0703125
0 0.132812 0.575781 0.05 0.0640625
0 0.334375 0.744531 0.046875 0.0640625
0 0.564062 0.860156 0.046875 0.0578125
0 0.621875 0.526563 0.05 0.071875
0 0.221875 0.551562 0.05 0.0625
0 0.544531 0.455469 0.0546875 0.0671875
0 0.545313 0.577344 0.05625 0.0578125
0 0.719531 0.347656 0.0484375 0.0609375
0 0.270312 0.544531 0.05 0.0640625
0 0.195312 0.475781 0.04375 0.0609375
0 0.767187 0.628125 0.05 0.06875
0 0.589844 0.567187 0.0484375 0.059375
0 0.65625 0.757031 0.05 0.0640625
0 0.333594 0.2875 0.0484375 0.06875
0 0.129688 0.514063 0.053125 0.06875
0 0.60625 0.729688 0.046875 0.0625
0 0.477344 0.663281 0.0578125 0.0671875
0 0.274219 0.469531 0.0515625 0.0671875
0 0.532812 0.389844 0.05 0.0671875
0 0.471875 0.327344 0.05 0.0671875
0 0.249219 0.603906 0.0453125 0.0640625
0 0.717969 0.48125 0.0515625 0.065625
0 0.745313 0.775 0.04375 0.05625
0 0.796094 0.428125 0.0578125 0.071875
0 0.372656 0.661719 0.0546875 0.0578125
0 0.389844 0.494531 0.0546875 0.0703125
0 0.589844 0.628125 0.0515625 0.065625
0 0.495313 0.26875 0.053125 0.06875
0 0.442969 0.771875 0.0515625 0.059375
0 0.678906 0.632031 0.0515625 0.0640625
0 0.578125 0.382031 0.05 0.0640625
0 0.44375 0.503125 0.05 0.065625
0 0.625781 0.80625 0.0515625 0.065625
0 0.294531 0.716406 0.0453125 0.0609375
0 0.292969 0.615625 0.0515625 0.06875
0 0.263281 0.771094 0.0515625 0.0609375
0 0.272656 0.653125 0.0453125 0.0625
0 0.45625 0.715625 0.05625 0.06875
0 0.190625 0.4125 0.053125 0.065625
0 0.778906 0.74375 0.0515625 0.065625
0 0.314844 0.555469 0.0515625 0.0640625
0 0.194531 0.60625 0.0484375 0.065625
0 0.396875 0.60625 0.05 0.0625
0 0.670313 0.314063 0.059375 0.071875
0 0.491406 0.753906 0.0515625 0.0671875
0 0.375781 0.758594 0.0546875 0.0640625
0 0.40625 0.713281 0.053125 0.0640625
0 0.29375 0.333594 0.05 0.0640625
0 0.179688 0.532031 0.053125 0.0640625
0 0.329688 0.486719 0.053125 0.0640625
0 0.402344 0.807813 0.0484375 0.0625
0 0.164844 0.646875 0.0515625 0.0625
0 0.217969 0.659375 0.0484375 0.059375
0 0.35625 0.707031 0.046875 0.0609375
0 0.43125 0.65625 0.05 0.0625
0 0.719531 0.735156 0.0546875 0.0640625
