0 0.147656 0.810156 0.0390625 0.0515625
0 0.703125 0.432813 0.025 0.04375
0 0.704687 0.739062 0.028125 0.053125
0 0.488281 0.727344 0.0421875 0.0390625
0 0.324219 0.7 0.0265625 0.034375
0 0.378125 0.779688 0.03125 0.040625
0 0.3125 0.663281 0.03125 0.0453125
0 0.28125 0.442187 0.028125 0.05
0 0.725781 0.752344 0.0265625 0.0421875
0 0.686719 0.585156 0.0265625 0.0359375
0 0.239063 0.757031 0.03125 0.0453125
0 0.664844 0.263281 0.0296875 0.0359375
0 0.613281 0.335938 0.0265625 0.034375
0 0.68125 0.728125 0.040625 0.053125
0 0.551562 0.646875 0.040625 0.05625
0 0.74375 0.520312 0.0375 0.053125
0 0.325 0.311719 0.03125 0.0359375
0 0.447656 0.253906 0.0265625 0.0421875
0 0.423438 0.784375 0.040625 0.059375
0 0.679688 0.679688 0.040625 0.053125
0 0.573438 0.2375 0.03125 0.034375
0 0.661719 0.498437 0.0390625 0.05
0 0.524219 0.414844 0.0359375 0.0421875
0 0.638281 0.414844 0.0359375 0.0515625
0 0.6625 0.302344 0.040625 0.0515625
0 0.592969 0.272656 0.0421875 0.0609375
0 0.200781 0.572656 0.0421875 0.0546875
0 0.414062 0.239063 0.034375 0.046875
0 0.642187 0.213281 0.040625 0.0453125
0 0.585156 0.497656 0.0390625 0.0484375
0 0.550781 0.539844 0.0421875 0.0515625
0 0.523438 0.747656 0.0375 0.0484375
0 0.376563 0.389844 0.034375 0.0484375
0 0.598437 0.797656 0.040625 0.0546875
0 0.471094 0.275781 0.0390625 0.0453125
0 0.771875 0.664844 0.040625 0.0484375
0 0.635938 0.242969 0.040625 0.0484375
0 0.5625 0.452344 0.0375 0.0484375
0 0.438281 0.210938 0.0296875 0.046875
0 0.750781 0.355469 0.0390625 0.0546875
0 0.301562 0.458594 0.0375 0.0546875
0 0.742969 0.710156 0.0359375 0.0484375
0 0.682031 0.633594 0.0390625 0.0515625
0 0.403125 0.845312 0.040625 0.05625
0 0.426562 0.375781 0.0375 0.0453125
0 0.435156 0.182812 0.0359375 0.0375
0 0.663281 0.604688 0.0359375 0.053125
0 0.458594 0.346094 0.0359375 0.0515625
0 0.635156 0.696875 0.0390625 0.05625
0 0.276563 0.398438 0.034375 0.040625
0 0.346875 0.615625 0.0375 0.05625
0 0.278125 0.564844 0.040625 0.0515625
0 0.749219 0.455469 0.0359375 0.0546875
0 0.626562 0.835938 0.034375 0.046875
0 0.210156 0.63125 0.0390625 0.05625
0 0.210156 0.45625 0.0359375 0.05625
0 0.409375 0.419531 0.034375 0.0484375
0 0.252344 0.653125 0.0453125 0.05
0 0.589063 0.597656 0.040625 0.0515625
0 0.725781 0.579687 0.0390625 0.05
0 0.61875 0.58125 0.034375 0.05
0 0.385938 0.657031 0.0375 0.0453125
0 0.432813 0.510156 0.0375 0.0484375
0 0.374219 0.433594 0.0359375 0.0484375
0 0.464063 0.677344 0.040625 0.0515625
0 0.460156 0.828906 0.0390625 0.0546875
0 0.482031 0.392188 0.0390625 0.05
0 0.730469 0.478906 0.0390625 0.0484375
0 0.427344 0.325781 0.0359375 0.0453125
0 0.258594 0.528906 0.0390625 0.0484375
0 0.330469 0.558594 0.0359375 0.0546875
0 0.44375 0.864844 0.0375 0.0484375
0 0.321094 0.766406 0.0390625 0.0515625
0 0.696875 0.803906 0.034375 0.0546875
0 0.507031 0.8 0.0390625 0.059375
0 0.513281 0.646094 0.0390625 0.0546875
0 0.348437 0.408594 0.0375 0.0484375
0 0.596094 0.7625 0.0359375 0.053125
0 0.494531 0.253125 0.0359375 0.04375
0 0.39375 0.617188 0.0375 0.053125
0 0.619531 0.630469 0.0390625 0.0546875
0 0.508594 0.219531 0.0328125 0.0421875
0 0.6375 0.757031 0.040625 0.0515625
0 0.480469 0.883594 0.0421875 0.0515625
0 0.267969 0.601562 0.0359375 0.04375
0 0.366406 0.346094 0.0296875 0.0453125
0 0.754687 0.604688 0.034375 0.05
0 0.596875 0.422656 0.0375 0.0546875
0 0.196094 0.504687 0.0390625 0.053125
0 0.385156 0.257812 0.0359375 0.04375
0 0.460156 0.153125 0.0359375 0.046875
0 0.365625 0.205469 0.03125 0.0453125
0 0.679688 0.4 0.034375 0.046875
0 0.579687 0.328906 0.0375 0.0515625
0 0.589063 0.707031 0.040625 0.0578125
0 0.350781 0.503906 0.0359375 0.0484375
0 0.292188 0.360156 0.0375 0.0484375
0 0.357812 0.286719 0.0375 0.0484375
0 0.283594 0.678906 0.0359375 0.0515625
0 0.290625 0.308594 0.034375 0.0484375
0 0.365625 0.546094 0.0375 0.0515625
0 0.541406 0.230469 0.0390625 0.0546875
0 0.39375 0.753906 0.04375 0.0546875
0 0.389062 0.304688 0.03125 0.04375
0 0.489844 0.319531 0.0390625 0.0515625
0 0.505469 0.703906 0.0421875 0.0546875
0 0.492969 0.592188 0.0421875 0.05625
0 0.242969 0.567969 0.0390625 0.0515625
0 0.307813 0.410156 0.034375 0.0546875
0 0.242969 0.714063 0.0453125 0.05625
0 0.429688 0.594531 0.0375 0.0484375
0 0.553125 0.583594 0.040625 0.0484375
0 0.490625 0.178906 0.034375 0.0484375
0 0.46875 0.227344 0.03125 0.0484375
0 0.679688 0.541406 0.0375 0.0515625
0 0.458594 0.772656 0.0390625 0.0484375
0 0.657812 0.375 0.0375 0.05
0 0.355469 0.836719 0.0359375 0.0484375
0 0.257031 0.346094 0.0359375 0.0515625
0 0.328125 0.804688 0.0375 0.040625
0 0.453125 0.569531 0.040625 0.0546875
0 0.232812 0.400781 0.034375 0.0515625
0 0.646094 0.548437 0.0328125 0.046875
0 0.505469 0.544531 0.0421875 0.0546875
0 0.394531 0.192969 0.0328125 0.0453125
0 0.419531 0.655469 0.0390625 0.0546875
0 0.477344 0.511719 0.0359375 0.0515625
0 0.557813 0.274219 0.040625 0.0578125
0 0.307813 0.504687 0.0375 0.05
0 0.557813 0.771875 0.0375 0.05
0 0.35625 0.742969 0.040625 0.0546875
0 0.603125 0.371875 0.040625 0.053125
0 0.417969 0.284375 0.0359375 0.05
0 0.417188 0.471094 0.040625 0.0515625
0 0.439844 0.420312 0.0359375 0.046875
0 0.584375 0.855469 0.040625 0.0515625
0 0.303906 0.596875 0.0421875 0.053125
0 0.679688 0.446094 0.040625 0.0515625
0 0.541406 0.319531 0.0421875 0.0546875
0 0.517969 0.291406 0.0390625 0.0515625
0 0.516406 0.359375 0.0390625 0.05625
0 0.453906 0.475 0.0390625 0.053125
0 0.782031 0.384375 0.0421875 0.0625
0 0.529688 0.178125 0.034375 0.05
0 0.729688 0.63125 0.0375 0.053125
0 0.23125 0.524219 0.034375 0.0484375
0 0.267969 0.767969 0.0453125 0.0546875
0 0.542188 0.709375 0.040625 0.05625
0 0.720312 0.258594 0.04375 0.0640625
0 0.344531 0.682031 0.0421875 0.0546875
0 0.442187 0.73125 0.040625 0.053125
0 0.336719 0.370313 0.0359375 0.046875
0 0.555469 0.392188 0.0390625 0.05
0 0.54375 0.829687 0.040625 0.053125
0 0.617188 0.480469 0.0375 0.0515625
0 0.266406 0.483594 0.0390625 0.0546875
0 0.379687 0.505469 0.0375 0.0484375
0 0.592969 0.655469 0.0421875 0.0515625
0 0.603906 0.542188 0.0390625 0.05
0 0.34375 0.460156 0.034375 0.0484375
0 0.530469 0.875 0.0390625 0.05625
0 0.405469 0.554688 0.0390625 0.05
0 0.407813 0.695312 0.0375 0.053125
0 0.666406 0.83125 0.0390625 0.053125
0 0.694531 0.485938 0.0328125 0.053125
0 0.517187 0.492969 0.0375 0.0515625
0 0.566406 0.121875 0.0421875 0.05625
0 0.479688 0.4375 0.0375 0.053125
0 0.392969 0.346875 0.0328125 0.05
