0 0.436719 0.4375 0.0484375 0.059375
0 0.499219 0.649219 0.0390625 0.0578125
0 0.4875 0.223438 0.0375 0.053125
0 0.25 0.401563 0.046875 0.059375
0 0.533594 0.441406 0.0453125 0.0578125
0 0.560938 0.485938 0.0375 0.0625
0 0.250781 0.461719 0.0453125 0.0546875
0 0.375781 0.452344 0.0453125 0.0578125
0 0.373437 0.220313 0.040625 0.0625
0 0.7125 0.701563 0.046875 0.059375
0 0.660937 0.363281 0.04375 0.0640625
0 0.335156 0.235156 0.0421875 0.0546875
0 0.714063 0.590625 0.046875 0.05625
0 0.700781 0.278906 0.0453125 0.0546875
0 0.614844 0.389062 0.0453125 0.059375
0 0.515625 0.376563 0.04375 0.05625
0 0.659375 0.296875 0.046875 0.0625
0 0.504687 0.473437 0.046875 0.059375
0 0.453125 0.490625 0.046875 0.053125
0 0.664844 0.599219 0.0421875 0.0484375
0 0.432813 0.278125 0.04375 0.05625
0 0.623438 0.266406 0.040625 0.0515625
0 0.283594 0.290625 0.0390625 0.059375
0 0.698438 0.644531 0.040625 0.0578125
0 0.514063 0.267188 0.040625 0.05
0 0.453906 0.175781 0.0484375 0.0640625
0 0.457812 0.374219 0.046875 0.0609375
0 0.583594 0.663281 0.0390625 0.0609375
0 0.607813 0.314844 0.040625 0.0609375
0 0.745313 0.646094 0.04375 0.0609375
0 0.409375 0.172656 0.0375 0.0609375
0 0.577344 0.278906 0.0453125 0.0578125
0 0.64375 0.747656 0.04375 0.0609375
0 0.35625 0.31875 0.04375 0.0625
0 0.234375 0.225 0.05 0.065625
0 0.7625 0.471094 0.046875 0.0578125
0 0.235156 0.28125 0.0453125 0.059375
0 0.646875 0.547656 0.05 0.0578125
0 0.402344 0.392188 0.0453125 0.059375
0 0.639844 0.646875 0.0421875 0.053125
0 0.419531 0.340625 0.0515625 0.0625
0 0.639063 0.482812 0.046875 0.059375
0 0.4375 0.532031 0.040625 0.0515625
0 0.303125 0.521094 0.046875 0.0578125
0 0.1875 0.432813 0.05 0.059375
0 0.602344 0.519531 0.0421875 0.0546875
0 0.310937 0.579687 0.046875 0.059375
0 0.338281 0.491406 0.0453125 0.0546875
0 0.528125 0.217187 0.040625 0.053125
0 0.796094 0.535937 0.0484375 0.059375
0 0.434375 0.704687 0.04375 0.059375
0 0.39375 0.279687 0.04375 0.0625
0 0.355469 0.176563 0.0421875 0.059375
0 0.708594 0.467969 0.0359375 0.0515625
0 0.457031 0.657031 0.0421875 0.0609375
0 0.558594 0.388281 0.0453125 0.0609375
0 0.499219 0.595312 0.0453125 0.05625
0 0.346875 0.379687 0.046875 0.059375
0 0.586719 0.607031 0.0453125 0.0578125
0 0.296094 0.40625 0.0453125 0.05
0 0.404687 0.667969 0.046875 0.0609375
0 0.532031 0.5375 0.0421875 0.0625
0 0.292969 0.467187 0.0453125 0.059375
0 0.733594 0.51875 0.0421875 0.059375
0 0.345313 0.54375 0.04375 0.059375
0 0.574219 0.558594 0.0484375 0.0578125
0 0.251563 0.34375 0.046875 0.059375
0 0.432813 0.596094 0.046875 0.0609375
0 0.378125 0.617188 0.04375 0.05625
0 0.403125 0.504687 0.04375 0.05625
0 0.66875 0.689844 0.04375 0.0578125
0 0.685938 0.745313 0.046875 0.059375
0 0.31875 0.278906 0.04375 0.0609375
0 0.770312 0.588281 0.046875 0.0609375
0 0.307031 0.185937 0.0453125 0.05625
0 0.309375 0.35 0.040625 0.0625
0 0.239063 0.507031 0.04375 0.0578125
0 0.617969 0.694531 0.0421875 0.0546875
0 0.29375 0.239844 0.04375 0.0546875
0 0.329688 0.433594 0.04375 0.0578125
0 0.542188 0.658594 0.04375 0.0578125
0 0.478125 0.303906 0.04375 0.0578125
0 0.521094 0.317187 0.0421875 0.05625
0 0.692187 0.514844 0.04375 0.0578125
0 0.59375 0.4375 0.04375 0.0625
0 0.395312 0.566406 0.04375 0.0578125
0 0.48125 0.420312 0.04375 0.0625
0 0.669531 0.229687 0.0453125 0.059375
0 0.567969 0.335156 0.0421875 0.0578125
0 0.707031 0.354688 0.0453125 0.059375
0 0.669531 0.419531 0.0453125 0.0578125
0 0.721094 0.415625 0.0453125 0.053125
0 0.43125 0.221094 0.04375 0.0578125
0 0.545313 0.596094 0.040625 0.0578125
0 0.479688 0.536719 0.04375 0.0609375
0 0.582031 0.221094 0.0421875 0.0609375
