0 0.652344 0.202344 0.0296875 0.0359375
0 0.3 0.346094 0.040625 0.0546875
0 0.157813 0.505469 0.040625 0.0578125
0 0.25 0.391406 0.040625 0.0671875
0 0.717969 0.364062 0.0328125 0.034375
0 0.532031 0.40625 0.0328125 0.0375
0 0.471094 0.759375 0.0359375 0.046875
0 0.859375 0.39375 0.025 0.028125
0 0.335938 0.453125 0.028125 0.05
0 0.857813 0.39375 0.034375 0.040625
0 0.60625 0.242188 0.034375 0.040625
0 0.424219 0.313281 0.0359375 0.0453125
0 0.495313 0.789062 0.034375 0.05
0 0.371094 0.320312 0.0390625 0.03125
0 0.484375 0.403906 0.03125 0.0328125
0 0.238281 0.55 0.0359375 0.046875
0 0.332031 0.339063 0.0359375 0.0375
0 0.332812 0.29375 0.034375 0.053125
0 0.602344 0.778906 0.0359375 0.0546875
0 0.480469 0.265625 0.0359375 0.04375
0 0.261719 0.5125 0.0359375 0.040625
0 0.375 0.210938 0.03125 0.03125
0 0.397656 0.926562 0.0359375 0.053125
0 0.635938 0.785156 0.034375 0.0421875
0 0.355469 0.929688 0.0390625 0.0625
0 0.43125 0.501562 0.034375 0.04375
0 0.517969 0.239063 0.0359375 0.05
0 0.45 0.822656 0.034375 0.0578125
0 0.3 0.684375 0.0375 0.053125
0 0.200781 0.486719 0.0359375 0.0515625
0 0.723437 0.508594 0.034375 0.0421875
0 0.485938 0.199219 0.034375 0.0421875
0 0.810156 0.164844 0.0359375 0.0390625
0 0.424219 0.673437 0.0390625 0.046875
0 0.76875 0.485156 0.028125 0.0453125
0 0.641406 0.366406 0.0390625 0.0453125
0 0.221875 0.727344 0.0375 0.0484375
0 0.7375 0.534375 0.0375 0.046875
0 0.874219 0.177344 0.0296875 0.0421875
0 0.772656 0.560156 0.0359375 0.0515625
0 0.679688 0.758594 0.0375 0.0578125
0 0.632812 0.405469 0.040625 0.0453125
0 0.428906 0.965625 0.0359375 0.059375
0 0.826563 0.388281 0.034375 0.0484375
0 0.684375 0.340625 0.040625 0.059375
0 0.25625 0.397656 0.03125 0.0453125
0 0.685938 0.501562 0.0375 0.053125
0 0.486719 0.724219 0.0390625 0.0484375
0 0.239063 0.771094 0.040625 0.0515625
0 0.690625 0.463281 0.0375 0.0484375
0 0.24375 0.840625 0.040625 0.05625
0 0.707031 0.765625 0.0359375 0.053125
0 0.472656 0.5375 0.0359375 0.053125
0 0.464844 0.961719 0.0484375 0.0609375
0 0.535156 0.550781 0.0390625 0.0484375
0 0.422656 0.528125 0.0421875 0.05
0 0.875 0.534375 0.040625 0.046875
0 0.521875 0.202344 0.034375 0.0390625
0 0.809375 0.278125 0.034375 0.0375
0 0.351562 0.742188 0.040625 0.05
0 0.601562 0.616406 0.040625 0.0515625
0 0.828906 0.119531 0.0421875 0.0421875
0 0.878906 0.421094 0.0359375 0.0453125
0 0.30625 0.6 0.028125 0.053125
0 0.542188 0.446875 0.040625 0.053125
0 0.358594 0.260156 0.0296875 0.0296875
0 0.342969 0.504687 0.0390625 0.046875
0 0.615625 0.329688 0.0375 0.0375
0 0.385938 0.403125 0.0375 0.04375
0 0.655469 0.233594 0.0359375 0.0453125
0 0.799219 0.078125 0.0390625 0.046875
0 0.738281 0.666406 0.0359375 0.0546875
0 0.174219 0.59375 0.0421875 0.053125
0 0.423438 0.215625 0.034375 0.05
0 0.276563 0.639844 0.0375 0.0515625
0 0.642187 0.267188 0.03125 0.046875
0 0.547656 0.334375 0.0328125 0.04375
0 0.397656 0.715625 0.0359375 0.059375
0 0.536719 0.166406 0.0359375 0.0421875
0 0.777344 0.326562 0.0390625 0.040625
0 0.821094 0.526563 0.0390625 0.04375
0 0.477344 0.353906 0.0359375 0.0453125
0 0.580469 0.803906 0.0421875 0.0578125
0 0.763281 0.279687 0.0390625 0.04375
0 0.623438 0.219531 0.034375 0.0421875
0 0.196875 0.532812 0.0375 0.053125
0 0.880469 0.207031 0.0390625 0.0390625
0 0.729688 0.384375 0.034375 0.05
0 0.619531 0.828125 0.0390625 0.053125
0 0.582031 0.221875 0.0359375 0.04375
0 0.535156 0.8 0.0359375 0.05625
0 0.636719 0.641406 0.0390625 0.0515625
0 0.561719 0.196875 0.0359375 0.040625
0 0.814844 0.310937 0.0390625 0.05
0 0.307813 0.414062 0.0375 0.053125
0 0.5625 0.759375 0.040625 0.05625
0 0.572656 0.658594 0.0359375 0.0484375
0 0.292969 0.241406 0.0421875 0.0609375
0 0.196875 0.642969 0.03125 0.0484375
0 0.251563 0.458594 0.040625 0.0546875
0 0.258594 0.333594 0.0359375 0.0515625
0 0.911719 0.21875 0.0359375 0.046875
0 0.73125 0.234375 0.04375 0.04375
0 0.403125 0.496094 0.034375 0.0515625
0 0.475 0.321094 0.0375 0.0421875
0 0.721094 0.714063 0.0421875 0.059375
0 0.776563 0.642969 0.034375 0.0484375
0 0.789844 0.525781 0.0328125 0.0546875
0 0.535156 0.285156 0.0359375 0.0453125
0 0.851562 0.150781 0.0375 0.0453125
0 0.509375 0.48125 0.040625 0.05625
0 0.605469 0.19375 0.0359375 0.034375
0 0.444531 0.904688 0.0390625 0.0625
0 0.667188 0.696094 0.04375 0.0546875
0 0.359375 0.866406 0.0375 0.0578125
0 0.435156 0.579687 0.0453125 0.053125
0 0.571875 0.285156 0.034375 0.0453125
0 0.607813 0.671094 0.040625 0.0578125
0 0.521094 0.942187 0.0421875 0.05625
0 0.721094 0.167969 0.0453125 0.0578125
0 0.910937 0.321094 0.034375 0.0453125
0 0.364844 0.530469 0.0421875 0.0515625
0 0.519531 0.890625 0.0390625 0.059375
0 0.723437 0.457812 0.034375 0.046875
0 0.5625 0.907812 0.0375 0.05
0 0.842188 0.420312 0.0375 0.05
0 0.621094 0.728906 0.0359375 0.0546875
0 0.425781 0.396875 0.0359375 0.05
0 0.509375 0.840625 0.0375 0.05
0 0.735937 0.304688 0.040625 0.046875
0 0.777344 0.167187 0.0390625 0.040625
0 0.757031 0.439844 0.0390625 0.0515625
0 0.521875 0.596875 0.034375 0.05
0 0.547656 0.246875 0.0359375 0.040625
0 0.573438 0.55625 0.040625 0.053125
0 0.489062 0.921094 0.04375 0.0578125
0 0.223438 0.642969 0.0375 0.0515625
0 0.196094 0.442187 0.0390625 0.046875
0 0.595312 0.866406 0.040625 0.0546875
0 0.653125 0.311719 0.040625 0.0484375
0 0.560156 0.610156 0.0390625 0.0578125
0 0.653125 0.135156 0.040625 0.0453125
0 0.369531 0.667969 0.0390625 0.0546875
0 0.920313 0.271094 0.0375 0.0453125
0 0.708594 0.604688 0.0390625 0.053125
0 0.564062 0.382812 0.0375 0.05
0 0.367188 0.354688 0.0375 0.046875
0 0.328125 0.834375 0.0375 0.05
0 0.452344 0.442187 0.0390625 0.05
0 0.384375 0.246094 0.034375 0.0484375
0 0.896875 0.370313 0.0375 0.053125
0 0.803906 0.35 0.0390625 0.040625
0 0.263281 0.68125 0.0390625 0.040625
0 0.269531 0.807813 0.0359375 0.05625
0 0.471094 0.477344 0.0390625 0.0546875
0 0.591406 0.432031 0.0421875 0.0484375
0 0.310937 0.732813 0.0375 0.053125
0 0.34375 0.578125 0.040625 0.05
0 0.260156 0.730469 0.0390625 0.0546875
0 0.329688 0.696094 0.0375 0.0515625
0 0.664062 0.598437 0.040625 0.053125
0 0.50625 0.430469 0.0375 0.0515625
0 0.911719 0.178906 0.0421875 0.0484375
0 0.283594 0.861719 0.0421875 0.0546875
0 0.460938 0.245312 0.0375 0.040625
0 0.402344 0.866406 0.0390625 0.0515625
0 0.192969 0.695312 0.0390625 0.05625
0 0.822656 0.194531 0.0390625 0.0421875
0 0.666406 0.420312 0.0359375 0.05
0 0.324219 0.892969 0.0390625 0.0578125
0 0.842969 0.242188 0.0390625 0.04375
0 0.421094 0.767969 0.0359375 0.0546875
0 0.471094 0.861719 0.0390625 0.0578125
0 0.704687 0.657031 0.0375 0.0546875
0 0.68125 0.120312 0.0375 0.04375
0 0.579687 0.700781 0.040625 0.0515625
0 0.867188 0.446875 0.0375 0.05
0 0.817969 0.479688 0.0390625 0.05
0 0.211719 0.59375 0.0390625 0.05
0 0.598437 0.38125 0.034375 0.05
0 0.800781 0.442187 0.0359375 0.046875
0 0.553125 0.500781 0.040625 0.0453125
0 0.365625 0.619531 0.034375 0.0453125
0 0.755469 0.367188 0.0359375 0.046875
0 0.417969 0.44375 0.0359375 0.046875
0 0.580469 0.467969 0.0390625 0.0484375
0 0.80625 0.590625 0.040625 0.046875
0 0.691406 0.194531 0.0390625 0.0515625
0 0.605469 0.529688 0.0359375 0.046875
0 0.653125 0.551562 0.040625 0.05
0 0.765625 0.605469 0.0375 0.0515625
0 0.620313 0.573438 0.0375 0.05625
0 0.275781 0.557813 0.0390625 0.053125
0 0.76875 0.114844 0.040625 0.0453125
0 0.574219 0.142969 0.0359375 0.0453125
0 0.8375 0.35625 0.034375 0.040625
0 0.395312 0.813281 0.040625 0.0578125
0 0.842969 0.286719 0.0390625 0.0421875
0 0.778906 0.230469 0.0359375 0.0484375
0 0.611719 0.134375 0.0359375 0.05
0 0.642969 0.464844 0.0359375 0.0484375
0 0.467969 0.682031 0.0390625 0.0546875
0 0.442187 0.274219 0.0375 0.0484375
0 0.296094 0.485938 0.0359375 0.053125
0 0.530469 0.642187 0.0390625 0.05
0 0.402344 0.183594 0.0359375 0.0421875
0 0.867188 0.332812 0.034375 0.04375
0 0.446094 0.174219 0.0390625 0.0515625
0 0.217187 0.403906 0.034375 0.0484375
0 0.401563 0.63125 0.0375 0.05
0 0.315625 0.542188 0.0375 0.046875
0 0.669531 0.652344 0.0390625 0.0484375
0 0.528125 0.732813 0.040625 0.053125
0 0.54375 0.692969 0.0375 0.0515625
0 0.604688 0.29375 0.0375 0.046875
0 0.305469 0.792969 0.0421875 0.0546875
0 0.692969 0.55625 0.0390625 0.053125
0 0.642187 0.510938 0.040625 0.053125
0 0.342969 0.398438 0.0390625 0.05
0 0.441406 0.721094 0.0421875 0.0578125
0 0.392188 0.579687 0.0375 0.053125
0 0.478906 0.63125 0.0390625 0.053125
0 0.517969 0.367969 0.0359375 0.0484375
0 0.880469 0.275 0.0390625 0.04375
0 0.48125 0.580469 0.040625 0.0546875
0 0.369531 0.447656 0.0359375 0.0515625
0 0.442187 0.346094 0.0375 0.0515625
0 0.703906 0.414062 0.0390625 0.05
0 0.503906 0.155469 0.0359375 0.0453125
0 0.253906 0.602344 0.0359375 0.0453125
0 0.379687 0.767969 0.0375 0.0515625
0 0.504687 0.678906 0.0375 0.0484375
0 0.439844 0.630469 0.0390625 0.0515625
0 0.692969 0.276563 0.0390625 0.046875
0 0.782031 0.396875 0.0390625 0.053125
0 0.355469 0.809375 0.0359375 0.05625
