0 0.203125 0.748438 0.0625 0.0625
0 0.363281 0.813281 0.0578125 0.0671875
0 0.257031 0.595312 0.0609375 0.059375
0 0.15 0.685938 0.059375 0.075
0 0.422656 0.760938 0.0453125 0.075
0 0.859375 0.525781 0.046875 0.0796875
0 0.373437 0.366406 0.05625 0.0859375
0 0.815625 0.584375 0.046875 0.075
0 0.254687 0.808594 0.05625 0.104687
0 0.653125 0.495313 0.059375 0.078125
0 0.56875 0.564844 0.05625 0.0796875
0 0.875781 0.433594 0.0671875 0.0828125
0 0.373437 0.719531 0.0625 0.0828125
0 0.525781 0.278906 0.0609375 0.0984375
0 0.707812 0.416406 0.059375 0.0796875
0 0.314844 0.330469 0.0609375 0.0890625
0 0.489062 0.34375 0.059375 0.0875
0 0.425 0.330469 0.059375 0.101562
0 0.580469 0.660156 0.0703125 0.0796875
0 0.515625 0.61875 0.05 0.096875
0 0.771094 0.58125 0.0609375 0.084375
0 0.563281 0.339844 0.0640625 0.0765625
0 0.464844 0.569531 0.0671875 0.0859375
0 0.703906 0.63125 0.0546875 0.075
0 0.757031 0.65 0.0578125 0.075
0 0.248437 0.346094 0.078125 0.0921875
0 0.203125 0.392969 0.0625 0.101562
0 0.307031 0.783594 0.0609375 0.0734375
0 0.644531 0.674219 0.0609375 0.0671875
0 0.809375 0.5125 0.06875 0.09375
0 0.192188 0.583594 0.059375 0.0859375
0 0.517969 0.515625 0.0546875 0.103125
0 0.130469 0.560156 0.0640625 0.0953125
0 0.592188 0.264844 0.06875 0.0890625
0 0.689844 0.261719 0.0703125 0.0734375
0 0.392969 0.482812 0.0578125 0.090625
0 0.221094 0.508594 0.0640625 0.0953125
0 0.541406 0.417188 0.0703125 0.084375
0 0.325781 0.69375 0.0578125 0.075
0 0.280469 0.54375 0.0640625 0.078125
0 0.152344 0.478125 0.0796875 0.09375
0 0.735937 0.490625 0.071875 0.08125
0 0.760156 0.24375 0.0734375 0.096875
0 0.471875 0.454688 0.065625 0.09375
0 0.792969 0.384375 0.0796875 0.096875
0 0.446094 0.65625 0.0578125 0.078125
0 0.810156 0.296875 0.0796875 0.1
0 0.335156 0.444531 0.0640625 0.0859375
0 0.205469 0.667969 0.0609375 0.0890625
0 0.470313 0.729688 0.05625 0.075
0 0.63125 0.594531 0.0625 0.0984375
0 0.380469 0.634375 0.0671875 0.08125
0 0.692969 0.569531 0.0703125 0.0921875
0 0.273438 0.457031 0.065625 0.0890625
0 0.633594 0.328906 0.0765625 0.0953125
0 0.527344 0.688281 0.0578125 0.0703125
0 0.407031 0.558594 0.0578125 0.0765625
0 0.867188 0.354688 0.084375 0.0875
0 0.269531 0.721094 0.0609375 0.0953125
0 0.309375 0.621094 0.06875 0.0859375
0 0.584375 0.49375 0.071875 0.09375
0 0.344531 0.545313 0.0671875 0.090625
0 0.423438 0.417969 0.071875 0.0921875
0 0.646875 0.417969 0.06875 0.0890625
0 0.733594 0.345313 0.0734375 0.090625
