0 0.775781 0.669531 0.0359375 0.0546875
0 0.2875 0.607813 0.034375 0.034375
0 0.794531 0.528906 0.0453125 0.0546875
0 0.295312 0.751562 0.05 0.053125
0 0.34375 0.774219 0.05 0.0546875
0 0.425781 0.525 0.0515625 0.0625
0 0.221094 0.650781 0.0515625 0.0578125
0 0.379687 0.519531 0.046875 0.0578125
0 0.283594 0.698438 0.0515625 0.053125
0 0.289844 0.607813 0.0484375 0.053125
0 0.132812 0.316406 0.040625 0.0671875
0 0.059375 0.466406 0.053125 0.0703125
0 0.629687 0.667969 0.04375 0.0515625
0 0.484375 0.664844 0.053125 0.0640625
0 0.213281 0.4625 0.0484375 0.0625
0 0.0859375 0.366406 0.040625 0.0640625
0 0.628906 0.740625 0.0390625 0.046875
0 0.485156 0.740625 0.0484375 0.046875
0 0.676562 0.627344 0.040625 0.0515625
0 0.739844 0.664844 0.0484375 0.0609375
0 0.799219 0.586719 0.0359375 0.0515625
0 0.836719 0.585938 0.0328125 0.053125
0 0.660156 0.185156 0.0484375 0.0671875
0 0.167187 0.271094 0.053125 0.0703125
0 0.2875 0.494531 0.05 0.0703125
0 0.191406 0.665625 0.0453125 0.059375
0 0.335156 0.638281 0.0484375 0.0546875
0 0.438281 0.3375 0.0515625 0.06875
0 0.626562 0.519531 0.05 0.0578125
0 0.298438 0.417969 0.046875 0.0671875
0 0.248437 0.3875 0.053125 0.06875
0 0.328906 0.596094 0.0546875 0.0609375
0 0.433594 0.267188 0.0578125 0.078125
0 0.214844 0.244531 0.0421875 0.0671875
0 0.455469 0.405469 0.0515625 0.0734375
0 0.107031 0.660156 0.0515625 0.0609375
0 0.314063 0.2125 0.05625 0.071875
0 0.591406 0.323438 0.0515625 0.05625
0 0.838281 0.746875 0.0515625 0.0625
0 0.710938 0.503125 0.046875 0.0625
0 0.289844 0.296875 0.0578125 0.071875
0 0.678125 0.321094 0.05 0.0640625
0 0.4 0.429688 0.053125 0.071875
0 0.379687 0.221094 0.046875 0.0671875
0 0.785156 0.760938 0.0484375 0.05
0 0.574219 0.264844 0.0484375 0.0671875
0 0.121094 0.714063 0.0515625 0.0625
0 0.539062 0.210938 0.046875 0.06875
0 0.277344 0.571875 0.0546875 0.06875
0 0.217187 0.33125 0.046875 0.071875
0 0.378906 0.633594 0.0515625 0.0578125
0 0.122656 0.570312 0.0453125 0.0625
0 0.555469 0.639063 0.0515625 0.059375
0 0.660937 0.588281 0.05 0.0640625
0 0.5 0.560156 0.05 0.0640625
0 0.654688 0.784375 0.046875 0.059375
0 0.239063 0.782031 0.053125 0.0609375
0 0.4875 0.204688 0.059375 0.071875
0 0.370313 0.48125 0.05 0.06875
0 0.725 0.792188 0.046875 0.05625
0 0.713281 0.205469 0.0546875 0.0734375
0 0.271875 0.140625 0.053125 0.06875
0 0.759375 0.254687 0.046875 0.071875
0 0.817969 0.339063 0.0515625 0.06875
0 0.641406 0.634375 0.0421875 0.05625
0 0.663281 0.254687 0.0484375 0.06875
0 0.560156 0.589844 0.0578125 0.0609375
0 0.682031 0.388281 0.0484375 0.0703125
0 0.491406 0.270312 0.0546875 0.071875
0 0.180469 0.169531 0.0546875 0.0671875
0 0.364844 0.15 0.0578125 0.065625
0 0.429688 0.167969 0.05625 0.0578125
0 0.75 0.728906 0.04375 0.0484375
0 0.116406 0.467969 0.0546875 0.0703125
0 0.769531 0.325 0.0484375 0.065625
0 0.760156 0.601562 0.0421875 0.0625
0 0.7875 0.39375 0.046875 0.0625
0 0.348437 0.405469 0.05625 0.0703125
0 0.589844 0.747656 0.0421875 0.0578125
0 0.674219 0.66875 0.0421875 0.053125
0 0.39375 0.353906 0.05 0.0703125
0 0.527344 0.749219 0.0546875 0.0640625
0 0.802344 0.276563 0.0484375 0.065625
0 0.454688 0.570312 0.053125 0.065625
0 0.611719 0.454688 0.0484375 0.065625
0 0.733594 0.403125 0.0453125 0.059375
0 0.541406 0.320312 0.0515625 0.0625
0 0.714063 0.278125 0.053125 0.071875
0 0.529688 0.407813 0.05 0.0625
0 0.182031 0.575781 0.0484375 0.0578125
0 0.15625 0.340625 0.053125 0.078125
0 0.38125 0.290625 0.05 0.065625
0 0.560938 0.520312 0.05 0.065625
0 0.614844 0.276563 0.0515625 0.071875
0 0.804688 0.475 0.05 0.065625
0 0.486719 0.516406 0.0546875 0.0703125
0 0.820312 0.68125 0.04375 0.05
0 0.592969 0.682031 0.0515625 0.0609375
0 0.555469 0.453906 0.0515625 0.0671875
0 0.58125 0.39375 0.046875 0.065625
0 0.586719 0.217187 0.0515625 0.06875
0 0.253125 0.50625 0.046875 0.059375
0 0.0828125 0.520312 0.053125 0.06875
0 0.19375 0.402344 0.053125 0.0703125
0 0.665625 0.500781 0.046875 0.0640625
0 0.434375 0.726562 0.05 0.06875
0 0.707031 0.729688 0.0421875 0.05625
0 0.432813 0.641406 0.05 0.0609375
0 0.330469 0.534375 0.0515625 0.06875
0 0.703906 0.579687 0.0453125 0.05625
0 0.4 0.582812 0.053125 0.065625
0 0.119531 0.397656 0.0484375 0.0671875
0 0.65625 0.428125 0.046875 0.059375
0 0.457031 0.464844 0.0578125 0.0609375
0 0.492969 0.364844 0.0515625 0.0671875
0 0.13125 0.527344 0.053125 0.0640625
0 0.757812 0.479688 0.05 0.04375
0 0.701563 0.442187 0.053125 0.065625
0 0.229687 0.584375 0.053125 0.065625
0 0.39375 0.673437 0.04375 0.05625
