0 0.760938 0.565625 0.046875 0.065625
0 0.350781 0.445312 0.0484375 0.06875
0 0.920313 0.623438 0.05625 0.071875
0 0.847656 0.515625 0.0734375 0.06875
0 0.861719 0.853125 0.0546875 0.053125
0 0.474219 0.589063 0.0453125 0.059375
0 0.724219 0.708594 0.0546875 0.0453125
0 0.588281 0.382031 0.0578125 0.0703125
0 0.635156 0.428125 0.0578125 0.071875
0 0.714063 0.559375 0.059375 0.05625
0 0.514844 0.517187 0.0390625 0.05625
0 0.567969 0.586719 0.0453125 0.0578125
0 0.752344 0.505469 0.0609375 0.0734375
0 0.753906 0.814844 0.0484375 0.0515625
0 0.860156 0.569531 0.0515625 0.0578125
0 0.808594 0.840625 0.0515625 0.059375
0 0.907031 0.770312 0.0578125 0.059375
0 0.7125 0.653125 0.05 0.053125
0 0.702344 0.753125 0.0484375 0.053125
0 0.913281 0.696094 0.0609375 0.0640625
0 0.564844 0.449219 0.0546875 0.0609375
0 0.610937 0.641406 0.040625 0.0578125
0 0.858594 0.710938 0.0515625 0.065625
0 0.513281 0.425781 0.0578125 0.0671875
0 0.689844 0.432813 0.0578125 0.0625
0 0.459375 0.38125 0.04375 0.065625
0 0.395312 0.523438 0.05 0.0625
0 0.801562 0.653906 0.053125 0.0640625
0 0.784375 0.766406 0.04375 0.0515625
0 0.855469 0.635938 0.0546875 0.0625
0 0.6625 0.495313 0.053125 0.059375
0 0.549219 0.51875 0.0515625 0.065625
0 0.749219 0.65625 0.0453125 0.05625
0 0.657812 0.372656 0.053125 0.0765625
0 0.847656 0.763281 0.0484375 0.0578125
0 0.549219 0.628906 0.0453125 0.0484375
0 0.460156 0.482031 0.0484375 0.0671875
0 0.682813 0.680469 0.046875 0.0546875
0 0.635938 0.54375 0.05625 0.05625
0 0.602344 0.482812 0.0484375 0.059375
0 0.784375 0.716406 0.05 0.0578125
0 0.653906 0.642969 0.0453125 0.0546875
0 0.719531 0.854688 0.0453125 0.05625
0 0.91875 0.54375 0.059375 0.078125
0 0.803125 0.578906 0.053125 0.0671875
0 0.51875 0.604688 0.04375 0.05625
0 0.633594 0.682031 0.0484375 0.0546875
