0 0.174219 0.569531 0.0421875 0.0640625
0 0.160156 0.360938 0.0390625 0.0625
0 0.253125 0.423438 0.046875 0.078125
0 0.152344 0.430469 0.0359375 0.0703125
0 0.575781 0.650781 0.0546875 0.0796875
0 0.374219 0.78125 0.0484375 0.075
0 0.459375 0.2375 0.059375 0.06875
0 0.232812 0.342187 0.053125 0.08125
0 0.125 0.545313 0.05 0.065625
0 0.307031 0.439844 0.0484375 0.0734375
0 0.502344 0.622656 0.0578125 0.0734375
0 0.327344 0.357812 0.0546875 0.071875
0 0.353906 0.43125 0.0515625 0.071875
0 0.401563 0.463281 0.059375 0.0703125
0 0.475 0.735156 0.059375 0.0734375
0 0.450781 0.659375 0.0546875 0.06875
0 0.4 0.382812 0.059375 0.078125
0 0.423438 0.78125 0.04375 0.06875
0 0.360938 0.302344 0.05625 0.0796875
0 0.555469 0.591406 0.0609375 0.0796875
0 0.401563 0.70625 0.05 0.078125
0 0.235156 0.496875 0.0515625 0.071875
0 0.301562 0.607031 0.046875 0.0828125
0 0.452344 0.503906 0.0546875 0.0859375
0 0.233594 0.257812 0.0546875 0.084375
0 0.35 0.586719 0.046875 0.0703125
0 0.2625 0.639844 0.05 0.0734375
0 0.309375 0.53125 0.046875 0.06875
0 0.260156 0.698438 0.0515625 0.0625
0 0.1875 0.30625 0.053125 0.071875
0 0.502344 0.538281 0.0515625 0.0953125
0 0.510156 0.454688 0.0609375 0.071875
0 0.5125 0.370313 0.0625 0.0875
0 0.196094 0.535156 0.0453125 0.0671875
0 0.564062 0.414062 0.059375 0.0875
0 0.140625 0.6 0.053125 0.065625
0 0.661719 0.410156 0.0609375 0.0921875
0 0.403125 0.621094 0.05 0.0796875
0 0.338281 0.742969 0.0546875 0.0734375
0 0.444531 0.585156 0.0515625 0.0796875
0 0.114844 0.476562 0.0484375 0.071875
0 0.692187 0.479688 0.065625 0.08125
0 0.511719 0.273438 0.0671875 0.084375
0 0.632031 0.624219 0.0578125 0.0828125
0 0.186719 0.450781 0.0515625 0.0703125
0 0.45625 0.417969 0.05625 0.0796875
0 0.614062 0.355469 0.0625 0.0859375
0 0.522656 0.694531 0.0578125 0.0796875
0 0.577344 0.279687 0.0734375 0.09375
0 0.342969 0.503906 0.0546875 0.0796875
0 0.354688 0.677344 0.053125 0.0703125
0 0.43125 0.311719 0.05625 0.0796875
0 0.396875 0.539062 0.0625 0.075
0 0.25625 0.558594 0.053125 0.0640625
0 0.192969 0.383594 0.0546875 0.0796875
0 0.292969 0.305469 0.0546875 0.0734375
0 0.304688 0.677344 0.05625 0.0671875
0 0.678906 0.56875 0.0703125 0.084375
0 0.55625 0.509375 0.06875 0.090625
0 0.221094 0.600781 0.0484375 0.0671875
0 0.171094 0.652344 0.0515625 0.0703125
0 0.167187 0.502344 0.053125 0.0640625
0 0.61875 0.550781 0.0625 0.0796875
0 0.220313 0.660937 0.05 0.0625
0 0.620313 0.469531 0.06875 0.0953125
