0 0.199219 0.835938 0.0421875 0.0375
0 0.399219 0.525781 0.0484375 0.0578125
0 0.300781 0.7125 0.0359375 0.04375
0 0.464844 0.852344 0.0390625 0.0484375
0 0.236719 0.799219 0.0359375 0.0546875
0 0.499219 0.475781 0.0453125 0.0578125
0 0.221094 0.650781 0.0484375 0.0609375
0 0.539062 0.723437 0.040625 0.053125
0 0.723437 0.386719 0.05 0.0640625
0 0.386719 0.374219 0.0515625 0.0640625
0 0.371875 0.922656 0.034375 0.0359375
0 0.425 0.460938 0.04375 0.059375
0 0.278125 0.915625 0.040625 0.04375
0 0.714844 0.549219 0.0453125 0.0546875
0 0.464063 0.8 0.0375 0.04375
0 0.222656 0.867188 0.0359375 0.05
0 0.404687 0.788281 0.04375 0.0453125
0 0.401563 0.878125 0.0375 0.04375
0 0.363281 0.877344 0.0359375 0.0421875
0 0.589844 0.346875 0.0515625 0.065625
0 0.317969 0.759375 0.0328125 0.046875
0 0.403906 0.914844 0.0359375 0.0421875
0 0.311719 0.389062 0.0453125 0.0625
0 0.2875 0.878125 0.034375 0.04375
0 0.539062 0.241406 0.05 0.0734375
0 0.370313 0.735937 0.0375 0.046875
0 0.339844 0.599219 0.0421875 0.0546875
0 0.385156 0.835938 0.0390625 0.05
0 0.503125 0.797656 0.040625 0.0484375
0 0.233594 0.746875 0.0390625 0.053125
0 0.572656 0.635156 0.0421875 0.0515625
0 0.661719 0.327344 0.0546875 0.0703125
0 0.485938 0.519531 0.04375 0.0609375
0 0.720312 0.326562 0.046875 0.065625
0 0.761719 0.325781 0.0484375 0.0609375
0 0.522656 0.561719 0.0421875 0.0515625
0 0.270312 0.490625 0.046875 0.059375
0 0.326562 0.890625 0.0375 0.0375
0 0.325781 0.805469 0.0390625 0.0484375
0 0.486719 0.665625 0.0390625 0.05
0 0.577344 0.516406 0.0484375 0.0578125
0 0.430469 0.614844 0.0421875 0.0484375
0 0.528125 0.754687 0.040625 0.046875
0 0.573438 0.292188 0.053125 0.06875
0 0.503125 0.710156 0.040625 0.0515625
0 0.191406 0.782031 0.0453125 0.0546875
0 0.475 0.31875 0.05 0.065625
0 0.28125 0.73125 0.040625 0.04375
0 0.652344 0.495313 0.0453125 0.053125
0 0.360156 0.657812 0.0390625 0.05625
0 0.353906 0.547656 0.0484375 0.0546875
0 0.44375 0.879687 0.040625 0.04375
0 0.660156 0.549219 0.0453125 0.0578125
0 0.619531 0.283594 0.0484375 0.0640625
0 0.44375 0.525781 0.040625 0.0578125
0 0.382812 0.703906 0.04375 0.0484375
0 0.567969 0.678125 0.0390625 0.05
0 0.278906 0.66875 0.0390625 0.05
0 0.477344 0.621875 0.0421875 0.05
0 0.705469 0.5 0.0453125 0.05625
0 0.632031 0.6125 0.0390625 0.059375
0 0.436719 0.682031 0.0421875 0.0546875
0 0.528125 0.61875 0.04375 0.05
0 0.334375 0.43125 0.04375 0.059375
0 0.383594 0.613281 0.0453125 0.0546875
0 0.285937 0.782031 0.034375 0.0453125
0 0.344531 0.492969 0.0453125 0.0609375
0 0.753906 0.505469 0.0515625 0.0609375
0 0.792188 0.453906 0.040625 0.0546875
0 0.780469 0.416406 0.0453125 0.0578125
0 0.41875 0.728906 0.040625 0.0484375
0 0.528125 0.679688 0.040625 0.053125
0 0.434375 0.403906 0.04375 0.0640625
0 0.596094 0.464844 0.0453125 0.0578125
0 0.617188 0.65625 0.04375 0.05
0 0.317969 0.932031 0.0390625 0.0484375
0 0.30625 0.520312 0.05 0.0625
0 0.521094 0.305469 0.0515625 0.0671875
0 0.259375 0.84375 0.0375 0.05
0 0.53125 0.522656 0.04375 0.0515625
0 0.692187 0.439844 0.05 0.0578125
0 0.314063 0.667969 0.0375 0.0515625
0 0.419531 0.3 0.0515625 0.06875
0 0.466406 0.575781 0.0453125 0.0515625
0 0.471094 0.432031 0.0453125 0.0609375
0 0.365625 0.785937 0.0375 0.05
0 0.578906 0.407813 0.0484375 0.059375
0 0.420312 0.570312 0.040625 0.05625
0 0.460938 0.254687 0.05 0.06875
0 0.422656 0.817969 0.0390625 0.0515625
0 0.254687 0.713281 0.04375 0.0546875
0 0.405469 0.644531 0.0390625 0.0484375
0 0.341406 0.710156 0.0421875 0.0515625
0 0.20625 0.679688 0.0375 0.05
0 0.303125 0.592188 0.040625 0.05
0 0.59375 0.60625 0.04375 0.05625
0 0.682031 0.604688 0.0421875 0.053125
0 0.379687 0.467969 0.04375 0.0546875
0 0.29375 0.836719 0.0375 0.0484375
0 0.26875 0.627344 0.0375 0.0515625
0 0.482031 0.75625 0.0421875 0.053125
0 0.620313 0.385938 0.046875 0.0625
0 0.607813 0.553125 0.04375 0.05625
0 0.54375 0.452344 0.04375 0.0546875
0 0.332812 0.852344 0.040625 0.0421875
0 0.641406 0.457812 0.0515625 0.0625
0 0.45625 0.7125 0.040625 0.05625
0 0.56875 0.555469 0.040625 0.0515625
0 0.355469 0.404687 0.0484375 0.0625
0 0.194531 0.729688 0.0421875 0.05
0 0.544531 0.357031 0.0484375 0.0578125
0 0.479688 0.378906 0.05 0.0640625
0 0.517969 0.410156 0.0453125 0.0640625
0 0.44375 0.760938 0.040625 0.05
0 0.669531 0.395312 0.0453125 0.05625
