0 0.332812 0.227344 0.034375 0.0390625
0 0.8875 0.603906 0.03125 0.0390625
0 0.944531 0.696094 0.0421875 0.0609375
0 0.689844 0.276563 0.0578125 0.053125
0 0.360938 0.674219 0.040625 0.0515625
0 0.317187 0.748438 0.05625 0.05
0 0.464844 0.464063 0.0328125 0.04375
0 0.688281 0.766406 0.0515625 0.0640625
0 0.275781 0.764063 0.0515625 0.059375
0 0.759375 0.571875 0.05 0.05625
0 0.570312 0.397656 0.05 0.0671875
0 0.584375 0.796094 0.05 0.0640625
0 0.750781 0.414062 0.0328125 0.053125
0 0.225781 0.426562 0.0546875 0.06875
0 0.771875 0.789844 0.0625 0.0671875
0 0.909375 0.567969 0.04375 0.0671875
0 0.6125 0.563281 0.046875 0.0609375
0 0.495313 0.314844 0.046875 0.0734375
0 0.299219 0.509375 0.0453125 0.0625
0 0.417188 0.367969 0.046875 0.0703125
0 0.60625 0.505469 0.04375 0.0703125
0 0.53125 0.245312 0.04375 0.065625
0 0.182031 0.742188 0.0515625 0.0625
0 0.860156 0.729688 0.0515625 0.0625
0 0.28125 0.273438 0.046875 0.05
0 0.590625 0.323438 0.053125 0.059375
0 0.347656 0.253125 0.0421875 0.0625
0 0.671094 0.428906 0.0515625 0.0703125
0 0.734375 0.725 0.053125 0.065625
0 0.359375 0.628906 0.05 0.0578125
0 0.472656 0.380469 0.0453125 0.0671875
0 0.653125 0.496094 0.053125 0.0640625
0 0.4625 0.75 0.05625 0.0625
0 0.389844 0.266406 0.0421875 0.0671875
0 0.472656 0.1875 0.0421875 0.0625
0 0.222656 0.379687 0.0453125 0.046875
0 0.291406 0.316406 0.0484375 0.0640625
0 0.370313 0.575 0.046875 0.0625
0 0.796094 0.66875 0.0359375 0.053125
0 0.417188 0.615625 0.05 0.05625
0 0.216406 0.335156 0.0515625 0.0640625
0 0.913281 0.634375 0.0515625 0.059375
0 0.639844 0.360938 0.0546875 0.06875
0 0.335938 0.517187 0.04375 0.065625
0 0.142969 0.466406 0.0546875 0.0703125
0 0.264844 0.717188 0.0546875 0.059375
0 0.395312 0.739844 0.046875 0.0671875
0 0.503125 0.489062 0.05 0.065625
0 0.314844 0.570312 0.0546875 0.065625
0 0.56875 0.264062 0.046875 0.065625
0 0.48125 0.250781 0.046875 0.0671875
0 0.164844 0.5625 0.0453125 0.0625
0 0.723437 0.610156 0.05 0.0609375
0 0.827344 0.467187 0.0546875 0.071875
0 0.558594 0.203906 0.0421875 0.0640625
0 0.35 0.447656 0.05625 0.0671875
0 0.845312 0.639063 0.046875 0.059375
0 0.708594 0.554688 0.0515625 0.06875
0 0.442187 0.307031 0.046875 0.0703125
0 0.524219 0.659375 0.0515625 0.065625
0 0.6375 0.630469 0.053125 0.0640625
0 0.860937 0.590625 0.053125 0.06875
0 0.145313 0.657031 0.05 0.0640625
0 0.441406 0.427344 0.0515625 0.0671875
0 0.666406 0.202344 0.0453125 0.0671875
0 0.25 0.629687 0.053125 0.059375
0 0.582031 0.630469 0.0421875 0.0515625
0 0.6125 0.429688 0.059375 0.065625
0 0.846875 0.515625 0.04375 0.0625
0 0.267969 0.560156 0.0515625 0.0609375
0 0.56875 0.15 0.05 0.05625
0 0.602344 0.203906 0.0453125 0.0640625
0 0.270312 0.36875 0.05 0.065625
0 0.303906 0.630469 0.0515625 0.0640625
0 0.467187 0.642187 0.05 0.059375
0 0.627344 0.294531 0.0453125 0.0578125
0 0.7875 0.378906 0.05 0.0671875
0 0.232812 0.502344 0.046875 0.0578125
0 0.434375 0.24375 0.05 0.065625
0 0.692187 0.4875 0.040625 0.0625
0 0.76875 0.321094 0.05 0.0609375
0 0.546094 0.609375 0.0515625 0.06875
0 0.404687 0.453125 0.046875 0.059375
0 0.805469 0.545313 0.0484375 0.0625
0 0.504687 0.6 0.04375 0.0625
0 0.634375 0.769531 0.053125 0.0703125
0 0.720312 0.442969 0.04375 0.0609375
0 0.514063 0.183594 0.053125 0.0671875
0 0.513281 0.721875 0.0546875 0.065625
0 0.735937 0.365625 0.046875 0.065625
0 0.766406 0.683594 0.0484375 0.0609375
0 0.557813 0.535937 0.05 0.065625
0 0.221875 0.667969 0.05 0.0671875
0 0.371094 0.335938 0.0515625 0.06875
0 0.666406 0.578906 0.0546875 0.0671875
0 0.455469 0.535156 0.0515625 0.0640625
0 0.696875 0.33125 0.053125 0.065625
0 0.614062 0.703906 0.053125 0.0578125
0 0.521094 0.432813 0.0515625 0.065625
0 0.68125 0.646875 0.05 0.059375
0 0.339844 0.380469 0.0546875 0.0671875
0 0.18125 0.622656 0.05 0.0578125
0 0.794531 0.607813 0.0484375 0.0625
0 0.771094 0.509375 0.0484375 0.06875
0 0.419531 0.657812 0.0484375 0.05625
0 0.559375 0.707031 0.05 0.0578125
0 0.214844 0.569531 0.0546875 0.0671875
0 0.29375 0.435937 0.053125 0.065625
0 0.696094 0.386719 0.0515625 0.0609375
