0 0.375 0.524219 0.05 0.0953125
0 0.176563 0.519531 0.05 0.0796875
0 0.299219 0.429688 0.0546875 0.078125
0 0.422656 0.671094 0.0578125 0.0890625
0 0.196875 0.592188 0.05625 0.075
0 0.575 0.803125 0.05625 0.078125
0 0.247656 0.399219 0.0546875 0.0671875
0 0.282031 0.607031 0.0484375 0.0734375
0 0.502344 0.695312 0.0609375 0.096875
0 0.328906 0.575781 0.0546875 0.0703125
0 0.301562 0.723437 0.059375 0.078125
0 0.46875 0.540625 0.065625 0.078125
0 0.352344 0.766406 0.0546875 0.0890625
0 0.383594 0.628125 0.0546875 0.071875
0 0.189063 0.658594 0.05625 0.0703125
0 0.4125 0.584375 0.05625 0.071875
0 0.360156 0.285937 0.0578125 0.078125
0 0.560938 0.3625 0.0625 0.084375
0 0.35 0.39375 0.065625 0.084375
0 0.233594 0.528906 0.0578125 0.0765625
0 0.575 0.446875 0.05625 0.0875
0 0.729688 0.3 0.05625 0.08125
0 0.219531 0.467187 0.0578125 0.071875
0 0.446094 0.838281 0.0640625 0.0859375
0 0.685156 0.35625 0.0703125 0.084375
0 0.664062 0.564844 0.0625 0.0796875
0 0.544531 0.651563 0.0671875 0.096875
0 0.459375 0.454688 0.0625 0.078125
0 0.3875 0.705469 0.059375 0.0765625
0 0.326562 0.653906 0.059375 0.0734375
0 0.585156 0.29375 0.0640625 0.090625
0 0.500781 0.378906 0.0671875 0.0890625
0 0.786719 0.639063 0.0671875 0.0875
0 0.510156 0.783594 0.0640625 0.0859375
0 0.309375 0.508594 0.05625 0.0765625
0 0.482812 0.617969 0.059375 0.0765625
0 0.242969 0.692187 0.0578125 0.075
0 0.739844 0.504687 0.0671875 0.08125
0 0.671094 0.653125 0.0671875 0.0875
0 0.854688 0.602344 0.06875 0.0890625
0 0.442187 0.294531 0.05625 0.0890625
0 0.619531 0.699219 0.0703125 0.0734375
0 0.519531 0.49375 0.0609375 0.08125
0 0.31875 0.334375 0.05625 0.08125
0 0.627344 0.417969 0.0578125 0.0921875
0 0.849219 0.50625 0.0765625 0.09375
0 0.775 0.371094 0.0625 0.0953125
0 0.389844 0.803906 0.0640625 0.0765625
0 0.446875 0.749219 0.0625 0.0796875
0 0.533594 0.569531 0.0640625 0.0703125
0 0.676562 0.479688 0.06875 0.0875
0 0.670313 0.279687 0.075 0.084375
0 0.836719 0.421094 0.0703125 0.0984375
0 0.429688 0.380469 0.065625 0.0796875
0 0.596875 0.534375 0.0625 0.08125
0 0.732031 0.417969 0.0703125 0.0984375
0 0.684375 0.732813 0.071875 0.096875
0 0.496875 0.295312 0.065625 0.096875
0 0.733594 0.603125 0.0734375 0.103125
0 0.746094 0.692969 0.0703125 0.0953125
0 0.628906 0.782031 0.0796875 0.0984375
0 0.558594 0.73125 0.0671875 0.084375
0 0.397656 0.447656 0.0671875 0.0859375
0 0.542969 0.229687 0.0765625 0.09375
0 0.605469 0.621875 0.0640625 0.08125
