0 0.411719 0.923437 0.0453125 0.046875
0 0.532812 0.850781 0.034375 0.0390625
0 0.794531 0.555469 0.0546875 0.0640625
0 0.521875 0.536719 0.03125 0.0484375
0 0.567187 0.579687 0.034375 0.040625
0 0.525 0.727344 0.034375 0.0484375
0 0.463281 0.295312 0.0609375 0.05625
0 0.627344 0.115625 0.0421875 0.046875
0 0.665625 0.590625 0.040625 0.05625
0 0.657812 0.767187 0.03125 0.05
0 0.627344 0.845312 0.0359375 0.040625
0 0.497656 0.650781 0.0421875 0.0609375
0 0.278906 0.805469 0.0359375 0.0484375
0 0.303906 0.323438 0.0484375 0.065625
0 0.459375 0.85625 0.04375 0.05625
0 0.71875 0.584375 0.0375 0.059375
0 0.552344 0.175781 0.0390625 0.0328125
0 0.770312 0.449219 0.0375 0.0578125
0 0.499219 0.253906 0.0421875 0.0671875
0 0.685156 0.626562 0.0421875 0.053125
0 0.271094 0.261719 0.0546875 0.0671875
0 0.275781 0.189063 0.0484375 0.075
0 0.725781 0.229687 0.0359375 0.05625
0 0.85625 0.489844 0.04375 0.0546875
0 0.772656 0.615625 0.0328125 0.05
0 0.815625 0.503906 0.040625 0.0546875
0 0.583594 0.217187 0.0515625 0.065625
0 0.603125 0.278125 0.040625 0.059375
0 0.696875 0.182031 0.0375 0.0546875
0 0.547656 0.773438 0.0453125 0.0625
0 0.723437 0.74375 0.025 0.04375
0 0.7375 0.635156 0.028125 0.0328125
0 0.367188 0.894531 0.04375 0.0515625
0 0.80625 0.563281 0.04375 0.0578125
0 0.446875 0.138281 0.04375 0.0765625
0 0.766406 0.327344 0.0421875 0.0578125
0 0.714063 0.502344 0.0375 0.0546875
0 0.330469 0.639063 0.0453125 0.0625
0 0.744531 0.382812 0.0421875 0.059375
0 0.228906 0.217187 0.0640625 0.078125
0 0.475 0.802344 0.04375 0.0578125
0 0.274219 0.635938 0.0484375 0.046875
0 0.667969 0.464844 0.0453125 0.0671875
0 0.536719 0.246875 0.0421875 0.0625
0 0.3 0.120312 0.059375 0.078125
0 0.589844 0.474219 0.0453125 0.0640625
0 0.180469 0.269531 0.0515625 0.0703125
0 0.3875 0.6 0.05 0.05625
0 0.363281 0.840625 0.0359375 0.05625
0 0.525 0.378906 0.053125 0.0703125
0 0.56875 0.279687 0.040625 0.05625
0 0.61875 0.729688 0.04375 0.053125
0 0.514844 0.903906 0.0359375 0.0578125
0 0.516406 0.164844 0.0328125 0.0515625
0 0.377344 0.785937 0.0453125 0.05625
0 0.316406 0.377344 0.0453125 0.0578125
0 0.489062 0.575781 0.04375 0.0546875
0 0.445312 0.474219 0.046875 0.0609375
0 0.236719 0.536719 0.0484375 0.0578125
0 0.796094 0.402344 0.0484375 0.0546875
0 0.457812 0.678125 0.05 0.059375
0 0.441406 0.546875 0.0453125 0.0625
0 0.583594 0.852344 0.0359375 0.0515625
0 0.679688 0.414844 0.0375 0.0546875
0 0.346875 0.317187 0.046875 0.0625
0 0.572656 0.373437 0.0421875 0.0625
0 0.842188 0.419531 0.040625 0.0578125
0 0.699219 0.303125 0.0421875 0.0625
0 0.619531 0.342187 0.0421875 0.0625
0 0.616406 0.402344 0.0515625 0.0609375
0 0.386719 0.470313 0.0515625 0.065625
0 0.261719 0.578125 0.0546875 0.059375
0 0.63125 0.807813 0.040625 0.053125
0 0.545313 0.320312 0.053125 0.059375
0 0.596875 0.625781 0.046875 0.0640625
0 0.584375 0.528906 0.04375 0.0578125
0 0.710938 0.366406 0.040625 0.0546875
0 0.348437 0.514844 0.05 0.0734375
0 0.467969 0.192969 0.0484375 0.0640625
0 0.375 0.36875 0.05625 0.06875
0 0.317187 0.686719 0.05 0.0578125
0 0.6625 0.339844 0.05 0.0671875
0 0.407813 0.814844 0.04375 0.0578125
0 0.504687 0.757812 0.0375 0.05625
0 0.747656 0.179688 0.0421875 0.059375
0 0.644531 0.21875 0.0515625 0.05625
0 0.780469 0.357031 0.0359375 0.0546875
0 0.297656 0.528125 0.0515625 0.065625
0 0.323438 0.257812 0.05 0.0625
0 0.319531 0.78125 0.0390625 0.053125
0 0.65625 0.390625 0.0375 0.053125
0 0.69375 0.769531 0.040625 0.0546875
0 0.815625 0.447656 0.0375 0.0515625
0 0.317187 0.858594 0.04375 0.0515625
0 0.373437 0.16875 0.053125 0.06875
0 0.210156 0.707031 0.0484375 0.0640625
0 0.375781 0.652344 0.0484375 0.0609375
0 0.683594 0.232031 0.0390625 0.0609375
0 0.590625 0.804688 0.0375 0.053125
0 0.25625 0.482812 0.046875 0.0625
0 0.432031 0.721875 0.0453125 0.059375
0 0.6625 0.278906 0.040625 0.0578125
0 0.541406 0.617969 0.0453125 0.0640625
0 0.163281 0.403125 0.0546875 0.065625
0 0.360156 0.442969 0.0515625 0.0734375
0 0.751562 0.495313 0.040625 0.05625
0 0.397656 0.539844 0.0515625 0.0671875
0 0.339844 0.571094 0.0453125 0.0671875
0 0.211719 0.386719 0.0484375 0.0671875
0 0.438281 0.369531 0.0515625 0.0703125
0 0.653125 0.167187 0.04375 0.0625
0 0.471094 0.416406 0.0453125 0.0640625
0 0.667188 0.688281 0.05 0.0609375
0 0.167969 0.339063 0.0484375 0.065625
0 0.235938 0.328125 0.053125 0.071875
0 0.519531 0.826563 0.0421875 0.05625
0 0.425781 0.207813 0.0546875 0.065625
0 0.259375 0.705469 0.05 0.0609375
0 0.483594 0.351562 0.0484375 0.065625
0 0.730469 0.136719 0.0421875 0.0609375
0 0.303125 0.457031 0.053125 0.0671875
0 0.192188 0.458594 0.05625 0.0609375
0 0.74375 0.271094 0.05 0.0609375
0 0.614844 0.578906 0.0421875 0.0546875
0 0.329688 0.188281 0.05 0.0640625
0 0.234375 0.74375 0.04375 0.053125
0 0.367969 0.232031 0.0515625 0.0671875
0 0.733594 0.685156 0.0359375 0.0609375
0 0.792969 0.272656 0.0484375 0.0640625
0 0.157031 0.534375 0.0515625 0.065625
0 0.422656 0.425781 0.0484375 0.0671875
0 0.34375 0.73125 0.05 0.0625
0 0.634375 0.663281 0.040625 0.0609375
0 0.270312 0.403125 0.053125 0.078125
0 0.546875 0.442187 0.046875 0.065625
0 0.228906 0.635156 0.0515625 0.0640625
0 0.132031 0.604688 0.0546875 0.06875
0 0.29375 0.730469 0.04375 0.0578125
0 0.691406 0.546094 0.0390625 0.0578125
0 0.457031 0.910937 0.0390625 0.053125
0 0.565625 0.71875 0.04375 0.053125
0 0.383594 0.704687 0.0484375 0.0625
0 0.46875 0.625781 0.04375 0.0578125
0 0.170312 0.654688 0.05 0.0625
0 0.19375 0.585938 0.05 0.06875
0 0.390625 0.300781 0.05 0.0703125
0 0.5 0.454688 0.05 0.065625
0 0.629687 0.532031 0.0375 0.0515625
0 0.767969 0.222656 0.0390625 0.0578125
0 0.419531 0.655469 0.0453125 0.0578125
0 0.492969 0.525 0.0453125 0.0625
0 0.407031 0.857813 0.0421875 0.05
0 0.542969 0.49375 0.0421875 0.05625
0 0.594531 0.686719 0.0453125 0.0609375
0 0.719531 0.449219 0.0359375 0.0578125
0 0.61875 0.498437 0.040625 0.059375
