0 0.1375 0.314063 0.025 0.04375
0 0.389844 0.576563 0.0265625 0.040625
0 0.538281 0.7625 0.0265625 0.040625
0 0.4 0.253906 0.03125 0.0453125
0 0.304688 0.460156 0.03125 0.0359375
0 0.500781 0.399219 0.0296875 0.0421875
0 0.286719 0.271875 0.0328125 0.046875
0 0.148438 0.417188 0.0375 0.034375
0 0.234375 0.474219 0.034375 0.0359375
0 0.339063 0.235156 0.03125 0.0328125
0 0.685938 0.372656 0.03125 0.0421875
0 0.276563 0.485938 0.03125 0.040625
0 0.496094 0.234375 0.0390625 0.03125
0 0.55625 0.852344 0.03125 0.0421875
0 0.70625 0.31875 0.025 0.040625
0 0.510156 0.363281 0.0328125 0.0421875
0 0.745313 0.563281 0.03125 0.0453125
0 0.457031 0.139844 0.0328125 0.0484375
0 0.142188 0.54375 0.03125 0.04375
0 0.521875 0.720312 0.034375 0.040625
0 0.5875 0.242969 0.03125 0.0359375
0 0.759375 0.321094 0.028125 0.0421875
0 0.274219 0.447656 0.0296875 0.0484375
0 0.314063 0.665625 0.03125 0.040625
0 0.114844 0.599219 0.0328125 0.0390625
0 0.525 0.636719 0.034375 0.0421875
0 0.334375 0.2625 0.034375 0.0375
0 0.371875 0.751562 0.034375 0.05
0 0.641406 0.261719 0.0328125 0.0359375
0 0.191406 0.628906 0.0265625 0.0453125
0 0.651563 0.376563 0.03125 0.04375
0 0.73125 0.257812 0.034375 0.04375
0 0.548437 0.465625 0.03125 0.040625
0 0.500781 0.835938 0.0359375 0.04375
0 0.436719 0.248437 0.0328125 0.04375
0 0.175781 0.513281 0.0328125 0.0421875
0 0.65 0.696875 0.03125 0.040625
0 0.0921875 0.409375 0.03125 0.0375
0 0.424219 0.173438 0.0328125 0.040625
0 0.210938 0.336719 0.03125 0.0359375
0 0.559375 0.714063 0.03125 0.04375
0 0.545313 0.234375 0.03125 0.053125
0 0.528125 0.946875 0.03125 0.040625
0 0.161719 0.63125 0.0296875 0.040625
0 0.577344 0.1625 0.0359375 0.04375
0 0.553906 0.578906 0.0328125 0.0390625
0 0.225781 0.514844 0.0328125 0.0453125
0 0.685156 0.409375 0.0328125 0.04375
0 0.386719 0.307813 0.0328125 0.046875
0 0.486719 0.882031 0.0328125 0.0484375
0 0.285156 0.208594 0.0328125 0.0390625
0 0.325 0.492188 0.034375 0.04375
0 0.280469 0.360938 0.0359375 0.040625
0 0.679688 0.696094 0.03125 0.0421875
0 0.620313 0.23125 0.03125 0.04375
0 0.447656 0.564844 0.0296875 0.0421875
0 0.796875 0.3375 0.03125 0.04375
0 0.36875 0.265625 0.03125 0.04375
0 0.773438 0.409375 0.03125 0.0375
0 0.811719 0.357812 0.0296875 0.0375
0 0.159375 0.552344 0.03125 0.0453125
0 0.580469 0.932813 0.0359375 0.046875
0 0.125 0.390625 0.03125 0.046875
0 0.49375 0.704687 0.03125 0.040625
0 0.659375 0.732813 0.03125 0.040625
0 0.269531 0.246875 0.0328125 0.04375
0 0.458594 0.346094 0.0296875 0.0421875
0 0.560156 0.754687 0.0328125 0.046875
0 0.622656 0.525 0.0328125 0.040625
0 0.33125 0.583594 0.03125 0.0390625
0 0.211719 0.405469 0.0359375 0.0390625
0 0.704687 0.470313 0.03125 0.04375
0 0.680469 0.453125 0.0328125 0.040625
0 0.655469 0.291406 0.0328125 0.0453125
0 0.267188 0.407813 0.034375 0.04375
0 0.442187 0.724219 0.034375 0.0390625
0 0.285937 0.682813 0.03125 0.04375
0 0.564062 0.317187 0.028125 0.04375
0 0.403125 0.707812 0.0375 0.04375
0 0.384375 0.610156 0.03125 0.0453125
0 0.571094 0.484375 0.0328125 0.04375
0 0.542969 0.282813 0.0328125 0.04375
0 0.084375 0.441406 0.03125 0.0453125
0 0.182031 0.417969 0.0328125 0.0484375
0 0.767969 0.292969 0.0296875 0.0421875
0 0.764844 0.528125 0.0328125 0.04375
0 0.592969 0.521094 0.0328125 0.0421875
0 0.509375 0.267188 0.034375 0.046875
0 0.541406 0.546875 0.0296875 0.04375
0 0.273438 0.321094 0.03125 0.0453125
0 0.835156 0.392969 0.0328125 0.0453125
0 0.73125 0.471094 0.03125 0.0421875
0 0.383594 0.464844 0.0328125 0.0453125
0 0.272656 0.603125 0.0328125 0.04375
0 0.196875 0.669531 0.03125 0.0390625
0 0.384375 0.5375 0.03125 0.040625
0 0.605469 0.183594 0.0328125 0.0453125
0 0.5625 0.403125 0.03125 0.046875
0 0.251563 0.674219 0.034375 0.0515625
0 0.447656 0.80625 0.0328125 0.040625
0 0.819531 0.465625 0.0328125 0.04375
0 0.692969 0.657031 0.0328125 0.0484375
0 0.66875 0.54375 0.034375 0.04375
0 0.496094 0.928906 0.0328125 0.0484375
0 0.464844 0.665625 0.0328125 0.04375
0 0.378125 0.346875 0.03125 0.040625
0 0.661719 0.221094 0.0359375 0.0359375
0 0.377344 0.690625 0.0359375 0.040625
0 0.235938 0.369531 0.03125 0.0421875
0 0.735937 0.294531 0.03125 0.0359375
0 0.415625 0.629687 0.03125 0.04375
0 0.397656 0.658594 0.0328125 0.0390625
0 0.483594 0.339844 0.0328125 0.0421875
0 0.796875 0.503906 0.03125 0.0453125
0 0.309375 0.228125 0.034375 0.04375
0 0.391406 0.785937 0.0359375 0.05
0 0.409375 0.592188 0.03125 0.046875
0 0.453906 0.185937 0.0296875 0.04375
0 0.638281 0.465625 0.0328125 0.04375
0 0.477344 0.484375 0.0328125 0.040625
0 0.682031 0.333594 0.0328125 0.0390625
0 0.367188 0.642969 0.03125 0.0390625
0 0.0796875 0.616406 0.034375 0.0421875
0 0.564844 0.89375 0.0328125 0.046875
0 0.31875 0.304688 0.03125 0.046875
0 0.727344 0.35 0.0296875 0.040625
0 0.675 0.767187 0.034375 0.04375
0 0.302344 0.583594 0.0328125 0.0453125
0 0.771875 0.371094 0.034375 0.0390625
0 0.632812 0.307813 0.03125 0.04375
0 0.659375 0.821875 0.03125 0.053125
0 0.439063 0.775781 0.03125 0.0421875
0 0.228906 0.564844 0.0328125 0.0421875
0 0.115625 0.429688 0.03125 0.04375
0 0.478906 0.603906 0.0328125 0.0421875
0 0.214062 0.596875 0.034375 0.04375
0 0.703906 0.619531 0.0328125 0.0421875
0 0.846875 0.458594 0.034375 0.0453125
0 0.582812 0.68125 0.03125 0.04375
0 0.285937 0.521094 0.034375 0.0390625
0 0.571094 0.539062 0.0328125 0.04375
0 0.557813 0.200781 0.03125 0.0453125
0 0.146094 0.583594 0.0328125 0.0359375
0 0.44375 0.391406 0.028125 0.0421875
0 0.310937 0.344531 0.034375 0.0421875
0 0.585156 0.842969 0.0328125 0.0390625
0 0.420312 0.513281 0.03125 0.0421875
0 0.471094 0.767187 0.0328125 0.04375
0 0.155469 0.503125 0.0296875 0.040625
0 0.610937 0.432031 0.034375 0.0453125
0 0.291406 0.6375 0.0328125 0.040625
0 0.182812 0.592188 0.034375 0.04375
0 0.492188 0.647656 0.03125 0.0390625
0 0.48125 0.80625 0.03125 0.040625
0 0.507812 0.78125 0.034375 0.046875
0 0.35625 0.517969 0.03125 0.0390625
0 0.203906 0.478906 0.0328125 0.0453125
0 0.176563 0.465625 0.034375 0.046875
0 0.725781 0.546094 0.0328125 0.0421875
0 0.685156 0.24375 0.0328125 0.04375
0 0.142188 0.459375 0.034375 0.040625
0 0.346094 0.554688 0.0359375 0.04375
0 0.696094 0.278125 0.0328125 0.04375
0 0.621875 0.682813 0.03125 0.040625
0 0.541406 0.359375 0.0265625 0.05
0 0.741406 0.425 0.0328125 0.040625
0 0.658594 0.505469 0.0328125 0.0421875
0 0.46875 0.259375 0.034375 0.040625
0 0.597656 0.769531 0.0328125 0.0484375
0 0.621094 0.642969 0.0296875 0.0421875
0 0.578125 0.282813 0.03125 0.04375
0 0.471875 0.38125 0.028125 0.046875
0 0.482812 0.186719 0.03125 0.0453125
0 0.698438 0.730469 0.03125 0.0515625
0 0.585938 0.642187 0.034375 0.04375
0 0.296094 0.422656 0.0296875 0.0421875
0 0.791406 0.445312 0.0328125 0.04375
0 0.317969 0.534375 0.0328125 0.040625
0 0.465625 0.528906 0.03125 0.0453125
0 0.589063 0.603125 0.034375 0.04375
0 0.229687 0.442187 0.034375 0.04375
0 0.594531 0.316406 0.0328125 0.0453125
0 0.351562 0.617188 0.03125 0.04375
0 0.384375 0.402344 0.03125 0.0421875
0 0.319531 0.386719 0.0328125 0.0390625
0 0.614844 0.385156 0.0328125 0.0453125
0 0.192969 0.369531 0.0328125 0.0453125
0 0.58125 0.450781 0.03125 0.0421875
0 0.727344 0.509375 0.0328125 0.040625
0 0.43125 0.210938 0.03125 0.040625
0 0.216406 0.64375 0.0328125 0.040625
0 0.65625 0.434375 0.03125 0.04375
0 0.472656 0.417969 0.0328125 0.0453125
0 0.520312 0.889844 0.034375 0.0484375
0 0.35 0.68125 0.03125 0.046875
0 0.35625 0.2 0.03125 0.04375
0 0.323438 0.432031 0.034375 0.0421875
0 0.354688 0.455469 0.03125 0.0453125
0 0.55625 0.8125 0.03125 0.046875
0 0.578906 0.364844 0.0359375 0.0453125
0 0.64375 0.176563 0.034375 0.046875
0 0.671875 0.60625 0.034375 0.046875
0 0.522656 0.59375 0.0328125 0.046875
0 0.0679687 0.528125 0.0328125 0.04375
0 0.532812 0.421875 0.03125 0.04375
0 0.632812 0.348437 0.0375 0.04375
0 0.111719 0.48125 0.0328125 0.04375
0 0.717969 0.392188 0.0328125 0.040625
0 0.69375 0.516406 0.03125 0.0421875
0 0.225781 0.680469 0.0328125 0.0390625
0 0.603125 0.557813 0.03125 0.046875
0 0.555469 0.669531 0.0328125 0.0484375
0 0.407813 0.429688 0.03125 0.04375
0 0.409375 0.754687 0.034375 0.046875
0 0.419531 0.325781 0.0328125 0.0421875
0 0.495313 0.744531 0.03125 0.0453125
0 0.445312 0.605469 0.03125 0.0453125
0 0.240625 0.611719 0.034375 0.0421875
0 0.435156 0.432031 0.0328125 0.0421875
0 0.530469 0.507031 0.0328125 0.0421875
0 0.636719 0.770312 0.0359375 0.046875
0 0.528906 0.81875 0.0328125 0.05
0 0.201562 0.532031 0.034375 0.0453125
0 0.522656 0.31875 0.0328125 0.05
0 0.475781 0.569531 0.0296875 0.0421875
0 0.419531 0.552344 0.0328125 0.0421875
0 0.597656 0.715625 0.0359375 0.04375
0 0.589844 0.810938 0.0328125 0.04375
0 0.429688 0.285937 0.034375 0.04375
0 0.442969 0.689844 0.0328125 0.0453125
0 0.615625 0.273438 0.034375 0.046875
0 0.103125 0.519531 0.034375 0.0484375
0 0.430469 0.478125 0.0359375 0.04375
0 0.357812 0.4125 0.03125 0.046875
0 0.63125 0.605469 0.034375 0.0484375
0 0.616406 0.830469 0.0328125 0.0484375
0 0.553906 0.616406 0.0328125 0.0453125
0 0.516406 0.682813 0.0328125 0.046875
0 0.439844 0.645312 0.0328125 0.04375
0 0.280469 0.5625 0.0328125 0.04375
0 0.635156 0.55625 0.0328125 0.04375
0 0.457031 0.308594 0.0328125 0.0421875
0 0.605469 0.474219 0.0296875 0.0453125
0 0.628906 0.725 0.0359375 0.040625
0 0.657812 0.649219 0.03125 0.0453125
0 0.59375 0.886719 0.034375 0.0484375
0 0.257031 0.535156 0.0328125 0.0453125
0 0.514063 0.467969 0.03125 0.0453125
0 0.34375 0.371875 0.034375 0.046875
0 0.392188 0.501562 0.034375 0.04375
0 0.403906 0.371094 0.0328125 0.0421875
