0 0.351562 0.685156 0.05 0.0609375
0 0.785156 0.486719 0.0390625 0.0453125
0 0.292188 0.678125 0.0375 0.040625
0 0.747656 0.523438 0.0453125 0.059375
0 0.176563 0.691406 0.053125 0.0453125
0 0.692187 0.479688 0.05 0.053125
0 0.814062 0.695312 0.046875 0.059375
0 0.563281 0.5125 0.0421875 0.059375
0 0.0734375 0.253125 0.04375 0.06875
0 0.347656 0.398438 0.0515625 0.065625
0 0.716406 0.477344 0.0359375 0.0515625
0 0.846875 0.689844 0.040625 0.0578125
0 0.410156 0.672656 0.0421875 0.0515625
0 0.561719 0.574219 0.0453125 0.0578125
0 0.55 0.335156 0.0375 0.0578125
0 0.90625 0.527344 0.053125 0.0578125
0 0.470313 0.304688 0.040625 0.059375
0 0.188281 0.394531 0.0453125 0.0609375
0 0.474219 0.523438 0.0484375 0.05625
0 0.514063 0.298438 0.05 0.059375
0 0.478906 0.470313 0.0515625 0.0625
0 0.411719 0.396875 0.0453125 0.059375
0 0.877344 0.60625 0.0421875 0.053125
0 0.795313 0.525 0.040625 0.046875
0 0.672656 0.410937 0.0453125 0.0625
0 0.764844 0.338281 0.0453125 0.0609375
0 0.0984375 0.541406 0.053125 0.0703125
0 0.111719 0.446094 0.0484375 0.0671875
0 0.276563 0.764844 0.05 0.0671875
0 0.195312 0.296875 0.05 0.065625
0 0.367969 0.1375 0.0484375 0.08125
0 0.585156 0.255469 0.0453125 0.0671875
0 0.325 0.73125 0.05 0.0625
0 0.338281 0.33125 0.0515625 0.071875
0 0.148438 0.450781 0.04375 0.0640625
0 0.878906 0.644531 0.0421875 0.0453125
0 0.646875 0.638281 0.046875 0.0546875
0 0.439844 0.267969 0.0359375 0.0671875
0 0.6375 0.379687 0.05 0.065625
0 0.582031 0.383594 0.0484375 0.0609375
0 0.517187 0.471094 0.046875 0.0609375
0 0.502344 0.639844 0.0484375 0.0609375
0 0.0914062 0.332031 0.0421875 0.0671875
0 0.921094 0.588281 0.0390625 0.0578125
0 0.764844 0.403125 0.0453125 0.059375
0 0.43125 0.34375 0.05 0.0625
0 0.678125 0.536719 0.046875 0.0515625
0 0.282031 0.133594 0.0484375 0.0640625
0 0.480469 0.25 0.0453125 0.0625
0 0.205469 0.228125 0.0546875 0.0625
0 0.727344 0.429688 0.0453125 0.05625
0 0.346875 0.51875 0.046875 0.065625
0 0.807031 0.577344 0.0421875 0.0578125
0 0.233594 0.728125 0.0453125 0.05625
0 0.83125 0.541406 0.040625 0.0515625
0 0.822656 0.629687 0.0390625 0.059375
0 0.750781 0.59375 0.0390625 0.046875
0 0.265625 0.279687 0.053125 0.06875
0 0.459375 0.408594 0.05 0.0671875
0 0.292188 0.207031 0.053125 0.0734375
0 0.532812 0.395312 0.05 0.0625
0 0.339063 0.200781 0.053125 0.0703125
0 0.327344 0.275781 0.0578125 0.0703125
0 0.599219 0.328906 0.0515625 0.0703125
0 0.444531 0.177344 0.0515625 0.0671875
0 0.748438 0.69375 0.04375 0.059375
0 0.114844 0.382031 0.0546875 0.0609375
0 0.157031 0.507812 0.0515625 0.0625
0 0.721875 0.367969 0.04375 0.0578125
0 0.264062 0.485156 0.053125 0.0640625
0 0.370313 0.454688 0.04375 0.0625
0 0.817969 0.440625 0.0421875 0.05625
0 0.667969 0.339844 0.0453125 0.0609375
0 0.729688 0.625781 0.0375 0.0484375
0 0.517187 0.589844 0.05 0.0578125
0 0.435156 0.714063 0.0453125 0.0625
0 0.297656 0.639063 0.0484375 0.0625
0 0.322656 0.478906 0.0515625 0.0703125
0 0.314063 0.542969 0.04375 0.0578125
0 0.220313 0.553125 0.046875 0.053125
0 0.241406 0.677344 0.0453125 0.0578125
0 0.0828125 0.602344 0.053125 0.0609375
0 0.563281 0.628906 0.0421875 0.0546875
0 0.457812 0.584375 0.046875 0.0625
0 0.544531 0.238281 0.0453125 0.0640625
0 0.446094 0.654688 0.0453125 0.05625
0 0.64375 0.705469 0.04375 0.0515625
0 0.144531 0.211719 0.0515625 0.0734375
0 0.639063 0.505469 0.040625 0.0578125
0 0.221875 0.44375 0.05 0.065625
0 0.501562 0.355469 0.05 0.0640625
0 0.832031 0.489844 0.0421875 0.0578125
0 0.116406 0.278906 0.0546875 0.0703125
0 0.280469 0.35 0.0578125 0.06875
0 0.133594 0.620313 0.0515625 0.065625
0 0.232812 0.38125 0.05 0.065625
0 0.383594 0.561719 0.0484375 0.0609375
0 0.594531 0.465625 0.0453125 0.0625
0 0.38125 0.289844 0.05 0.0671875
0 0.704687 0.653906 0.04375 0.0484375
0 0.342187 0.595312 0.053125 0.0625
0 0.482031 0.721094 0.0453125 0.0578125
0 0.705469 0.700781 0.0390625 0.0578125
0 0.43125 0.509375 0.05 0.0625
0 0.520312 0.532812 0.046875 0.0625
0 0.204688 0.607813 0.053125 0.0625
0 0.867188 0.453125 0.040625 0.05625
0 0.64375 0.584375 0.05 0.053125
0 0.782031 0.630469 0.0421875 0.0578125
0 0.252344 0.602344 0.0515625 0.0671875
0 0.369531 0.721094 0.0515625 0.0640625
0 0.596875 0.60625 0.04375 0.053125
0 0.582812 0.660156 0.05 0.0609375
0 0.634375 0.435937 0.046875 0.065625
0 0.679688 0.580469 0.040625 0.0515625
0 0.617188 0.561719 0.04375 0.0609375
0 0.657031 0.280469 0.0515625 0.0671875
0 0.407031 0.60625 0.0484375 0.04375
0 0.41875 0.465625 0.05 0.0625
0 0.267969 0.548437 0.0546875 0.065625
