0 0.717188 0.735156 0.025 0.0328125
0 0.528125 0.402344 0.028125 0.0359375
0 0.814062 0.523438 0.028125 0.034375
0 0.703906 0.735156 0.0296875 0.0359375
0 0.773438 0.54375 0.025 0.046875
0 0.911719 0.596094 0.0359375 0.0359375
0 0.6375 0.549219 0.028125 0.0328125
0 0.225781 0.375 0.0453125 0.05625
0 0.186719 0.814844 0.0359375 0.0453125
0 0.89375 0.467969 0.028125 0.0421875
0 0.877344 0.494531 0.0296875 0.0421875
0 0.641406 0.702344 0.0296875 0.0359375
0 0.749219 0.248437 0.0328125 0.05
0 0.446875 0.301562 0.03125 0.04375
0 0.759375 0.517187 0.034375 0.046875
0 0.175781 0.609375 0.0359375 0.04375
0 0.324219 0.6375 0.0390625 0.05
0 0.697656 0.434375 0.0359375 0.046875
0 0.827344 0.415625 0.0328125 0.046875
0 0.61875 0.705469 0.034375 0.0421875
0 0.872656 0.394531 0.0359375 0.0515625
0 0.55625 0.530469 0.0375 0.0453125
0 0.152344 0.826563 0.0328125 0.03125
0 0.7125 0.667188 0.03125 0.0375
0 0.747656 0.650781 0.0296875 0.0421875
0 0.114063 0.526563 0.04375 0.05625
0 0.434375 0.521094 0.028125 0.0328125
0 0.560938 0.65 0.034375 0.040625
0 0.522656 0.511719 0.0328125 0.0453125
0 0.176563 0.867969 0.040625 0.0515625
0 0.286719 0.463281 0.0359375 0.0421875
0 0.338281 0.310937 0.0390625 0.046875
0 0.521094 0.299219 0.0390625 0.0453125
0 0.625781 0.748438 0.0328125 0.040625
0 0.853125 0.325 0.03125 0.04375
0 0.425781 0.153906 0.0421875 0.0515625
0 0.499219 0.640625 0.0328125 0.040625
0 0.866406 0.349219 0.0265625 0.0421875
0 0.660156 0.732813 0.0359375 0.040625
0 0.33125 0.442969 0.03125 0.0484375
0 0.840625 0.5 0.03125 0.0375
0 0.452344 0.415625 0.0359375 0.046875
0 0.699219 0.685156 0.0328125 0.0421875
0 0.120312 0.3875 0.040625 0.04375
0 0.894531 0.414844 0.0328125 0.0421875
0 0.680469 0.554688 0.0328125 0.034375
0 0.4625 0.571094 0.03125 0.0484375
0 0.473437 0.145313 0.0375 0.053125
0 0.507031 0.478125 0.0359375 0.04375
0 0.435156 0.765625 0.0328125 0.046875
0 0.689062 0.772656 0.034375 0.0421875
0 0.557031 0.442187 0.0359375 0.053125
0 0.598437 0.490625 0.040625 0.04375
0 0.209375 0.8875 0.040625 0.04375
0 0.360156 0.172656 0.0359375 0.0484375
0 0.764844 0.350781 0.0328125 0.0546875
0 0.428906 0.721875 0.0390625 0.0375
0 0.374219 0.789844 0.0359375 0.0421875
0 0.739844 0.385938 0.0328125 0.046875
0 0.799219 0.458594 0.0390625 0.0453125
0 0.7625 0.294531 0.03125 0.0515625
0 0.891406 0.528125 0.0296875 0.05
0 0.728906 0.640625 0.0359375 0.05
0 0.389062 0.652344 0.03125 0.0484375
0 0.5625 0.569531 0.0375 0.0484375
0 0.597656 0.39375 0.0359375 0.05
0 0.249219 0.658594 0.0421875 0.0515625
0 0.0742188 0.596875 0.0453125 0.059375
0 0.647656 0.427344 0.0359375 0.0515625
0 0.103906 0.563281 0.0421875 0.0453125
0 0.351562 0.482031 0.034375 0.0421875
0 0.590625 0.722656 0.034375 0.0484375
0 0.472656 0.742969 0.0265625 0.0421875
0 0.460938 0.501562 0.0375 0.04375
0 0.0953125 0.664844 0.04375 0.0578125
0 0.582812 0.232812 0.034375 0.04375
0 0.432813 0.353125 0.04375 0.059375
0 0.675781 0.505469 0.0359375 0.0421875
0 0.863281 0.617969 0.0296875 0.0453125
0 0.335938 0.767187 0.034375 0.046875
0 0.555469 0.690625 0.0328125 0.0375
0 0.275781 0.233594 0.0421875 0.0515625
0 0.361719 0.410156 0.0421875 0.0546875
0 0.921875 0.483594 0.03125 0.0484375
0 0.0742188 0.489062 0.0484375 0.059375
0 0.721094 0.492969 0.0359375 0.0546875
0 0.61875 0.23125 0.034375 0.05
0 0.748438 0.728125 0.03125 0.040625
0 0.224219 0.802344 0.0390625 0.0546875
0 0.261719 0.847656 0.0390625 0.0421875
0 0.828125 0.282813 0.034375 0.05
0 0.314063 0.226562 0.0375 0.053125
0 0.127344 0.807031 0.0359375 0.0546875
0 0.235156 0.252344 0.0453125 0.0609375
0 0.257031 0.69375 0.0421875 0.046875
0 0.299219 0.328906 0.0421875 0.0546875
0 0.335938 0.859375 0.0375 0.040625
0 0.835156 0.655469 0.0328125 0.0421875
0 0.622656 0.372656 0.0328125 0.0484375
0 0.214062 0.648438 0.0375 0.053125
0 0.601562 0.445312 0.0375 0.046875
0 0.56875 0.267969 0.034375 0.0515625
0 0.0882813 0.70625 0.0359375 0.05625
0 0.313281 0.410156 0.0453125 0.0546875
0 0.353906 0.366406 0.0453125 0.0546875
0 0.689062 0.641406 0.034375 0.0453125
0 0.73125 0.333594 0.034375 0.0484375
0 0.560156 0.805469 0.0296875 0.0390625
0 0.491406 0.259375 0.0359375 0.05
0 0.302344 0.721875 0.0390625 0.05
0 0.376563 0.607813 0.040625 0.040625
0 0.409375 0.246094 0.040625 0.0546875
0 0.728906 0.56875 0.0328125 0.04375
0 0.5375 0.766406 0.034375 0.0453125
0 0.0609375 0.544531 0.04375 0.0578125
0 0.484375 0.382031 0.034375 0.0484375
0 0.854688 0.53125 0.03125 0.0375
0 0.354688 0.221875 0.04375 0.05
0 0.153125 0.409375 0.046875 0.059375
0 0.777344 0.603125 0.0328125 0.04375
0 0.647656 0.332812 0.0328125 0.0375
0 0.588281 0.341406 0.0359375 0.0546875
0 0.367188 0.720312 0.0375 0.05
0 0.802344 0.658594 0.0296875 0.0484375
0 0.575781 0.605469 0.0359375 0.0421875
0 0.321094 0.815625 0.0359375 0.05
0 0.4375 0.45625 0.04375 0.05625
0 0.589844 0.633594 0.0359375 0.0484375
0 0.246094 0.472656 0.0390625 0.0484375
0 0.840625 0.36875 0.03125 0.046875
0 0.629687 0.623438 0.03125 0.05
0 0.585938 0.803125 0.03125 0.0375
0 0.579687 0.123438 0.04375 0.05625
0 0.390625 0.708594 0.0375 0.0390625
0 0.464844 0.346094 0.0359375 0.0484375
0 0.733594 0.703906 0.0296875 0.0390625
0 0.0710938 0.410937 0.0421875 0.05625
0 0.614844 0.273438 0.0328125 0.053125
0 0.696094 0.583594 0.0328125 0.0421875
0 0.415625 0.500781 0.0375 0.0453125
0 0.505469 0.155469 0.0359375 0.0515625
0 0.496875 0.700781 0.034375 0.0484375
0 0.10625 0.746875 0.04375 0.05
0 0.446875 0.19375 0.0375 0.053125
0 0.497656 0.744531 0.0328125 0.0515625
0 0.359375 0.271875 0.0375 0.059375
0 0.283594 0.782812 0.0359375 0.046875
0 0.603906 0.778125 0.0328125 0.040625
0 0.66875 0.282813 0.040625 0.05
0 0.163281 0.357031 0.0421875 0.0515625
0 0.535156 0.232031 0.0359375 0.0484375
0 0.689844 0.34375 0.0328125 0.05
0 0.261719 0.753906 0.0390625 0.0484375
0 0.796094 0.242969 0.0328125 0.0453125
0 0.525 0.570312 0.034375 0.05
0 0.853906 0.569531 0.0328125 0.0453125
0 0.652344 0.671094 0.0328125 0.0421875
0 0.570312 0.776563 0.034375 0.046875
0 0.546094 0.3625 0.0390625 0.05625
0 0.692969 0.385156 0.0328125 0.0484375
0 0.364844 0.523438 0.0421875 0.05
0 0.642187 0.267188 0.034375 0.05
0 0.5625 0.182031 0.0375 0.0546875
0 0.664844 0.616406 0.0359375 0.0390625
0 0.148438 0.742188 0.04375 0.040625
0 0.633594 0.170312 0.0359375 0.046875
0 0.50625 0.213281 0.0375 0.0515625
0 0.616406 0.320312 0.0296875 0.05
0 0.528125 0.126563 0.040625 0.053125
0 0.163281 0.79375 0.0359375 0.05
0 0.457031 0.66875 0.0328125 0.04375
0 0.765625 0.6875 0.03125 0.04375
0 0.734375 0.442969 0.034375 0.0484375
0 0.43125 0.59375 0.0375 0.05
0 0.3375 0.542969 0.040625 0.0484375
0 0.639844 0.473437 0.0328125 0.046875
0 0.515625 0.441406 0.0375 0.0484375
0 0.476562 0.455469 0.034375 0.0484375
0 0.478125 0.30625 0.034375 0.046875
0 0.392188 0.469531 0.040625 0.0484375
0 0.655469 0.579687 0.0296875 0.046875
0 0.225 0.730469 0.0375 0.0453125
0 0.230469 0.314844 0.0453125 0.0578125
0 0.769531 0.20625 0.0359375 0.053125
0 0.424219 0.694531 0.0359375 0.0421875
0 0.540625 0.603125 0.034375 0.04375
0 0.621094 0.659375 0.0359375 0.04375
0 0.51875 0.664844 0.03125 0.0453125
0 0.189063 0.40625 0.040625 0.053125
0 0.298438 0.679688 0.040625 0.04375
0 0.342187 0.592188 0.0375 0.053125
0 0.236719 0.541406 0.0421875 0.0484375
0 0.346875 0.69375 0.040625 0.04375
0 0.371875 0.571094 0.0375 0.0484375
0 0.371094 0.832812 0.0359375 0.05
0 0.717188 0.535937 0.03125 0.046875
0 0.457812 0.710938 0.034375 0.040625
0 0.141406 0.642969 0.0421875 0.0515625
0 0.654688 0.21875 0.0375 0.05
0 0.228906 0.432813 0.0421875 0.053125
0 0.588281 0.528906 0.0359375 0.0484375
0 0.591406 0.178125 0.0359375 0.053125
0 0.394531 0.389062 0.0390625 0.053125
0 0.452344 0.254687 0.0390625 0.053125
0 0.509375 0.342187 0.034375 0.05
0 0.624219 0.53125 0.0390625 0.053125
0 0.185937 0.73125 0.040625 0.05
0 0.196875 0.769531 0.040625 0.0453125
0 0.715625 0.299219 0.03125 0.0453125
0 0.129688 0.703125 0.040625 0.053125
0 0.10625 0.442969 0.04375 0.0546875
0 0.429688 0.80625 0.0375 0.046875
0 0.557813 0.728125 0.03125 0.04375
0 0.360156 0.655469 0.0359375 0.0484375
0 0.303906 0.280469 0.0421875 0.0546875
0 0.529688 0.711719 0.03125 0.0421875
0 0.26875 0.415625 0.040625 0.05625
0 0.296094 0.84375 0.0359375 0.040625
0 0.610937 0.582031 0.0375 0.0421875
0 0.71875 0.150781 0.040625 0.0578125
0 0.316406 0.494531 0.0390625 0.0515625
0 0.797656 0.58125 0.0328125 0.046875
0 0.428906 0.639063 0.0359375 0.046875
0 0.492188 0.544531 0.0375 0.0484375
0 0.191406 0.465625 0.0390625 0.053125
0 0.652344 0.770312 0.0328125 0.040625
0 0.171875 0.692969 0.04375 0.0484375
0 0.267188 0.358594 0.040625 0.0578125
0 0.176563 0.555469 0.0375 0.0515625
0 0.557031 0.311719 0.0421875 0.0484375
0 0.28125 0.63125 0.040625 0.053125
0 0.141406 0.584375 0.0390625 0.053125
0 0.153125 0.480469 0.04375 0.0546875
0 0.242969 0.617188 0.0390625 0.05
0 0.500781 0.59375 0.0359375 0.040625
0 0.214844 0.580469 0.0390625 0.0515625
0 0.221094 0.691406 0.0390625 0.0453125
0 0.357812 0.120312 0.046875 0.0625
0 0.404687 0.545313 0.040625 0.05
0 0.305469 0.580469 0.0390625 0.0515625
0 0.20625 0.51875 0.04375 0.053125
0 0.267188 0.580469 0.040625 0.0515625
0 0.403125 0.774219 0.034375 0.0453125
0 0.405469 0.299219 0.0390625 0.0515625
0 0.470313 0.635156 0.0375 0.0484375
0 0.380469 0.323438 0.0421875 0.05625
0 0.26875 0.510156 0.04375 0.0484375
0 0.70625 0.259375 0.034375 0.05
