0 0.392969 0.223438 0.0671875 0.071875
0 0.746094 0.665625 0.0671875 0.05
0 0.438281 0.139844 0.0609375 0.0671875
0 0.672656 0.303906 0.0703125 0.0546875
0 0.560156 0.784375 0.0796875 0.05625
0 0.595312 0.615625 0.071875 0.05
0 0.235156 0.301562 0.0703125 0.046875
0 0.76875 0.701563 0.065625 0.046875
0 0.679688 0.692969 0.078125 0.0515625
0 0.820312 0.4125 0.071875 0.046875
0 0.790625 0.621875 0.059375 0.078125
0 0.719531 0.778125 0.0765625 0.046875
0 0.817187 0.65625 0.0625 0.05
0 0.45625 0.567969 0.0625 0.0671875
0 0.424219 0.64375 0.0703125 0.06875
0 0.508594 0.60625 0.0703125 0.053125
0 0.128906 0.395312 0.0734375 0.05
0 0.59375 0.670313 0.075 0.046875
0 0.186719 0.347656 0.0734375 0.0515625
0 0.629687 0.801562 0.078125 0.0625
0 0.514063 0.671875 0.078125 0.053125
0 0.704687 0.357812 0.0625 0.075
