0 0.11421605401350338 0.54125 0.0326331582895724 0.03750000000000009
0 0.12565641410352588 0.5905 0.03450862715678919 0.041000000000000036
0 0.1322205551387847 0.64075 0.0326331582895724 0.03849999999999998
0 0.1477869467366842 0.6799999999999999 0.03225806451612903 0.03199999999999992
0 0.18792198049512376 0.7522500000000001 0.03300825206301575 0.03749999999999998
0 0.23124531132783194 0.7195 0.030382595648912242 0.03600000000000003
0 0.18417104276069018 0.6699999999999999 0.031507876969242316 0.03500000000000003
0 0.16897974493623408 0.638 0.03188297074268567 0.038999999999999924
0 0.22374343585896472 0.68425 0.026631657914478607 0.03749999999999998
0 0.24718679669917482 0.677 0.03225806451612903 0.039000000000000035
0 0.29444861215303825 0.6715 0.030757689422355572 0.03600000000000003
0 0.2955738934733683 0.64075 0.030007501875468856 0.03649999999999998
0 0.21024006001500375 0.6245 0.030382595648912214 0.03799999999999992
0 0.15566391597899476 0.5427500000000001 0.031507876969242316 0.035499999999999976
0 0.1849212303075769 0.5775 0.031507876969242316 0.04400000000000004
0 0.1899849962490623 0.5529999999999999 0.03263315828957239 0.041999999999999926
0 0.21567891972993247 0.5880000000000001 0.03375843960990246 0.041000000000000036
0 0.2355588897224306 0.61075 0.03375843960990246 0.03849999999999998
0 0.2711927981995499 0.6232500000000001 0.02925731432858214 0.04149999999999998
0 0.3162040510127532 0.6192500000000001 0.030007501875468856 0.04149999999999998
0 0.354463615903976 0.616 0.03225806451612906 0.038999999999999924
0 0.24868717179294825 0.56925 0.030007501875468884 0.04049999999999998
0 0.2861965491372843 0.5775 0.030007501875468856 0.040999999999999925
0 0.14291072768192048 0.488 0.028507126781695424 0.04199999999999998
0 0.18060765191297823 0.495 0.026631657914478607 0.04600000000000004
0 0.20742685671417854 0.5085 0.030757689422355572 0.043999999999999984
0 0.25468867216804203 0.5255 0.030007501875468884 0.038000000000000034
0 0.2786946736684171 0.51575 0.032258064516129004 0.040500000000000036
0 0.28488372093023256 0.54625 0.028882220555138782 0.03849999999999998
0 0.30251312828207055 0.54 0.031132783195798985 0.040000000000000036
0 0.3285821455363841 0.5529999999999999 0.03150787696924229 0.039999999999999925
0 0.3758439609902476 0.54125 0.030007501875468856 0.044499999999999984
0 0.2432483120780195 0.49249999999999994 0.03113278319579893 0.035999999999999976
0 0.22693173293323332 0.46525 0.035258814703675895 0.04049999999999998
0 0.2595648912228057 0.45625 0.030007501875468856 0.044499999999999984
0 0.3169542385596399 0.49274999999999997 0.028507126781695424 0.035499999999999976
0 0.36271567891972994 0.5045 0.026256564141035277 0.033999999999999975
0 0.3852213053263316 0.50775 0.028507126781695424 0.040500000000000036
0 0.3430232558139535 0.46975 0.03113278319579893 0.03849999999999998
0 0.3042010502625656 0.446 0.030757689422355627 0.041000000000000036
0 0.1581020255063766 0.43025 0.03263315828957239 0.04250000000000004
0 0.15903975993998498 0.39075 0.0307576894223556 0.03849999999999998
0 0.17704426106526633 0.35550000000000004 0.028507126781695424 0.04199999999999998
0 0.2019879969992498 0.39425 0.030382595648912242 0.03649999999999998
0 0.23087021755438858 0.39675 0.03263315828957239 0.04349999999999998
0 0.25993998499624904 0.4175 0.030757689422355627 0.044999999999999984
0 0.21117779444861218 0.31725000000000003 0.03225806451612903 0.040500000000000036
0 0.2481245311327832 0.28400000000000003 0.031132783195798958 0.04799999999999999
0 0.2376219054763691 0.34675 0.03263315828957242 0.046499999999999986
0 0.2659414853713428 0.32675 0.02925731432858214 0.04049999999999998
0 0.2921980495123781 0.253 0.030007501875468856 0.047000000000000014
0 0.3060765191297824 0.23249999999999998 0.03750937734433607 0.04300000000000001
0 0.2856339084771193 0.30725 0.028132033008252066 0.04750000000000004
0 0.3126406601650413 0.2865 0.029632408102025498 0.04299999999999998
0 0.3345836459114779 0.267 0.03300825206301572 0.044999999999999984
0 0.3582145536384096 0.24725000000000003 0.030757689422355572 0.048500000000000015
0 0.38165791447861963 0.27025 0.03413353338334585 0.04249999999999998
0 0.35540135033758435 0.3015 0.03263315828957242 0.045999999999999985
0 0.3295198799699925 0.32425 0.031882970742685646 0.044499999999999984
0 0.29351087771942985 0.34725 0.03113278319579893 0.03749999999999998
0 0.2711927981995499 0.3725 0.03150787696924229 0.04200000000000004
0 0.2848837209302325 0.39775 0.03563390847711928 0.04249999999999998
0 0.3283945986496624 0.35325 0.02363090772693177 0.035499999999999976
0 0.3447111777944486 0.36 0.03150787696924229 0.03799999999999998
0 0.3218304576144036 0.4235 0.02775693923480871 0.043999999999999984
0 0.34902475618904727 0.39775 0.03413353338334585 0.04149999999999998
0 0.37115528882220555 0.33775 0.03338334583645908 0.044499999999999984
0 0.3891597899474869 0.3065 0.0318829707426857 0.04600000000000004
0 0.42010502625656415 0.251 0.03300825206301572 0.047000000000000014
0 0.4549887471867967 0.22525 0.03225806451612906 0.05149999999999999
0 0.44542385596399103 0.27525 0.034883720930232565 0.04949999999999999
0 0.4167291822955739 0.2985 0.03225806451612906 0.046999999999999986
0 0.44167291822955734 0.3155 0.036384096024005996 0.04600000000000004
0 0.4838709677419355 0.24075000000000002 0.036759189797449354 0.05050000000000002
0 0.4913728432108027 0.27975 0.03675918979744941 0.04749999999999999
0 0.5172543135783946 0.2515 0.03300825206301572 0.05000000000000002
0 0.5367591897974493 0.27849999999999997 0.03825956489122284 0.04799999999999999
0 0.4891222805701425 0.3205 0.02925731432858214 0.041000000000000036
0 0.4654913728432108 0.34775 0.032258064516129004 0.04349999999999998
0 0.39816204051012755 0.34650000000000003 0.031882970742685646 0.043999999999999984
0 0.39066016504126033 0.3695 0.030382595648912214 0.039000000000000035
0 0.3878469617404351 0.40975 0.03375843960990249 0.03849999999999998
0 0.367966991747937 0.42625 0.025506376594148505 0.03450000000000003
0 0.3897224306076519 0.46025 0.030757689422355627 0.035499999999999976
0 0.38147036759189795 0.47075 0.02775693923480871 0.033499999999999974
0 0.4167291822955739 0.48974999999999996 0.02925731432858214 0.03949999999999998
0 0.43210802700675166 0.519 0.03000750187546891 0.03200000000000003
0 0.4452363090772693 0.54925 0.028507126781695424 0.03749999999999998
0 0.4782445611402851 0.5602499999999999 0.02925731432858214 0.04149999999999998
0 0.4653038259564891 0.5195000000000001 0.029632408102025498 0.03500000000000003
0 0.4264816204051013 0.45399999999999996 0.02925731432858214 0.03799999999999998
0 0.413165791447862 0.4175 0.024381095273818487 0.03899999999999998
0 0.43360840210052515 0.42325 0.030007501875468856 0.04049999999999998
0 0.42085521380345087 0.39049999999999996 0.032258064516129004 0.043999999999999984
0 0.43060765191297823 0.358 0.030757689422355572 0.045999999999999985
0 0.4578019504876219 0.385 0.031882970742685646 0.04299999999999998
0 0.458927231807952 0.4515 0.031882970742685646 0.04299999999999998
0 0.44486121530382594 0.4795 0.03150787696924229 0.041999999999999926
0 0.4698049512378094 0.49249999999999994 0.03338334583645913 0.03999999999999998
0 0.4981245311327832 0.5105 0.030007501875468856 0.03700000000000003
0 0.48612153038259565 0.4635 0.03300825206301572 0.045999999999999985
0 0.481245311327832 0.42175 0.03150787696924234 0.04049999999999998
0 0.4872468117029257 0.37825 0.030007501875468856 0.04650000000000004
0 0.5138784696174044 0.37625 0.033758439609902435 0.04250000000000004
0 0.5127531882970743 0.3375 0.028507126781695424 0.043999999999999984
0 0.5401350337584396 0.33875 0.03525881470367587 0.04349999999999998
0 0.5354463615903975 0.4 0.028132033008252066 0.04199999999999998
0 0.5572018004501125 0.383 0.03413353338334579 0.04600000000000004
0 0.5151912978244562 0.431 0.031882970742685646 0.040000000000000036
0 0.5146286571642911 0.47225 0.030757689422355572 0.04149999999999998
0 0.5401350337584396 0.46399999999999997 0.03525881470367587 0.03999999999999998
0 0.5245686421605402 0.5185 0.030382595648912214 0.05500000000000005
0 0.5495123780945236 0.49424999999999997 0.02925731432858214 0.04150000000000004
0 0.5699549887471869 0.5229999999999999 0.030382595648912214 0.03700000000000003
0 0.5744561140285072 0.48775 0.030382595648912214 0.04249999999999998
0 0.5585146286571643 0.43725 0.03150787696924229 0.039500000000000035
0 0.5806451612903225 0.40975 0.03300825206301583 0.04249999999999998
0 0.5843960990247562 0.443 0.027006751687921993 0.03700000000000003
0 0.6065266316579144 0.4645 0.028507126781695424 0.04199999999999998
0 0.5967741935483871 0.507 0.028507126781695424 0.04299999999999998
0 0.593960990247562 0.5295000000000001 0.028882220555138782 0.03500000000000003
0 0.5622655663915979 0.30925 0.03450862715678926 0.04750000000000004
0 0.5575768942235559 0.22975 0.039384846211552804 0.05349999999999999
0 0.5770817704426107 0.26849999999999996 0.035633908477119336 0.043999999999999984
0 0.617966991747937 0.2185 0.037884471117779484 0.04999999999999999
0 0.614403600900225 0.26575 0.03525881470367587 0.05049999999999999
0 0.6447861965491373 0.26275 0.0367591897974493 0.05049999999999999
0 0.5941485371342836 0.32975 0.03675918979744941 0.05249999999999999
0 0.6196549137284322 0.31125 0.03450862715678926 0.04150000000000004
0 0.5888972243060765 0.373 0.03450862715678915 0.04300000000000004
0 0.6181545386346586 0.37725 0.03300825206301572 0.049500000000000044
0 0.6170292573143286 0.41525 0.03300825206301572 0.046499999999999986
0 0.6363465866466617 0.478 0.03338334583645919 0.043999999999999984
0 0.6245311327831958 0.514 0.026256564141035277 0.038000000000000034
0 0.6363465866466618 0.52525 0.028132033008252066 0.03550000000000009
0 0.6526631657914479 0.49324999999999997 0.032258064516129004 0.03649999999999998
0 0.6547261815453864 0.4535 0.03113278319579893 0.03899999999999998
0 0.677794448612153 0.47050000000000003 0.02700675168792188 0.04199999999999998
0 0.6397224306076519 0.42000000000000004 0.028132033008252066 0.03899999999999998
0 0.6541635408852213 0.40049999999999997 0.033758439609902435 0.04999999999999999
0 0.6716054013503376 0.372 0.03488372093023251 0.04400000000000004
0 0.6513503375843961 0.33499999999999996 0.0386346586646662 0.04999999999999999
0 0.6573518379594898 0.29925 0.03488372093023251 0.04949999999999999
0 0.6911102775693924 0.29225 0.035633908477119336 0.04149999999999998
0 0.6852963240810203 0.33499999999999996 0.033758439609902435 0.04899999999999999
0 0.6877344336084021 0.445 0.03413353338334579 0.04400000000000004
0 0.7049887471867967 0.42075 0.03338334583645919 0.05449999999999999
0 0.7096774193548387 0.36050000000000004 0.03825956489122284 0.046999999999999986
0 0.7344336084021006 0.32475 0.036009002250562694 0.05149999999999999
0 0.7374343585896475 0.26475 0.033758439609902546 0.045499999999999985
0 0.7721305326331582 0.31174999999999997 0.03488372093023251 0.04850000000000004
0 0.75 0.34825 0.034133533383345904 0.04749999999999999
0 0.7244936234058514 0.3835 0.031882970742685646 0.04200000000000004
0 0.7310577644411103 0.41075 0.03300825206301572 0.04249999999999998
0 0.7218679669917479 0.4605 0.030382595648912325 0.044999999999999984
0 0.7244936234058514 0.4995 0.03263315828957236 0.039000000000000035
0 0.714178544636159 0.52 0.02550637659414856 0.03600000000000003
0 0.6941110277569393 0.5255000000000001 0.029632408102025498 0.04300000000000004
0 0.7342460615153787 0.54575 0.02738184546136535 0.03949999999999998
0 0.7560015003750937 0.52825 0.028132033008252066 0.031500000000000083
0 0.7505626406601651 0.511 0.030007501875468967 0.04099999999999998
0 0.766504126031508 0.47975 0.031882970742685646 0.046499999999999986
0 0.7788822205551389 0.48774999999999996 0.028132033008252066 0.03749999999999998
0 0.7751312828207051 0.4425 0.028882220555138782 0.04700000000000004
0 0.7668792198049512 0.39149999999999996 0.031882970742685646 0.043999999999999984
0 0.798762190547637 0.355 0.03713428357089266 0.043999999999999984
0 0.8207051762940736 0.31775 0.03675918979744941 0.04650000000000004
0 0.8178919729932483 0.39049999999999996 0.035633908477119225 0.046999999999999986
0 0.8514628657164292 0.37424999999999997 0.036009002250562694 0.049500000000000044
0 0.8702175543885972 0.3755 0.02775693923480871 0.051000000000000045
0 0.8390847711927982 0.4085 0.02775693923480871 0.03999999999999998
0 0.805701425356339 0.42874999999999996 0.033758439609902546 0.04450000000000004
0 0.7980120030007503 0.476 0.028882220555138782 0.04199999999999998
0 0.8297074268567142 0.4525 0.03150787696924229 0.045999999999999985
0 0.8854088522130532 0.40925 0.03113278319579893 0.04349999999999998
0 0.8634658664666166 0.44525000000000003 0.03300825206301583 0.04350000000000004
0 0.8342085521380345 0.49024999999999996 0.02925731432858214 0.04049999999999998
0 0.8073893473368342 0.52525 0.03188297074268576 0.04249999999999998
0 0.84039759939985 0.53575 0.03263315828957236 0.04050000000000009
