0 0.05907726931732933 0.40375 0.03788447111777945 0.056499999999999995
0 0.0853338334583646 0.4595 0.04463615903975994 0.05399999999999999
0 0.10558889722430609 0.4335 0.043885971492873224 0.05300000000000005
0 0.1322205551387847 0.40425 0.0393848462115529 0.05049999999999999
0 0.15453863465866466 0.39449999999999996 0.04426106526631657 0.061
0 0.15285071267816955 0.44999999999999996 0.04088522130532635 0.055999999999999994
0 0.15003750937734434 0.494 0.04051012753188299 0.050000000000000044
0 0.19448612153038258 0.41825 0.0468867216804201 0.058499999999999996
0 0.19129782445611404 0.44899999999999995 0.04576144036009003 0.04999999999999999
0 0.2526256564141035 0.35525 0.04088522130532632 0.0665
0 0.1991747936984246 0.5327500000000001 0.039759939984996245 0.04349999999999998
0 0.24756189047261817 0.50825 0.042760690172543164 0.04350000000000004
0 0.24249812453113279 0.56375 0.03713428357089274 0.04749999999999999
0 0.27494373593398347 0.58925 0.040510127531882933 0.0505000000000001
0 0.2886346586646662 0.569 0.04463615903975998 0.04599999999999993
0 0.25618904726181546 0.46499999999999997 0.04351087771942985 0.056999999999999995
0 0.29669917479369845 0.495 0.0480120030007502 0.046999999999999986
0 0.30382595648912225 0.43175 0.042010502625656365 0.05349999999999999
0 0.3152663165791448 0.38525 0.046886721680420074 0.05449999999999999
0 0.3368342085521381 0.33375 0.049512378094523635 0.05349999999999999
0 0.3707801950487622 0.32199999999999995 0.04388597149287321 0.065
0 0.41522880720180044 0.2975 0.051012753188297066 0.06
0 0.38297074268567144 0.377 0.04501125281320334 0.05800000000000005
0 0.42685671417854465 0.35150000000000003 0.05176294073518378 0.059
0 0.3938484621155289 0.432 0.04726181545386343 0.050000000000000044
0 0.3565266316579145 0.46025 0.044636159039759926 0.05149999999999999
0 0.3411477869467367 0.50225 0.04613653413353336 0.04750000000000004
0 0.31789197299324834 0.546 0.04463615903975998 0.049000000000000044
0 0.30307576894223553 0.61675 0.03375843960990249 0.046499999999999986
0 0.3126406601650412 0.65575 0.034883720930232565 0.045499999999999985
0 0.3396474118529632 0.58525 0.04088522130532629 0.046499999999999986
0 0.34508627156789196 0.6325000000000001 0.0390097524381095 0.04799999999999993
0 0.3439609902475619 0.69525 0.03825956489122284 0.044499999999999984
0 0.3780945236309077 0.7095 0.03600900225056264 0.04400000000000004
0 0.3722805701425356 0.6635 0.043135783945986494 0.04600000000000004
0 0.3555888972243061 0.55925 0.045011252813203284 0.05449999999999999
0 0.3809077269317329 0.519 0.04388597149287321 0.05400000000000005
0 0.3938484621155289 0.486 0.04726181545386343 0.06
0 0.43342085521380347 0.45499999999999996 0.04613653413353341 0.05399999999999999
0 0.467741935483871 0.39449999999999996 0.04726181545386349 0.059
0 0.4799324831207802 0.33275 0.046886721680420074 0.0635
0 0.5140660165041261 0.29800000000000004 0.0453863465866467 0.067
0 0.5549512378094523 0.32799999999999996 0.050637659414853764 0.062
0 0.5228807201800449 0.38375 0.04576144036009 0.0635
0 0.4773068267066767 0.4435 0.04538634658664664 0.057999999999999996
0 0.5337584396099024 0.43575 0.04351087771942985 0.0605
0 0.45423855963991 0.51525 0.049512378094523635 0.04849999999999999
0 0.4251687921980495 0.53725 0.043885971492873266 0.043500000000000094
0 0.40678919729932483 0.5665 0.04238559639909978 0.04600000000000004
0 0.38465866466616655 0.61525 0.04238559639909978 0.04849999999999999
0 0.4193548387096774 0.60775 0.03600900225056264 0.045499999999999985
0 0.40735183795948987 0.67575 0.03300825206301572 0.044499999999999984
0 0.4216054013503376 0.7190000000000001 0.04051012753188299 0.03700000000000003
0 0.43923480870217557 0.6757500000000001 0.0390097524381095 0.05149999999999999
0 0.45817704426106526 0.7065 0.037884471117779484 0.04400000000000004
0 0.4493623405851463 0.625 0.03975993998499627 0.050000000000000044
0 0.44973743435858965 0.5787500000000001 0.03825956489122284 0.04149999999999998
0 0.4596774193548387 0.5675 0.043135783945986494 0.05499999999999994
0 0.4908102025506377 0.59125 0.04238559639909978 0.0505000000000001
0 0.5039384846211553 0.644 0.043885971492873266 0.04699999999999993
0 0.48368342085521376 0.6885 0.03938484621155286 0.050000000000000044
0 0.5091897974493623 0.7225 0.04388597149287321 0.04800000000000004
0 0.5256939234808702 0.6695 0.0386346586646662 0.04600000000000004
0 0.5228807201800449 0.597 0.04276069017254314 0.049000000000000044
0 0.49718679669917476 0.5245 0.044636159039759926 0.057999999999999996
0 0.5221305326331582 0.488 0.04201050262565642 0.055999999999999994
0 0.537509377344336 0.5449999999999999 0.045011252813203284 0.04700000000000004
0 0.6027756939234808 0.2875 0.05176294073518384 0.05399999999999999
0 0.5885221305326331 0.35925 0.04801200300075015 0.05149999999999999
0 0.5708927231807952 0.4165 0.050262565641410406 0.068
0 0.5618904726181546 0.46375 0.04426106526631657 0.04749999999999999
0 0.563390847711928 0.51275 0.04276069017254314 0.04650000000000004
0 0.5669542385596399 0.59775 0.04013503375843963 0.0495000000000001
0 0.5611402850712679 0.6565000000000001 0.03525881470367598 0.051000000000000045
0 0.5900225056264066 0.677 0.03450862715678926 0.041000000000000036
0 0.5917104276069017 0.625 0.039384846211552915 0.04600000000000004
0 0.6198424606151538 0.66775 0.04088522130532635 0.04049999999999998
0 0.6385971492873218 0.7025 0.04088522130532635 0.04299999999999993
0 0.5879594898724682 0.5465 0.04088522130532635 0.050000000000000044
0 0.6202175543885972 0.59675 0.04238559639909978 0.05049999999999999
0 0.627344336084021 0.5565 0.044636159039759926 0.050999999999999934
0 0.6057764441110278 0.50525 0.04726181545386343 0.05049999999999999
0 0.6078394598649662 0.4635 0.043135783945986494 0.05299999999999999
0 0.6189047261815455 0.40249999999999997 0.046511627906976716 0.056999999999999995
0 0.6460990247561891 0.36150000000000004 0.05138784696174048 0.05399999999999999
0 0.6901725431357839 0.35 0.04951237809452358 0.065
0 0.6807951987996999 0.402 0.04801200300075015 0.06
0 0.6582895723930983 0.44675 0.04651162790697683 0.05349999999999999
0 0.7104276069017255 0.43875 0.05101275318829712 0.051500000000000046
0 0.650787696924231 0.49924999999999997 0.04576144036009 0.05449999999999999
0 0.6950487621905477 0.495 0.04051012753188299 0.05499999999999994
0 0.6674793698424606 0.54325 0.046886721680420074 0.05449999999999999
0 0.6747936984246061 0.579 0.04351087771942985 0.041000000000000036
0 0.6594148537134283 0.64325 0.04351087771942985 0.05049999999999999
0 0.6811702925731433 0.681 0.04201050262565642 0.051000000000000045
0 0.6986121530382596 0.64475 0.039384846211552804 0.05049999999999999
0 0.7198049512378095 0.67525 0.03975993998499627 0.04849999999999999
0 0.7091147786946737 0.5507500000000001 0.043135783945986494 0.055499999999999994
0 0.7323705926481621 0.61175 0.04088522130532635 0.05249999999999999
0 0.7438109527381846 0.64125 0.04426106526631657 0.04849999999999999
0 0.7471867966991748 0.35 0.04951237809452358 0.063
0 0.8780945236309077 0.3345 0.05326331582895716 0.059
0 0.7783195798949738 0.40425 0.05251312828207044 0.057499999999999996
0 0.8527756939234808 0.4115 0.05063765941485365 0.05199999999999999
0 0.8998499624906227 0.405 0.05326331582895727 0.055999999999999994
0 0.7642535633908477 0.45775 0.05513878469617395 0.0645
0 0.735933983495874 0.501 0.045011252813203284 0.05400000000000005
0 0.7543135783945987 0.5475 0.041260315078769705 0.05699999999999994
0 0.7852588147036759 0.5095000000000001 0.04463615903976004 0.051000000000000045
0 0.8171417854463616 0.46775 0.04088522130532635 0.058499999999999996
0 0.7730682670667668 0.5954999999999999 0.04276069017254314 0.049000000000000044
0 0.8105776444111028 0.56925 0.04801200300075015 0.05049999999999999
0 0.8343960990247562 0.5115000000000001 0.04538634658664664 0.05900000000000005
0 0.8707801950487621 0.46775 0.04988747186796705 0.05349999999999999
