0 0.2921980495123781 0.14125000000000001 0.09677419354838712 0.12350000000000001
0 0.3994748687171793 0.1375 0.08927231807951985 0.12100000000000001
0 0.15753938484621155 0.22050000000000003 0.09902475618904727 0.10500000000000001
0 0.268192048012003 0.25525 0.08927231807951988 0.10250000000000001
0 0.34171042760690173 0.21000000000000002 0.08477119279819956 0.12000000000000002
0 0.45986496624156037 0.22499999999999998 0.09452363090772686 0.11999999999999997
0 0.5433233308327081 0.1925 0.09489872468117028 0.132
0 0.6222805701425357 0.21650000000000003 0.08477119279819956 0.1
0 0.7081770442610653 0.2565 0.09152288072018011 0.10500000000000001
0 0.1581020255063766 0.34299999999999997 0.08589647411852963 0.11200000000000004
0 0.31207801950487624 0.3155 0.08777194298574642 0.129
0 0.24456114028507125 0.37925 0.08552138034508625 0.1225
0 0.40828957239309827 0.3165 0.0978994748687172 0.121
0 0.5326331582895724 0.2975 0.08252063015753935 0.12999999999999998
0 0.6181545386346587 0.307 0.09452363090772697 0.118
0 0.7083645911477869 0.35524999999999995 0.09714928732183048 0.11049999999999999
0 0.16035258814703676 0.4545 0.08289572393098275 0.125
0 0.1271567891972993 0.55925 0.08477119279819954 0.12050000000000005
0 0.19448612153038258 0.603 0.09414853713428359 0.12
0 0.2423105776444111 0.52825 0.0870217554388597 0.11850000000000005
0 0.29369842460615153 0.595 0.08477119279819956 0.11599999999999999
0 0.30795198799699924 0.44425000000000003 0.07426856714178542 0.1195
0 0.35596399099774945 0.53875 0.09152288072018006 0.10849999999999999
0 0.36834208552138037 0.66825 0.08402100525131279 0.10050000000000003
0 0.3664666166541635 0.7887500000000001 0.08327081770442613 0.12950000000000006
0 0.43548387096774194 0.83675 0.08927231807951985 0.10450000000000004
0 0.5131282820705176 0.899 0.07351837959489865 0.10999999999999999
0 0.582708177044261 0.92925 0.08814703675918978 0.12650000000000006
0 0.5082520630157539 0.7685 0.07876969242310572 0.126
0 0.4579894973743436 0.6777500000000001 0.08627156789197299 0.11849999999999994
0 0.35783945986496624 0.5395 0.09002250562640657 0.10499999999999998
0 0.4234808702175544 0.5825 0.0870217554388597 0.10899999999999999
0 0.4034133533383346 0.437 0.08814703675918983 0.10999999999999999
0 0.46886721680420107 0.40375 0.09302325581395349 0.11850000000000005
0 0.4602400600150037 0.49750000000000005 0.08927231807951985 0.10900000000000004
0 0.5542010502625656 0.41725 0.08139534883720934 0.10849999999999999
0 0.6384096024006002 0.41974999999999996 0.09002250562640657 0.10649999999999998
0 0.5530757689422356 0.528 0.0888972243060765 0.11599999999999999
0 0.518192048012003 0.62875 0.09414853713428362 0.10850000000000004
0 0.5785821455363841 0.73375 0.08439609902475609 0.11850000000000005
0 0.6354088522130532 0.82925 0.08177044261065258 0.12649999999999995
0 0.687171792948237 0.9059999999999999 0.09902475618904727 0.10999999999999999
0 0.771755438859715 0.9135 0.07614403600900232 0.11299999999999999
0 0.8570892723180795 0.8400000000000001 0.08852213053263314 0.12
0 0.7741935483870968 0.806 0.0870217554388597 0.09999999999999998
0 0.6905476369092273 0.76425 0.08477119279819956 0.11549999999999994
0 0.6059639909977494 0.62525 0.08214553638409594 0.12450000000000006
0 0.6867966991747937 0.629 0.0817704426106527 0.124
0 0.8113278319579895 0.69075 0.08252063015753941 0.11050000000000004
0 0.9075393848462115 0.722 0.09039759939985004 0.11399999999999999
0 0.6271567891972993 0.525 0.08552138034508627 0.12399999999999994
0 0.7460615153788448 0.32275 0.07426856714178542 0.09449999999999997
0 0.8448987246811703 0.29374999999999996 0.08364591147786948 0.10149999999999998
0 0.7603150787696924 0.42274999999999996 0.08477119279819956 0.10249999999999998
0 0.7164291072768192 0.50925 0.08777194298574642 0.11949999999999994
0 0.7753188297074269 0.5905 0.09977494373593399 0.119
0 0.8452738184546136 0.40225 0.08664666166541635 0.11550000000000005
0 0.832145536384096 0.53225 0.09564891222805705 0.10450000000000004
0 0.9210427606901725 0.5005000000000001 0.0978994748687172 0.12100000000000005
0 0.9156039009752438 0.6145 0.08627156789197299 0.11399999999999999
