0 0.22243060765191297 0.3105 0.05551387846961739 0.06899999999999995
0 0.2719429857464366 0.2465 0.05701425356339085 0.06999999999999998
0 0.2880720180045011 0.17475000000000002 0.05626406601650413 0.07449999999999998
0 0.34227306826706677 0.22275 0.05663915978994749 0.07050000000000001
0 0.32314328582145535 0.31825000000000003 0.05213803450862714 0.07749999999999996
0 0.28132033008252066 0.33225 0.04501125281320334 0.07250000000000001
0 0.25562640660165037 0.38575 0.051387846961740424 0.0635
0 0.2981995498874719 0.40975 0.049512378094523635 0.0675
0 0.3473368342085521 0.386 0.04726181545386349 0.065
0 0.37734433608402096 0.32375 0.049512378094523635 0.0695
0 0.39403600900225055 0.38049999999999995 0.051387846961740424 0.07100000000000001
0 0.33589647411852963 0.44699999999999995 0.04763690922730679 0.064
0 0.2738184546136534 0.45399999999999996 0.052513128282070526 0.056999999999999995
0 0.22580645161290322 0.469 0.04876219054763692 0.07
0 0.26669167291822954 0.51025 0.043510877719429825 0.06750000000000006
0 0.22355588897224304 0.556 0.04501125281320331 0.06500000000000006
0 0.31639159789947485 0.518 0.04538634658664664 0.06400000000000006
0 0.35858964741185295 0.52 0.054013503375843985 0.05800000000000005
0 0.2861965491372843 0.58725 0.046511627906976716 0.0655
0 0.22280570142535633 0.65875 0.049512378094523635 0.057499999999999996
0 0.2798199549887472 0.649 0.045011252813203284 0.062000000000000055
0 0.3150787696924231 0.68825 0.0547636909227307 0.0625
0 0.24868717179294825 0.708 0.04726181545386346 0.05999999999999994
0 0.28844711177794446 0.736 0.04876219054763692 0.05800000000000005
0 0.3353338334583646 0.7384999999999999 0.04426106526631657 0.05999999999999994
0 0.24193548387096775 0.7815000000000001 0.04351087771942985 0.05900000000000005
0 0.2751312828207052 0.8400000000000001 0.04838709677419356 0.05500000000000005
0 0.3252063015753939 0.844 0.044261065266316624 0.050000000000000044
0 0.3058889722430608 0.78775 0.047636909227306845 0.05149999999999999
0 0.35858964741185295 0.80925 0.04426106526631657 0.05349999999999999
0 0.4052888222055514 0.8140000000000001 0.05063765941485371 0.05799999999999994
0 0.4118529632408102 0.84075 0.03975993998499622 0.05049999999999999
0 0.36102775693923483 0.8875 0.04988747186796699 0.04999999999999993
0 0.4521755438859715 0.8325 0.03938484621155286 0.05400000000000005
0 0.4915603900975244 0.833 0.044636159039759926 0.061000000000000054
0 0.4844336084021006 0.779 0.04613653413353341 0.05800000000000005
0 0.4433608402100525 0.76325 0.03900975243810956 0.04849999999999999
0 0.4216054013503376 0.7344999999999999 0.037509377344336126 0.051999999999999935
0 0.37978244561140284 0.72375 0.04163540885221306 0.056499999999999995
0 0.36552888222055513 0.6832499999999999 0.046886721680420074 0.0595
0 0.32726931732933234 0.6212500000000001 0.039384846211552915 0.0615
0 0.3698424606151538 0.61 0.0480120030007502 0.06000000000000005
0 0.40116279069767447 0.5800000000000001 0.04838709677419356 0.061999999999999944
0 0.4382970742685671 0.5965 0.03938484621155286 0.05799999999999994
0 0.4097899474868717 0.6495 0.0453863465866467 0.05999999999999994
0 0.4669917479369843 0.6785 0.045761440360090055 0.06099999999999994
0 0.4551762940735184 0.71075 0.04088522130532635 0.05149999999999999
0 0.5056264066016505 0.71875 0.04576144036009 0.0674999999999999
0 0.5232558139534884 0.7545 0.03900975243810956 0.05799999999999994
0 0.5553263315828957 0.7955 0.04388597149287321 0.04899999999999993
0 0.5960240060015003 0.78625 0.04051012753188299 0.05449999999999999
0 0.5695798949737434 0.75275 0.048387096774193616 0.05449999999999999
0 0.6061515378844711 0.72975 0.041260315078769705 0.0625
0 0.5804576144036009 0.6759999999999999 0.043135783945986494 0.049000000000000044
0 0.5575768942235559 0.6435 0.0476369092273069 0.05300000000000005
0 0.5060015003750937 0.63975 0.04351087771942985 0.0605
0 0.4966241560390097 0.59425 0.04876219054763686 0.055499999999999994
0 0.4645536384096024 0.5549999999999999 0.04613653413353336 0.06700000000000006
0 0.4238559639909978 0.50375 0.049512378094523635 0.060500000000000054
0 0.3835333833458365 0.45475 0.043135783945986494 0.058499999999999996
0 0.42291822955738934 0.4365 0.04838709677419356 0.06899999999999995
0 0.4658664666166542 0.42925 0.04876219054763692 0.0625
0 0.47599399849962487 0.48475 0.04501125281320334 0.05749999999999994
0 0.5148162040510128 0.518 0.04688672168042013 0.05600000000000005
0 0.5165041260315079 0.44599999999999995 0.04651162790697677 0.05299999999999999
0 0.5632033008252063 0.45625 0.046886721680420074 0.058499999999999996
0 0.3825956489122281 0.12675 0.05026256564141035 0.07050000000000001
0 0.4253563390847712 0.08975 0.05026256564141035 0.07450000000000001
0 0.4161665416354089 0.22125 0.052888222055513856 0.07350000000000001
0 0.42498124531132786 0.29000000000000004 0.0525131282820705 0.07400000000000001
0 0.44429857464366096 0.364 0.04913728432108028 0.068
0 0.4714928732183046 0.2595 0.04876219054763686 0.07199999999999998
0 0.48612153038259565 0.32775 0.05101275318829712 0.0695
0 0.5136909227306827 0.38949999999999996 0.04463615903975998 0.068
0 0.4891222805701425 0.11374999999999999 0.05176294073518378 0.0795
0 0.5438859714928732 0.08099999999999999 0.05326331582895727 0.075
0 0.48537134283570893 0.185 0.04876219054763692 0.067
0 0.5266316579144786 0.2095 0.05551387846961742 0.068
0 0.52344336084021 0.27525 0.046886721680420074 0.07150000000000001
0 0.5438859714928732 0.33375 0.04201050262565642 0.0645
0 0.5798949737434358 0.28400000000000003 0.04726181545386343 0.07300000000000001
0 0.6198424606151538 0.23650000000000002 0.04088522130532635 0.07300000000000001
0 0.618529632408102 0.154 0.046511627906976716 0.075
0 0.6706676669167292 0.19225 0.05551387846961742 0.0685
0 0.7145536384096024 0.23375 0.05101275318829712 0.060500000000000026
0 0.75 0.28375 0.04238559639909978 0.0665
0 0.6498499624906227 0.28200000000000003 0.04538634658664664 0.069
0 0.6806076519129782 0.31075 0.037884471117779484 0.0625
0 0.6312828207051764 0.32799999999999996 0.045011252813203284 0.07200000000000001
0 0.6609152288072018 0.347 0.04876219054763686 0.068
0 0.635596399099775 0.39525 0.04913728432108022 0.0625
0 0.6597899474868718 0.42425 0.04051012753188299 0.057499999999999996
0 0.7190547636909228 0.391 0.045011252813203284 0.069
0 0.7237434358589647 0.34650000000000003 0.044636159039759926 0.04799999999999999
0 0.722993248312078 0.44475 0.05063765941485365 0.0615
0 0.6806076519129782 0.48550000000000004 0.04388597149287321 0.04899999999999999
0 0.6292198049512379 0.483 0.0476369092273069 0.07600000000000001
0 0.5902100525131283 0.525 0.044636159039759926 0.062000000000000055
0 0.5558889722430607 0.5835 0.04426106526631657 0.05899999999999994
0 0.6050262565641411 0.6065 0.04726181545386343 0.06399999999999995
0 0.6239684921230308 0.60875 0.03263315828957236 0.058499999999999996
0 0.6400975243810954 0.569 0.050637659414853764 0.05900000000000005
0 0.6888597149287321 0.5662499999999999 0.04988747186796705 0.04949999999999999
0 0.7246811702925731 0.5720000000000001 0.036009002250562694 0.05700000000000005
0 0.7404351087771943 0.52625 0.04276069017254314 0.058499999999999996
0 0.640285071267817 0.69875 0.04201050262565642 0.057499999999999996
0 0.6751687921980496 0.6825 0.041260315078769705 0.05499999999999994
0 0.6791072768192048 0.629 0.04988747186796694 0.052999999999999936
0 0.7109902475618904 0.6425000000000001 0.048387096774193505 0.04799999999999993
0 0.7121155288822205 0.6932499999999999 0.044636159039759926 0.05349999999999999
0 0.6770442610652663 0.73675 0.041260315078769705 0.0615
0 0.6879219804951238 0.8135 0.050262565641410406 0.05699999999999994
0 0.7351837959489873 0.738 0.04726181545386343 0.05400000000000005
0 0.7468117029257315 0.79225 0.046511627906976716 0.05249999999999999
0 0.7340585146286571 0.63075 0.033758439609902546 0.056499999999999995
0 0.7833833458364591 0.7037500000000001 0.043135783945986494 0.0675
0 0.809264816204051 0.7095 0.03488372093023262 0.05899999999999994
0 0.7621905476369093 0.7302500000000001 0.04051012753188299 0.03949999999999998
0 0.8124531132783195 0.7797499999999999 0.04576144036009 0.054500000000000104
0 0.7698799699924981 0.48524999999999996 0.046886721680420185 0.06849999999999995
0 0.7803825956489122 0.55125 0.04238559639909978 0.0615
0 0.7773818454613654 0.5992500000000001 0.046886721680420074 0.05149999999999999
0 0.7916354088522131 0.63425 0.04013503375843963 0.05149999999999999
0 0.8205176294073518 0.654 0.04238559639909978 0.05600000000000005
0 0.8287696924231058 0.596 0.04538634658664675 0.06600000000000006
0 0.8584021005251313 0.727 0.04388597149287321 0.05499999999999994
0 0.8906601650412603 0.68225 0.039384846211552915 0.058499999999999996
0 0.8690922730682671 0.58575 0.041260315078769705 0.05049999999999999
0 0.8621530382595649 0.6245 0.04613653413353336 0.04300000000000004
0 0.9054763690922731 0.59275 0.036009002250562694 0.058499999999999996
0 0.8475243810952737 0.5025 0.05288822205551391 0.05399999999999999
0 0.8844711177794449 0.53025 0.04201050262565642 0.0685
0 0.9199174793698425 0.53375 0.043135783945986494 0.0615
0 0.8235183795948987 0.45875 0.04088522130532635 0.0605
0 0.7878844711177795 0.41025 0.05138784696174048 0.0695
0 0.8287696924231058 0.39775 0.040885221305326236 0.0635
0 0.8621530382595649 0.44825 0.046886721680420074 0.0675
0 0.9024756189047263 0.4175 0.046511627906976716 0.057999999999999996
0 0.8938484621155289 0.4675 0.03450862715678926 0.055999999999999994
0 0.813390847711928 0.32525 0.05138784696174048 0.0655
0 0.8441485371342836 0.36725 0.03863465866466609 0.0645
0 0.5673293323330832 0.38949999999999996 0.046886721680420074 0.068
