0 0.10558889722430607 0.5255 0.054388597149287315 0.06
0 0.11027756939234809 0.5952500000000001 0.051762940735183796 0.0595
0 0.1571642910727682 0.47275 0.0525131282820705 0.06749999999999995
0 0.15510127531882972 0.534 0.052888222055513884 0.069
0 0.16541635408852212 0.60725 0.05626406601650413 0.05249999999999999
0 0.12809452363090773 0.6275 0.045386346586646656 0.04399999999999993
0 0.15510127531882972 0.65875 0.046136534133533386 0.0615
0 0.13615903975993998 0.6737500000000001 0.03450862715678919 0.045499999999999985
0 0.16822955738934733 0.7322500000000001 0.04913728432108028 0.057499999999999996
0 0.1791072768192048 0.41325 0.0536384096024006 0.0635
0 0.2078019504876219 0.37549999999999994 0.052513128282070526 0.062
0 0.23405851462865715 0.30600000000000005 0.05026256564141035 0.068
0 0.27550637659414856 0.2885 0.04913728432108028 0.062
0 0.25900225056264065 0.36625 0.052888222055513884 0.0635
0 0.23537134283570893 0.4425 0.04763690922730682 0.062
0 0.20217554388597148 0.49050000000000005 0.03900975243810953 0.067
0 0.21792948237059265 0.5605 0.04876219054763692 0.06299999999999994
0 0.2785071267816954 0.42200000000000004 0.05363840960240063 0.062
0 0.26050262565641413 0.476 0.052888222055513856 0.062
0 0.2644411102775694 0.5462499999999999 0.04726181545386346 0.0615
0 0.22111777944486122 0.6227499999999999 0.04238559639909978 0.0595
0 0.25712678169542386 0.6247499999999999 0.05438859714928734 0.0655
0 0.2145536384096024 0.7072499999999999 0.051012753188297066 0.0635
0 0.2098649662415604 0.75625 0.04913728432108028 0.056499999999999995
0 0.2691297824456114 0.6852499999999999 0.04763690922730682 0.0635
0 0.26575393848462114 0.7335 0.044636159039759926 0.061000000000000054
0 0.24043510877719432 0.8069999999999999 0.05551387846961742 0.06500000000000006
0 0.29857464366091524 0.7885 0.04876219054763692 0.05499999999999994
0 0.31226556639159786 0.83925 0.05213803450862714 0.058499999999999996
0 0.3478994748687172 0.8935 0.05063765941485371 0.061000000000000054
0 0.38953488372093026 0.87575 0.05213803450862714 0.0605
0 0.35765191297824456 0.8167500000000001 0.048387096774193505 0.0675
0 0.3420855213803451 0.761 0.04426106526631657 0.062000000000000055
0 0.38372093023255816 0.76925 0.05176294073518378 0.0605
0 0.44748687171792945 0.786 0.05176294073518378 0.05799999999999994
0 0.30626406601650413 0.7112499999999999 0.04913728432108028 0.0595
0 0.31882970742685673 0.25925 0.05551387846961742 0.06649999999999998
0 0.31301575393848463 0.33999999999999997 0.05513878469617406 0.069
0 0.3345836459114778 0.38775 0.051012753188297066 0.07350000000000001
0 0.31732933233308325 0.46199999999999997 0.04876219054763692 0.068
0 0.3595273818454614 0.44275 0.04838709677419356 0.0645
0 0.3574643660915229 0.5035000000000001 0.052513128282070554 0.06999999999999995
0 0.30513878469617406 0.524 0.04913728432108028 0.065
0 0.3047636909227307 0.5855 0.05063765941485371 0.062000000000000055
0 0.3068267066766691 0.643 0.05026256564141035 0.06299999999999994
0 0.3525881470367592 0.5675 0.051012753188297066 0.06499999999999995
0 0.37284321080270066 0.63625 0.0525131282820705 0.07150000000000001
0 0.35071267816954244 0.67425 0.04876219054763692 0.057499999999999996
0 0.38822205551387845 0.7050000000000001 0.04651162790697677 0.07100000000000006
0 0.43192048012003004 0.73075 0.04688672168042013 0.0605
0 0.48105776444111026 0.7424999999999999 0.048387096774193505 0.06799999999999995
0 0.5071267816954238 0.6950000000000001 0.051012753188297066 0.05999999999999994
0 0.4523630907726932 0.67825 0.0480120030007502 0.0625
0 0.4212303075768942 0.65225 0.04801200300075015 0.0714999999999999
0 0.49568642160540133 0.629 0.04613653413353336 0.07099999999999995
0 0.4504876219054764 0.59175 0.05026256564141035 0.0635
0 0.40847711927981994 0.58575 0.05326331582895727 0.0605
0 0.400225056264066 0.5349999999999999 0.05026256564141035 0.051000000000000045
0 0.4497374343585896 0.53925 0.049512378094523635 0.0645
0 0.3698424606151538 0.24624999999999997 0.051012753188297066 0.07249999999999998
0 0.37021755438859716 0.30275 0.049512378094523635 0.0645
0 0.4150412603150788 0.225 0.05063765941485371 0.07100000000000001
0 0.4097899474868717 0.2845 0.05063765941485371 0.062
0 0.3951612903225806 0.378 0.04538634658664664 0.065
0 0.4362340585146287 0.41600000000000004 0.049512378094523635 0.065
0 0.43848462115528886 0.47075 0.05176294073518378 0.055499999999999994
0 0.4780570142535634 0.495 0.04913728432108028 0.06499999999999995
0 0.49549887471867965 0.54425 0.05101275318829701 0.0625
0 0.5300075018754689 0.5925 0.04726181545386354 0.05700000000000005
0 0.5703300825206301 0.61775 0.04613653413353347 0.0665
0 0.613278319579895 0.59475 0.04801200300075026 0.0665
0 0.6445986496624156 0.5589999999999999 0.050637659414853764 0.06599999999999995
0 0.5607651912978244 0.5462499999999999 0.04726181545386343 0.0635
0 0.530570142535634 0.504 0.04613653413353336 0.067
0 0.48199549887471865 0.4245 0.046511627906976716 0.068
0 0.45911477869467365 0.36150000000000004 0.049512378094523635 0.065
0 0.4516129032258065 0.2655 0.051012753188297066 0.06699999999999998
0 0.4709302325581395 0.17925 0.05063765941485371 0.0665
0 0.536946736684171 0.165 0.05438859714928723 0.07500000000000001
0 0.5136909227306827 0.24175000000000002 0.05363840960240063 0.07550000000000004
0 0.4921230307576894 0.30800000000000005 0.053263315828957214 0.068
0 0.5090022505626406 0.36975 0.050262565641410295 0.0595
0 0.5348837209302326 0.2955 0.04801200300075015 0.059
0 0.5528882220555139 0.35275 0.05176294073518384 0.0665
0 0.5780195048762191 0.40775 0.04876219054763686 0.0635
0 0.5277569392348087 0.42525 0.052513128282070554 0.07150000000000001
0 0.5587021755438859 0.4605 0.05513878469617406 0.07
0 0.5602025506376593 0.24624999999999997 0.052138034508627196 0.07749999999999999
0 0.5873968492123031 0.2945 0.052513128282070554 0.07200000000000001
0 0.6187171792948237 0.34825 0.048387096774193505 0.07050000000000001
0 0.609714928732183 0.46175 0.04988747186796694 0.0615
0 0.6012753188297074 0.514 0.05326331582895727 0.062000000000000055
0 0.6869842460615154 0.52775 0.04913728432108033 0.060500000000000054
0 0.6528507126781695 0.493 0.04763690922730679 0.066
0 0.6822955738934733 0.4675 0.04276069017254314 0.064
0 0.6534133533383346 0.43025 0.052513128282070554 0.0615
0 0.6033383345836459 0.17875 0.04913728432108022 0.07250000000000001
0 0.6385971492873219 0.14875 0.052138034508627196 0.0745
0 0.623780945236309 0.23925000000000002 0.04876219054763686 0.06750000000000003
0 0.6517254313578394 0.2835 0.04913728432108022 0.069
0 0.668417104276069 0.36150000000000004 0.04951237809452369 0.07300000000000001
0 0.6918604651162791 0.41425 0.04388597149287321 0.0615
0 0.6836084021005251 0.173 0.05438859714928734 0.07599999999999998
0 0.6794823705926482 0.2385 0.04988747186796694 0.06900000000000003
0 0.7138034508627157 0.19974999999999998 0.045011252813203395 0.07149999999999998
0 0.6980495123780945 0.30125 0.04726181545386354 0.0675
0 0.7076144036009002 0.359 0.044636159039759926 0.068
0 0.7323705926481621 0.43825000000000003 0.05138784696174048 0.06449999999999995
0 0.7550637659414854 0.49975 0.05176294073518384 0.06549999999999995
0 0.7983870967741935 0.48050000000000004 0.046886721680420185 0.046999999999999986
0 0.7833833458364591 0.41900000000000004 0.046886721680420074 0.059
0 0.845648912228057 0.43375 0.050637659414853764 0.0635
0 0.7550637659414854 0.38275 0.05326331582895727 0.0595
0 0.7522505626406601 0.3225 0.05363840960240063 0.063
0 0.8042010502625656 0.35650000000000004 0.04801200300075015 0.063
0 0.8447111777944486 0.3755 0.05176294073518384 0.06499999999999995
0 0.7646286571642911 0.20725 0.04913728432108022 0.0595
0 0.7537509377344336 0.263 0.04388597149287321 0.07099999999999998
0 0.7846961740435108 0.27849999999999997 0.04426106526631657 0.07200000000000001
0 0.8599024756189046 0.31000000000000005 0.05438859714928734 0.067
0 0.831582895723931 0.233 0.05176294073518384 0.068
