0 0.38953488372093026 0.15775 0.03788447111777943 0.056499999999999995
0 0.4300450112528132 0.164 0.04013503375843963 0.05499999999999999
0 0.49193548387096775 0.17125 0.03488372093023262 0.058500000000000024
0 0.5163165791447862 0.177 0.0408852213053264 0.063
0 0.540510127531883 0.136 0.04801200300075026 0.05800000000000001
0 0.5703300825206301 0.19925 0.04013503375843952 0.0635
0 0.581020255063766 0.2535 0.041260315078769705 0.06299999999999997
0 0.527006751687922 0.249 0.04276069017254314 0.060000000000000026
0 0.4628657164291073 0.223 0.03975993998499627 0.056999999999999995
0 0.4174793698424606 0.23 0.03375843960990249 0.05499999999999999
0 0.35671417854463616 0.208 0.04051012753188299 0.05399999999999999
0 0.33645911477869467 0.244 0.03975993998499627 0.05300000000000002
0 0.38278319579894976 0.276 0.04163540885221306 0.062
0 0.4690547636909227 0.27049999999999996 0.03938484621155286 0.059
0 0.5630157539384846 0.32125 0.041260315078769705 0.056499999999999995
0 0.531695423855964 0.31575 0.039384846211552915 0.056499999999999995
0 0.4694298574643661 0.3275 0.044636159039759926 0.061
0 0.31545386346586646 0.33575 0.03300825206301572 0.05149999999999999
0 0.3460240060015004 0.34650000000000003 0.03413353338334585 0.057999999999999996
0 0.39309827456864216 0.37325 0.04426106526631657 0.0605
0 0.47280570142535633 0.39 0.04013503375843963 0.06
0 0.5108777194298575 0.362 0.038259564891222786 0.059
0 0.5506376594148537 0.379 0.03675918979744941 0.057999999999999996
0 0.5450112528132034 0.43325 0.04051012753188299 0.05449999999999999
0 0.5211927981995499 0.41300000000000003 0.04013503375843963 0.034999999999999976
0 0.4315453863465867 0.4135 0.03938484621155286 0.057999999999999996
0 0.35540135033758435 0.40149999999999997 0.03713428357089271 0.067
0 0.3692798199549887 0.4565 0.038634658664666144 0.05499999999999999
0 0.33870967741935487 0.48975 0.03450862715678921 0.05549999999999994
0 0.41916729182295576 0.4615 0.03413353338334585 0.05399999999999999
0 0.45723930982745686 0.472 0.03825956489122284 0.05099999999999999
0 0.4879969992498125 0.4525 0.03975993998499627 0.061
0 0.5343210802700675 0.493 0.03713428357089277 0.05499999999999994
0 0.5797074268567142 0.512 0.04388597149287321 0.05800000000000005
0 0.5153788447111778 0.52425 0.0367591897974493 0.05350000000000005
0 0.5438859714928732 0.5455 0.03975993998499616 0.05899999999999994
0 0.45648912228057015 0.52125 0.04051012753188299 0.058499999999999996
0 0.4232933233308327 0.51775 0.03788447111777943 0.05250000000000005
0 0.38540885221305327 0.55325 0.031882970742685646 0.05049999999999999
0 0.35408852213053266 0.53325 0.033008252063015775 0.056499999999999995
0 0.3750937734433608 0.5860000000000001 0.03375843960990249 0.049000000000000044
0 0.4337959489872468 0.56875 0.04013503375843963 0.056499999999999995
0 0.48799699924981244 0.5695 0.04126031507876976 0.05499999999999994
0 0.5783945986496624 0.5875 0.045011252813203284 0.050999999999999934
0 0.5163165791447862 0.62025 0.043885971492873266 0.055499999999999994
0 0.5547636909227307 0.6465000000000001 0.04201050262565642 0.05700000000000005
0 0.4898724681170292 0.6715 0.0480120030007502 0.05499999999999994
0 0.4463615903975994 0.6194999999999999 0.03150787696924234 0.049000000000000044
0 0.3784696174043511 0.65425 0.03900975243810956 0.0495000000000001
0 0.41729182295573897 0.6745 0.034883720930232565 0.05600000000000005
0 0.4544261065266316 0.70025 0.03263315828957242 0.0605
0 0.5748312078019505 0.7050000000000001 0.048387096774193505 0.05999999999999994
0 0.5253188297074268 0.7155 0.04163540885221306 0.06000000000000005
0 0.4891222805701425 0.72275 0.04276069017254319 0.057499999999999996
0 0.445423855963991 0.7582500000000001 0.04238559639909978 0.0595
0 0.4052888222055514 0.7357499999999999 0.03338334583645913 0.05349999999999999
0 0.3983495873968492 0.80475 0.03450862715678921 0.056499999999999995
0 0.43079519879969996 0.8200000000000001 0.03338334583645913 0.04999999999999993
0 0.45836459114778694 0.81375 0.03975993998499627 0.05349999999999999
0 0.5155663915978994 0.778 0.03638409602400594 0.06099999999999994
0 0.5609527381845462 0.759 0.043135783945986494 0.06499999999999995
0 0.5808327081770442 0.808 0.04388597149287321 0.05999999999999994
0 0.5491372843210802 0.83625 0.04276069017254314 0.0625
0 0.5022505626406601 0.8452500000000001 0.03825956489122273 0.0635
0 0.45067516879219804 0.878 0.04013503375843963 0.06400000000000006
0 0.5033758439609903 0.8952500000000001 0.03900975243810956 0.057499999999999996
0 0.5315078769692423 0.88975 0.0367591897974493 0.057499999999999996
0 0.5789572393098275 0.8955 0.04538634658664664 0.06500000000000006
0 0.4679294823705926 0.9632499999999999 0.04163540885221301 0.05349999999999999
0 0.5543885971492872 0.94725 0.041260315078769705 0.05449999999999999
0 0.5928357089272318 0.9565 0.04163540885221306 0.05699999999999994
0 0.641972993248312 0.96925 0.04613653413353347 0.04949999999999999
0 0.6882970742685672 0.96825 0.04726181545386343 0.055499999999999994
0 0.7241185296324081 0.9255 0.04913728432108022 0.05499999999999994
0 0.6686046511627907 0.911 0.04388597149287321 0.05999999999999994
0 0.6189047261815455 0.874 0.046511627906976716 0.06000000000000005
0 0.6348462115528882 0.815 0.04163540885221306 0.06399999999999995
0 0.6882970742685672 0.8574999999999999 0.04201050262565642 0.061999999999999944
0 0.7379969992498124 0.862 0.04613653413353336 0.05899999999999994
0 0.7813203300825207 0.81525 0.04801200300075015 0.057499999999999996
0 0.717741935483871 0.8025 0.04913728432108022 0.05600000000000005
0 0.6699174793698424 0.80175 0.04201050262565642 0.057499999999999996
0 0.6125281320330083 0.74875 0.04576144036009 0.0595
0 0.6841710427606902 0.74775 0.04801200300075026 0.058499999999999996
0 0.7344336084021006 0.759 0.045011252813203284 0.06400000000000006
0 0.7845086271567892 0.7565 0.04613653413353347 0.05700000000000005
0 0.754688672168042 0.7065 0.04951237809452369 0.06000000000000005
0 0.8192048012003001 0.708 0.04876219054763686 0.061999999999999944
0 0.6432858214553638 0.698 0.052513128282070554 0.061999999999999944
0 0.6001500375093773 0.63775 0.04576144036009011 0.057499999999999996
0 0.6487246811702926 0.6345000000000001 0.04538634658664664 0.05700000000000005
0 0.6892348087021756 0.6732499999999999 0.050637659414853764 0.07150000000000001
0 0.7216804201050262 0.6425000000000001 0.054013503375843874 0.05900000000000005
0 0.8207051762940736 0.645 0.04576144036009 0.07000000000000006
0 0.6292198049512379 0.5625 0.04388597149287321 0.05800000000000005
0 0.6800450112528131 0.6065 0.04876219054763686 0.061999999999999944
0 0.7203675918979745 0.5740000000000001 0.0528882220555138 0.06700000000000006
0 0.7689422355588897 0.589 0.054013503375843985 0.06399999999999995
0 0.8201425356339085 0.57975 0.04988747186796694 0.0635
0 0.7983870967741935 0.51175 0.04913728432108033 0.06850000000000006
0 0.6802325581395349 0.53775 0.05063765941485365 0.0615
0 0.6348462115528882 0.5125 0.04538634658664664 0.055999999999999994
0 0.6104651162790697 0.42100000000000004 0.04538634658664664 0.065
0 0.6809827456864216 0.41775 0.05063765941485365 0.0615
0 0.7064891222805701 0.46475 0.05138784696174037 0.0655
0 0.7839459864966242 0.43274999999999997 0.05326331582895727 0.07449999999999996
0 0.7340585146286571 0.39975 0.04951237809452358 0.0695
0 0.636721680420105 0.38 0.05063765941485365 0.062
0 0.5881470367591899 0.36450000000000005 0.04576144036009 0.057999999999999996
0 0.6303450862715679 0.31375 0.04538634658664664 0.0625
0 0.677794448612153 0.32499999999999996 0.04576144036009 0.08000000000000002
0 0.7567516879219804 0.356 0.05138784696174048 0.07200000000000001
0 0.8162040510127533 0.369 0.04351087771942985 0.063
0 0.8308327081770442 0.31025 0.05101275318829712 0.05650000000000005
0 0.7800075018754689 0.29475 0.05063765941485365 0.0605
0 0.7076144036009002 0.28125 0.04613653413353336 0.0615
0 0.6297824456114028 0.25675 0.048762190547636974 0.05749999999999997
0 0.6048387096774194 0.18375 0.04163540885221306 0.0595
0 0.6500375093773443 0.2 0.041260315078769705 0.064
0 0.5963990997749438 0.119 0.04576144036009 0.061
0 0.622655663915979 0.081 0.04801200300075015 0.065
0 0.6993623405851463 0.129 0.05513878469617406 0.064
0 0.6862340585146287 0.22325 0.04388597149287321 0.0595
0 0.7171792948237059 0.17875 0.048762190547636974 0.0595
0 0.7331207801950488 0.225 0.04538634658664664 0.059
0 0.7860090022505626 0.2395 0.0476369092273069 0.06200000000000003
0 0.8351462865716429 0.25825 0.04988747186796694 0.06249999999999997
0 0.8147036759189797 0.18875 0.04651162790697683 0.057499999999999996
0 0.7678169542385596 0.18625 0.04726181545386343 0.05249999999999999
0 0.8017629407351838 0.12925 0.0476369092273069 0.0635
0 0.7539384846211552 0.13475 0.04351087771942985 0.05750000000000001
0 0.7274943735933983 0.0805 0.04388597149287321 0.061
0 0.7854463615903976 0.056499999999999995 0.06076519129782443 0.066
0 0.877344336084021 0.29125 0.05101275318829701 0.058499999999999996
0 0.8584021005251312 0.36550000000000005 0.04913728432108033 0.07200000000000001
0 0.8625281320330083 0.44175 0.059639909977494354 0.0685
0 0.9013503375843961 0.50375 0.04276069017254314 0.07050000000000001
0 0.8687171792948237 0.609 0.0547636909227307 0.07400000000000007
0 0.8831582895723931 0.65975 0.06864216054013506 0.056499999999999995
