0 0.029069767441860468 0.57875 0.0536384096024006 0.08250000000000002
0 0.10183795948987245 0.58875 0.05588897224306076 0.08549999999999991
0 0.08608402100525131 0.6585 0.04988747186796699 0.07499999999999996
0 0.13465866466616655 0.64625 0.049512378094523635 0.08450000000000002
0 0.12434358589647412 0.7304999999999999 0.055888972243060775 0.06999999999999995
0 0.21136534133533383 0.76925 0.05813953488372092 0.07450000000000001
0 0.18717179294823705 0.82775 0.060765191297824456 0.07350000000000001
0 0.25525131282820707 0.724 0.05513878469617406 0.07799999999999996
0 0.26912978244561137 0.80825 0.05438859714928729 0.08050000000000002
0 0.3152663165791448 0.77175 0.05813953488372092 0.07650000000000001
0 0.21586646661665415 0.63475 0.05963990997749438 0.08050000000000002
0 0.2651912978244561 0.65525 0.06076519129782443 0.08050000000000002
0 0.28188297074268565 0.57375 0.05813953488372098 0.08450000000000002
0 0.22936984246061515 0.521 0.06339084771192802 0.08700000000000002
0 0.16016504126031508 0.57675 0.062265566391597915 0.08050000000000002
0 0.1791072768192048 0.49875 0.05513878469617406 0.08349999999999996
0 0.19954988747186797 0.4455 0.057764441110277565 0.08499999999999996
0 0.13934733683420855 0.44075 0.055138784696174045 0.07149999999999995
0 0.0842085521380345 0.47975 0.05513878469617405 0.07250000000000001
0 0.05888972243060765 0.39925 0.05701425356339085 0.07950000000000002
0 0.11646661665416352 0.369 0.06339084771192798 0.08199999999999996
0 0.17685671417854465 0.34875 0.041635408852213035 0.08850000000000002
0 0.1693548387096774 0.2635 0.0641410352588147 0.07099999999999998
0 0.20442610652663165 0.1905 0.06976744186046513 0.08400000000000002
0 0.2642535633908477 0.23325 0.05663915978994749 0.08350000000000002
0 0.23612153038259565 0.30275 0.05888972243060764 0.07250000000000001
0 0.2623780945236309 0.373 0.058889722430607666 0.07099999999999995
0 0.3235183795948987 0.34525 0.06489122280570142 0.07850000000000001
0 0.33664666166541635 0.264 0.05888972243060764 0.094
0 0.33345836459114775 0.16999999999999998 0.06526631657914478 0.087
0 0.38372093023255816 0.22625 0.05851462865716428 0.07850000000000001
0 0.41260315078769694 0.149 0.0660165041260315 0.083
0 0.48349587396849214 0.15925 0.0615153788447112 0.08650000000000001
0 0.5356339084771193 0.121 0.07501875468867214 0.09300000000000001
0 0.4351087771942986 0.067 0.06601650412603155 0.081
0 0.36365341335333834 0.04875 0.0641410352588147 0.0905
0 0.4484246061515379 0.2295 0.06339084771192799 0.09300000000000003
0 0.5039384846211553 0.2985 0.06414103525881476 0.08800000000000002
0 0.5408852213053263 0.214 0.06751687921980498 0.08100000000000002
0 0.5725806451612903 0.27775 0.06264066016504122 0.08550000000000002
0 0.6181545386346587 0.20500000000000002 0.06526631657914483 0.101
0 0.6474118529632408 0.3095 0.05851462865716428 0.09499999999999997
0 0.6888597149287321 0.23075 0.059639909977494354 0.09550000000000003
0 0.7576894223555889 0.24175 0.06676669167291815 0.09249999999999997
0 0.8090772693173294 0.30425 0.07576894223555886 0.09249999999999997
0 0.8797824456114028 0.35325 0.07389347336834207 0.08650000000000002
0 0.7246811702925731 0.34775 0.06601650412603155 0.09750000000000003
0 0.6792948237059264 0.396 0.0637659414853714 0.08300000000000002
0 0.7209302325581395 0.4395 0.06751687921980498 0.07599999999999996
0 0.5744561140285072 0.38925 0.07164291072768192 0.09649999999999997
0 0.4988747186796699 0.372 0.061515378844711144 0.07799999999999996
0 0.4442985746436609 0.35375 0.05888972243060764 0.08050000000000002
0 0.39216054013503376 0.3105 0.05063765941485371 0.08599999999999997
0 0.37040510127531884 0.40025 0.059639909977494354 0.07950000000000002
0 0.3184546136534133 0.43674999999999997 0.058514628657164336 0.07349999999999995
0 0.27063015753938485 0.45575 0.05513878469617406 0.07750000000000001
0 0.31882970742685673 0.524 0.057764441110277565 0.06600000000000006
0 0.3602775693923481 0.57525 0.055138784696174004 0.07950000000000002
0 0.38690922730682675 0.50025 0.05063765941485371 0.08649999999999997
0 0.4337959489872468 0.42075 0.06339084771192799 0.07050000000000001
0 0.5024381095273818 0.44575 0.059639909977494354 0.07350000000000001
0 0.5590772693173294 0.47224999999999995 0.05738934733683421 0.07849999999999996
0 0.6295948987246811 0.4545 0.05888972243060764 0.08000000000000002
0 0.6740435108777194 0.4975 0.05701425356339085 0.08799999999999997
0 0.7201800450112528 0.53775 0.06076519129782454 0.08449999999999996
0 0.7846961740435109 0.48550000000000004 0.06526631657914472 0.08100000000000002
0 0.84039759939985 0.49075 0.05888972243060764 0.07949999999999996
0 0.8263315828957238 0.41825 0.06901725431357841 0.08450000000000002
0 0.904913728432108 0.4455 0.06339084771192804 0.07800000000000001
0 0.904913728432108 0.5309999999999999 0.06339084771192804 0.08799999999999997
0 0.9311702925731433 0.612 0.05438859714928734 0.09299999999999997
0 0.8525881470367592 0.57325 0.05626406601650413 0.08350000000000002
0 0.7920105026256564 0.5762499999999999 0.06864216054013506 0.07750000000000001
0 0.8177044261065266 0.64875 0.06226556639159786 0.07250000000000001
0 0.6712303075768942 0.59925 0.05888972243060764 0.07250000000000001
0 0.7186796699174793 0.63775 0.06526631657914483 0.08950000000000002
0 0.735933983495874 0.7144999999999999 0.054013503375843874 0.07599999999999996
0 0.4684921230307577 0.5275 0.060765191297824483 0.08299999999999996
0 0.5495123780945237 0.54925 0.05251312828207044 0.07550000000000001
0 0.5960240060015004 0.6034999999999999 0.05176294073518384 0.08799999999999997
0 0.522880720180045 0.61975 0.057014253563390904 0.07750000000000001
0 0.44542385596399103 0.60675 0.05063765941485371 0.08450000000000002
0 0.4019129782445611 0.6372500000000001 0.059639909977494354 0.08550000000000002
0 0.3514628657164291 0.6679999999999999 0.057764441110277565 0.07999999999999996
0 0.3687171792948237 0.751 0.0615153788447112 0.08200000000000007
0 0.38484621155288823 0.80525 0.052513128282070554 0.07250000000000001
0 0.4257314328582146 0.69 0.05626406601650413 0.08799999999999997
0 0.4748687171792948 0.6932499999999999 0.06076519129782443 0.07950000000000002
0 0.481245311327832 0.75525 0.0660165041260315 0.07850000000000001
0 0.5301950487621905 0.73675 0.06264066016504122 0.07450000000000001
0 0.5834583645911477 0.6837500000000001 0.06039009752438107 0.0675
0 0.6481620405101276 0.6925 0.04876219054763686 0.09299999999999997
0 0.6789197299324832 0.747 0.057764441110277565 0.07099999999999995
0 0.6241560390097525 0.7682500000000001 0.06076519129782443 0.07950000000000002
0 0.554013503375844 0.79925 0.052513128282070554 0.0675
0 0.5707051762940736 0.87175 0.06414103525881465 0.07750000000000001
0 0.6160915228807202 0.8452500000000001 0.06414103525881465 0.08950000000000002
0 0.6701050262565642 0.821 0.05888972243060764 0.08199999999999996
0 0.7258064516129032 0.78175 0.061515378844711144 0.0635
0 0.7925731432858214 0.798 0.06226556639159797 0.07500000000000007
0 0.8000750187546887 0.7335 0.061515378844711144 0.08300000000000007
0 0.8750937734433608 0.767 0.06901725431357841 0.07699999999999996
0 0.5193173293323331 0.8987499999999999 0.04988747186796699 0.0784999999999999
0 0.4696174043510878 0.8505 0.06751687921980493 0.08299999999999996
0 0.4358589647411853 0.87775 0.06226556639159786 0.0675
0 0.6153413353338335 0.5305 0.06414103525881465 0.068
