0 0.046511627906976744 0.47275 0.04876219054763691 0.06749999999999995
0 0.09864966241560391 0.507 0.04801200300075019 0.061
0 0.10202550637659415 0.43625 0.04576144036009003 0.0605
0 0.11346586646661666 0.37525 0.04988747186796699 0.07049999999999995
0 0.17385596399099773 0.38449999999999995 0.0536384096024006 0.07300000000000001
0 0.2029257314328582 0.34450000000000003 0.052513128282070526 0.08000000000000002
0 0.22936984246061515 0.31625000000000003 0.06039009752438107 0.07949999999999996
0 0.2852588147036759 0.30774999999999997 0.05363840960240063 0.08049999999999996
0 0.35783945986496624 0.21725 0.057764441110277565 0.08550000000000002
0 0.3840960240060015 0.3055 0.06076519129782443 0.07600000000000001
0 0.36252813203300827 0.33899999999999997 0.05663915978994749 0.08000000000000002
0 0.3075768942235559 0.36075 0.0547636909227307 0.0595
0 0.3437734433608402 0.40349999999999997 0.04163540885221306 0.065
0 0.3801575393848462 0.41200000000000003 0.05063765941485371 0.064
0 0.24981245311327832 0.383 0.054013503375843985 0.07100000000000001
0 0.2983870967741935 0.43300000000000005 0.04988747186796699 0.062
0 0.3614028507126782 0.4725 0.04688672168042013 0.05999999999999994
0 0.23443360840210054 0.42275 0.05326331582895727 0.0635
0 0.2642535633908477 0.48225 0.04838709677419353 0.0655
0 0.30701425356339085 0.51725 0.05363840960240063 0.06550000000000006
0 0.17460615153788445 0.43425 0.0536384096024006 0.05550000000000005
0 0.13465866466616655 0.48950000000000005 0.05101275318829708 0.063
0 0.1896099024756189 0.489 0.05213803450862714 0.06099999999999994
0 0.17273068267066766 0.538 0.04388597149287324 0.05900000000000005
0 0.2108027006751688 0.5585 0.05026256564141035 0.06299999999999994
0 0.13372093023255813 0.5462499999999999 0.06264066016504126 0.055499999999999994
0 0.1581020255063766 0.621 0.04838709677419356 0.052999999999999936
0 0.15435108777194298 0.671 0.04838709677419356 0.05399999999999994
0 0.23912228057014256 0.58725 0.04388597149287324 0.05049999999999999
0 0.2846961740435109 0.60725 0.046511627906976716 0.05449999999999999
0 0.2717554388597149 0.556 0.04838709677419353 0.05999999999999994
0 0.3177044261065266 0.5800000000000001 0.049512378094523635 0.061000000000000054
0 0.32970742685671417 0.638 0.04726181545386343 0.05800000000000005
0 0.34921230307576895 0.66125 0.046511627906976716 0.04849999999999999
0 0.39422355588897223 0.637 0.046511627906976716 0.052000000000000046
0 0.3724681170292573 0.5935 0.054013503375843985 0.062000000000000055
0 0.36159039759939987 0.538 0.04201050262565642 0.05399999999999994
0 0.4007876969242311 0.5205 0.04988747186796699 0.05700000000000005
0 0.4240435108777194 0.554 0.04388597149287321 0.05599999999999994
0 0.4330457614403601 0.62725 0.04163540885221306 0.05449999999999999
0 0.4512378094523631 0.21475 0.05701425356339085 0.08550000000000002
0 0.5009377344336083 0.23975000000000002 0.055888972243060775 0.06950000000000003
0 0.5373218304576144 0.1815 0.06039009752438118 0.08199999999999999
0 0.5598274568642161 0.24125000000000002 0.06489122280570137 0.07450000000000004
0 0.6114028507126782 0.19974999999999998 0.05701425356339085 0.08249999999999999
0 0.44879969992498125 0.30300000000000005 0.055888972243060775 0.065
0 0.48518379594898725 0.38149999999999995 0.052138034508627196 0.07400000000000001
0 0.4189797449362341 0.38 0.059264816204050996 0.07899999999999996
0 0.45461365341335336 0.42775 0.05176294073518378 0.0695
0 0.505251312828207 0.45775 0.051012753188297066 0.07150000000000001
0 0.5256939234808702 0.317 0.05438859714928734 0.07699999999999996
0 0.5425731432858214 0.37725 0.05288822205551391 0.0655
0 0.5920855213803451 0.3325 0.06414103525881476 0.08300000000000002
0 0.6444111027756939 0.28175 0.06001500375093771 0.08350000000000002
0 0.6363465866466617 0.34750000000000003 0.0528882220555138 0.068
0 0.6451612903225806 0.401 0.04951237809452369 0.059
0 0.5935858964741185 0.42000000000000004 0.0528882220555138 0.067
0 0.5538259564891224 0.4615 0.05288822205551391 0.064
0 0.6009002250562641 0.485 0.05101275318829712 0.06699999999999995
0 0.5573893473368342 0.502 0.05101275318829712 0.05499999999999999
0 0.5067516879219804 0.512 0.049512378094523635 0.063
0 0.4144786196549137 0.4715 0.04951237809452358 0.061999999999999944
0 0.45405101275318827 0.508 0.047636909227306845 0.059
0 0.46605401350337583 0.565 0.047636909227306845 0.05599999999999994
0 0.4703675918979745 0.622 0.04576144036009 0.05800000000000005
0 0.4684921230307577 0.6692499999999999 0.04501125281320334 0.04349999999999998
0 0.5213803450862715 0.65675 0.04876219054763686 0.04349999999999998
0 0.5221305326331582 0.5680000000000001 0.04951237809452358 0.05300000000000005
0 0.5414478619654913 0.606 0.044636159039759926 0.052999999999999936
0 0.5731432858214554 0.6325000000000001 0.04576144036009 0.04999999999999993
0 0.5716429107276819 0.565 0.04726181545386354 0.05900000000000005
0 0.6001500375093773 0.6074999999999999 0.05101275318829712 0.051000000000000045
0 0.623780945236309 0.649 0.05176294073518373 0.052999999999999936
0 0.6723555888972244 0.67275 0.04988747186796705 0.046499999999999986
0 0.6605401350337585 0.61275 0.04876219054763686 0.05049999999999999
0 0.6175918979744937 0.5622499999999999 0.04988747186796705 0.0615
0 0.6676669167291822 0.569 0.04951237809452358 0.05900000000000005
0 0.6551012753188297 0.5035000000000001 0.05363840960240063 0.05700000000000005
0 0.7046136534133534 0.5117499999999999 0.04763690922730679 0.0635
0 0.713053263315829 0.55975 0.04951237809452369 0.056499999999999995
0 0.7139909977494374 0.61925 0.04613653413353347 0.056499999999999995
0 0.722993248312078 0.6935 0.04913728432108022 0.05600000000000005
0 0.7715678919729932 0.69175 0.048762190547636974 0.05449999999999999
0 0.7612528132033008 0.62475 0.04388597149287321 0.05249999999999999
0 0.7650037509377344 0.57925 0.05138784696174037 0.0645
0 0.7541260315078769 0.5095 0.048387096774193505 0.06
0 0.7687546886721681 0.46499999999999997 0.05438859714928734 0.07200000000000001
0 0.7029257314328582 0.44099999999999995 0.054013503375843985 0.064
0 0.6918604651162791 0.383 0.05438859714928723 0.067
0 0.6888597149287321 0.32799999999999996 0.05738934733683421 0.066
0 0.7415603900975243 0.26125 0.06901725431357841 0.0935
0 0.7421230307576894 0.314 0.05738934733683421 0.07099999999999995
0 0.7479369842460615 0.37825 0.0682670667666917 0.07449999999999996
0 0.8008252063015754 0.27625 0.06376594148537129 0.08350000000000002
0 0.804013503375844 0.35150000000000003 0.05888972243060764 0.08100000000000002
0 0.8162040510127532 0.41700000000000004 0.05176294073518384 0.07600000000000001
0 0.8171417854463616 0.47875 0.05663915978994749 0.058499999999999996
0 0.8704051012753189 0.45075 0.06489122280570137 0.0695
0 0.8885971492873219 0.357 0.07126781695423856 0.08300000000000002
0 0.923668417104276 0.4205 0.06489122280570148 0.07900000000000001
0 0.9572393098274569 0.4695 0.06226556639159786 0.07399999999999995
0 0.9386721680420105 0.5197499999999999 0.05363840960240063 0.055499999999999994
0 0.8681545386346587 0.5295000000000001 0.06039009752438107 0.061000000000000054
0 0.8218304576144035 0.57175 0.05176294073518373 0.0615
0 0.8120780195048762 0.6255 0.054013503375843985 0.05300000000000005
0 0.8250187546886723 0.6739999999999999 0.05138784696174048 0.051999999999999935
0 0.872093023255814 0.63925 0.057764441110277565 0.04849999999999999
0 0.8816579144786196 0.585 0.05513878469617406 0.05999999999999994
0 0.2931357839459865 0.6445000000000001 0.03488372093023251 0.03700000000000003
