0 0.1427231807951988 0.2495 0.03788447111777944 0.05700000000000002
0 0.09527381845461366 0.32075 0.03675918979744937 0.04949999999999999
0 0.15660165041260315 0.313 0.04088522130532635 0.04700000000000004
0 0.17160540135033758 0.35625 0.03263315828957242 0.04349999999999998
0 0.140847711927982 0.38775 0.03713428357089274 0.04949999999999999
0 0.09227306826706677 0.43425 0.04201050262565641 0.04750000000000004
0 0.09321080270067517 0.491 0.03863465866466617 0.04899999999999993
0 0.17929482370592648 0.39375 0.03750937734433607 0.05249999999999999
0 0.190735183795949 0.436 0.03863465866466617 0.04200000000000004
0 0.16035258814703676 0.46950000000000003 0.03413353338334585 0.04899999999999999
0 0.15453863465866466 0.52625 0.036759189797449354 0.0495000000000001
0 0.12903225806451613 0.57025 0.036759189797449354 0.05449999999999999
0 0.17479369842460615 0.56425 0.04051012753188299 0.05049999999999999
0 0.18998499624906226 0.5255000000000001 0.034883720930232565 0.05300000000000005
0 0.20855213803450862 0.56175 0.03375843960990246 0.04849999999999999
0 0.23387096774193547 0.59575 0.03788447111777943 0.044499999999999984
0 0.17104276069017255 0.6447499999999999 0.038259564891222786 0.04349999999999998
0 0.23030757689422354 0.641 0.038259564891222814 0.04600000000000004
0 0.25056264066016504 0.6699999999999999 0.038259564891222814 0.041999999999999926
0 0.27025506376594144 0.63025 0.036384096024005996 0.04249999999999998
0 0.20480120030007504 0.48750000000000004 0.038259564891222814 0.046999999999999986
0 0.2338709677419355 0.51425 0.031132783195798958 0.04249999999999998
0 0.25712678169542386 0.54575 0.030382595648912214 0.04749999999999999
0 0.2854463615903976 0.5815 0.03525881470367592 0.04299999999999993
0 0.31789197299324834 0.60975 0.03338334583645913 0.04249999999999998
0 0.3267066766691673 0.56925 0.03450862715678921 0.044499999999999984
0 0.29276069017254314 0.5422499999999999 0.03338334583645908 0.04749999999999999
0 0.27681920480120026 0.49949999999999994 0.03600900225056264 0.04999999999999999
0 0.24568642160540136 0.46725 0.03225806451612906 0.046499999999999986
0 0.23218304576144033 0.4185 0.04276069017254311 0.046999999999999986
0 0.232370592648162 0.378 0.04088522130532632 0.04700000000000004
0 0.21886721680420107 0.33575 0.04088522130532632 0.04749999999999999
0 0.20836459114778694 0.2895 0.036384096024005996 0.046999999999999986
0 0.23162040510127532 0.26175 0.028132033008252066 0.04349999999999998
0 0.2423105776444111 0.30225 0.03375843960990246 0.04249999999999998
0 0.25937734433608406 0.34025 0.03338334583645913 0.04749999999999999
0 0.2771942985746436 0.377 0.03450862715678921 0.04600000000000004
0 0.2921980495123781 0.41075 0.03300825206301572 0.04049999999999998
0 0.28507126781695424 0.44999999999999996 0.037509377344336126 0.043999999999999984
0 0.32914478619654913 0.45275 0.04013503375843963 0.04949999999999999
0 0.32689422355588893 0.49875 0.03413353338334585 0.04250000000000004
0 0.368529632408102 0.50475 0.03788447111777943 0.04650000000000004
0 0.344523630907727 0.4145 0.03263315828957242 0.045999999999999985
0 0.32820705176294074 0.38025 0.03300825206301572 0.050500000000000045
0 0.2976369092273068 0.33599999999999997 0.03263315828957242 0.04299999999999998
0 0.26050262565641413 0.2555 0.03563390847711928 0.047000000000000014
0 0.25993998499624904 0.2005 0.03900975243810953 0.05500000000000002
0 0.2970742685671418 0.23525000000000001 0.03525881470367592 0.04550000000000001
0 0.30570142535633904 0.19874999999999998 0.03450862715678921 0.04550000000000001
0 0.32445611402850716 0.25725000000000003 0.03750937734433607 0.046500000000000014
0 0.3150787696924231 0.29400000000000004 0.041260315078769705 0.04099999999999998
0 0.3304576144036009 0.32975 0.03525881470367592 0.04849999999999999
0 0.36815453863465863 0.359 0.036384096024005996 0.04899999999999999
0 0.2704426106526632 0.7070000000000001 0.032258064516129004 0.039000000000000035
0 0.2891972993248312 0.732 0.045761440360090055 0.04600000000000004
0 0.30945236309077273 0.671 0.03375843960990249 0.049000000000000044
0 0.33214553638409605 0.70675 0.034883720930232565 0.04749999999999999
0 0.3548387096774194 0.6695 0.036759189797449354 0.04899999999999993
0 0.36234058514628653 0.7144999999999999 0.03450862715678921 0.04700000000000004
0 0.35071267816954244 0.74975 0.03525881470367592 0.04049999999999998
0 0.34508627156789196 0.7887500000000001 0.03525881470367592 0.04349999999999998
0 0.3439609902475619 0.8287500000000001 0.03600900225056264 0.04349999999999998
0 0.41335333833458365 0.946 0.033758439609902435 0.03700000000000003
0 0.4516129032258065 0.96625 0.03375843960990249 0.044500000000000095
0 0.41260315078769694 0.90375 0.03150787696924229 0.044500000000000095
0 0.45330082520630155 0.9117500000000001 0.0318829707426857 0.045499999999999985
0 0.48199549887471865 0.9099999999999999 0.028507126781695424 0.03700000000000003
0 0.39984996249062266 0.85825 0.030007501875468856 0.04149999999999998
0 0.3927231807951988 0.8235 0.03450862715678915 0.03600000000000003
0 0.4212303075768942 0.8420000000000001 0.028507126781695424 0.04300000000000004
0 0.4351087771942986 0.868 0.030007501875468856 0.038999999999999924
0 0.45517629407351834 0.8267500000000001 0.03338334583645913 0.03749999999999998
0 0.4690547636909227 0.861 0.031132783195798985 0.040999999999999925
0 0.4769317329332333 0.87175 0.030382595648912214 0.03849999999999998
0 0.39009752438109524 0.77925 0.036759189797449354 0.0475000000000001
0 0.4039759939984996 0.73975 0.03450862715678921 0.046499999999999986
0 0.42854463615903976 0.786 0.030382595648912214 0.041000000000000036
0 0.4444861215303826 0.75575 0.03375843960990249 0.04049999999999998
0 0.459489872468117 0.78975 0.03150787696924234 0.04050000000000009
0 0.4949362340585146 0.8202499999999999 0.03413353338334585 0.04149999999999998
0 0.5018754688672168 0.8385 0.030007501875468856 0.039000000000000035
0 0.4973743435858965 0.7705 0.033008252063015775 0.04300000000000004
0 0.3927231807951988 0.6875 0.03150787696924229 0.04899999999999993
0 0.42704426106526633 0.7090000000000001 0.030382595648912214 0.04799999999999993
0 0.4579894973743436 0.71125 0.03300825206301572 0.05049999999999999
0 0.40772693173293323 0.633 0.03450862715678915 0.03699999999999992
0 0.44804951237809454 0.64725 0.0318829707426857 0.04849999999999999
0 0.4769317329332333 0.6755 0.02738184546136535 0.050999999999999934
0 0.4966241560390098 0.6937500000000001 0.03000750187546891 0.04349999999999998
0 0.5108777194298575 0.7215 0.03450862715678921 0.04300000000000004
0 0.3878469617404351 0.56875 0.03600900225056264 0.04849999999999999
0 0.4028507126781695 0.5952500000000001 0.036759189797449354 0.04349999999999998
0 0.450112528132033 0.5945 0.037509377344336126 0.04500000000000004
0 0.481245311327832 0.6007499999999999 0.03375843960990249 0.04949999999999999
0 0.49456114028507125 0.6445000000000001 0.038634658664666144 0.04799999999999993
0 0.413728432108027 0.53775 0.036759189797449354 0.04949999999999999
0 0.4534883720930233 0.54775 0.03375843960990249 0.05149999999999999
0 0.4848087021755439 0.5569999999999999 0.028882220555138782 0.05300000000000005
0 0.40491372843210804 0.46799999999999997 0.03413353338334585 0.04199999999999998
0 0.43398349587396845 0.503 0.03450862715678921 0.04299999999999998
0 0.4634283570892723 0.48975 0.03413353338334585 0.051499999999999935
0 0.418979744936234 0.42375 0.03750937734433607 0.04249999999999998
0 0.44373593398349587 0.45275 0.033758439609902435 0.04849999999999999
0 0.40247561890472616 0.37725 0.03525881470367592 0.04450000000000004
0 0.4367966991747937 0.39125 0.031882970742685646 0.04949999999999999
0 0.46680420105026255 0.40525 0.03338334583645913 0.046499999999999986
0 0.4831207801950488 0.444 0.03150787696924234 0.040000000000000036
0 0.49849962490622657 0.40925 0.030007501875468856 0.046499999999999986
0 0.4735558889722431 0.36350000000000005 0.036384096024005996 0.03999999999999998
0 0.4066016504126031 0.33899999999999997 0.03525881470367592 0.03999999999999998
0 0.35990247561890476 0.25625000000000003 0.03338334583645913 0.048500000000000015
0 0.37865716429107277 0.2955 0.037884471117779484 0.04799999999999999
0 0.3992873218304576 0.26275 0.039384846211552915 0.045499999999999985
0 0.42085521380345087 0.29800000000000004 0.033758439609902435 0.045999999999999985
0 0.4427981995498875 0.33125 0.031882970742685646 0.04249999999999998
0 0.4761815453863466 0.3205 0.038634658664666144 0.04400000000000004
0 0.45123780945236314 0.28600000000000003 0.03525881470367592 0.04899999999999999
0 0.4214178544636159 0.22799999999999998 0.03488372093023251 0.04500000000000001
0 0.45255063765941483 0.22975 0.031132783195798985 0.04150000000000001
0 0.4720555138784696 0.259 0.030382595648912214 0.040000000000000036
0 0.5007501875468867 0.28475 0.03450862715678915 0.044499999999999984
0 0.42348087021755443 0.17225000000000001 0.0390097524381095 0.048500000000000015
0 0.4621155288822205 0.176 0.036759189797449354 0.049000000000000016
0 0.504126031507877 0.222 0.04351087771942985 0.046999999999999986
0 0.5264441110277569 0.25475000000000003 0.03488372093023251 0.04450000000000001
0 0.5018754688672168 0.14925 0.033758439609902435 0.04949999999999999
0 0.536946736684171 0.14100000000000001 0.03338334583645919 0.04500000000000001
0 0.5742685671417854 0.1215 0.030757689422355572 0.05099999999999999
0 0.5386346586646662 0.21425 0.03300825206301572 0.045499999999999985
0 0.5753938484621155 0.18175 0.03450862715678915 0.045499999999999985
0 0.6108402100525131 0.16825 0.03638409602400605 0.046500000000000014
0 0.6342835708927232 0.14175 0.03525881470367598 0.04550000000000001
0 0.6762940735183796 0.14400000000000002 0.033758439609902546 0.04600000000000001
0 0.5688297074268567 0.22725 0.028132033008252066 0.04250000000000001
0 0.5993998499624906 0.21225 0.03150787696924229 0.04849999999999999
0 0.6241560390097525 0.20600000000000002 0.02775693923480871 0.04400000000000001
0 0.6547261815453864 0.19275 0.031882970742685646 0.04249999999999998
0 0.5346961740435109 0.29600000000000004 0.03263315828957247 0.044999999999999984
0 0.56807951987997 0.26749999999999996 0.03113278319579893 0.043999999999999984
0 0.5622655663915979 0.30625 0.02925731432858214 0.04550000000000004
0 0.5973368342085521 0.27225 0.030382595648912214 0.03949999999999998
0 0.622093023255814 0.24575000000000002 0.03188297074268576 0.038500000000000006
0 0.6504126031507877 0.2415 0.028507126781695424 0.038000000000000006
0 0.6783570892723181 0.22825 0.03113278319579904 0.05049999999999999
0 0.6911102775693923 0.20325 0.03113278319579893 0.036500000000000005
0 0.718304576144036 0.22675 0.030007501875468856 0.04849999999999999
0 0.7374343585896475 0.25775000000000003 0.028507126781695424 0.04250000000000004
0 0.7700675168792198 0.24675000000000002 0.03150787696924229 0.046500000000000014
0 0.6316579144786196 0.2825 0.033758439609902435 0.03899999999999998
0 0.6616654163540885 0.27625 0.028507126781695424 0.03949999999999998
0 0.6948612153038259 0.261 0.03263315828957247 0.04299999999999998
0 0.594523630907727 0.31225 0.02925731432858214 0.04450000000000004
0 0.6247186796699176 0.32399999999999995 0.031882970742685646 0.03999999999999998
0 0.6547261815453864 0.3165 0.030382595648912214 0.041000000000000036
0 0.6864216054013503 0.306 0.030007501875468856 0.04500000000000004
0 0.7126781695423856 0.29700000000000004 0.028507126781695424 0.044999999999999984
0 0.7597524381095273 0.31025 0.03638409602400594 0.039500000000000035
0 0.5273818454613654 0.33275 0.03450862715678915 0.044499999999999984
0 0.5150037509377344 0.375 0.033758439609902435 0.039000000000000035
0 0.5525131282820706 0.36224999999999996 0.03525881470367598 0.03450000000000003
0 0.5819579894973743 0.358 0.029632408102025498 0.03999999999999998
0 0.6076519129782446 0.3795 0.028507126781695424 0.04800000000000004
0 0.641972993248312 0.38825 0.03338334583645908 0.044499999999999984
0 0.6573518379594898 0.355 0.028882220555138782 0.04099999999999998
0 0.680232558139535 0.34175 0.028132033008252066 0.04049999999999998
0 0.7109902475618906 0.35425 0.03263315828957236 0.04149999999999998
0 0.7424981245311328 0.3405 0.03488372093023251 0.04299999999999998
0 0.7824456114028507 0.33775 0.030757689422355572 0.04349999999999998
0 0.7550637659414854 0.36975 0.03300825206301572 0.039500000000000035
0 0.8212678169542386 0.33825 0.03638409602400605 0.034499999999999975
0 0.8096399099774945 0.35725 0.03113278319579893 0.03949999999999998
0 0.8306451612903225 0.37675000000000003 0.03113278319579893 0.04350000000000004
0 0.781132783195799 0.39775 0.03263315828957236 0.04349999999999998
0 0.7246811702925732 0.3845 0.026256564141035277 0.03300000000000003
0 0.6971117779444862 0.38125 0.03113278319579893 0.049500000000000044
0 0.6702925731432858 0.39525 0.02775693923480871 0.03849999999999998
0 0.5466991747936985 0.398 0.031882970742685646 0.03799999999999998
0 0.5791447861965492 0.40549999999999997 0.02775693923480871 0.04099999999999998
0 0.6265941485371342 0.4165 0.03263315828957236 0.04199999999999998
0 0.6727306826706676 0.4345 0.03338334583645908 0.039000000000000035
0 0.7046136534133534 0.434 0.029632408102025498 0.04700000000000004
0 0.75 0.41525 0.030382595648912325 0.03749999999999998
0 0.8150787696924231 0.41925 0.03300825206301572 0.03949999999999998
0 0.7963240810202551 0.45625 0.028507126781695424 0.03849999999999998
0 0.7651912978244562 0.45625 0.030007501875468856 0.03749999999999998
0 0.735933983495874 0.45025 0.028507126781695424 0.04249999999999998
0 0.7171792948237059 0.47175 0.030757689422355572 0.045499999999999985
0 0.6841710427606902 0.47250000000000003 0.03300825206301572 0.04099999999999998
0 0.7531882970742686 0.488 0.033758439609902435 0.045999999999999985
0 0.7856339084771193 0.514 0.028882220555138782 0.052000000000000046
0 0.7944486121530383 0.489 0.030007501875468856 0.03699999999999998
0 0.5256939234808702 0.43074999999999997 0.030382595648912214 0.040500000000000036
0 0.5551387846961741 0.439 0.030007501875468856 0.041000000000000036
0 0.5857089272318079 0.45399999999999996 0.030382595648912214 0.044999999999999984
0 0.6106526631657915 0.46275 0.02775693923480871 0.04149999999999998
0 0.6369092273068268 0.47550000000000003 0.028507126781695424 0.044999999999999984
0 0.6695423855963991 0.4975 0.026256564141035277 0.04500000000000004
0 0.6952363090772693 0.5237499999999999 0.028132033008252066 0.03949999999999998
0 0.7280570142535634 0.517 0.026256564141035277 0.04200000000000004
0 0.7629407351837959 0.53075 0.02925731432858214 0.03949999999999998
0 0.5033758439609902 0.476 0.03525881470367587 0.044999999999999984
0 0.5106901725431358 0.515 0.03413353338334585 0.04099999999999998
0 0.5412603150787697 0.46950000000000003 0.030007501875468856 0.04099999999999998
0 0.5429482370592649 0.5115 0.030382595648912214 0.03999999999999998
0 0.5294448612153038 0.55325 0.030382595648912214 0.04049999999999998
0 0.5348837209302326 0.59475 0.0315078769692424 0.04249999999999998
0 0.5294448612153038 0.63425 0.03338334583645908 0.04749999999999999
0 0.5191297824456114 0.67325 0.03300825206301572 0.044499999999999984
0 0.5378844711177795 0.68475 0.02925731432858214 0.04049999999999998
0 0.5506376594148537 0.6465000000000001 0.02700675168792188 0.04300000000000004
0 0.5663915978994749 0.6285000000000001 0.028507126781695424 0.039999999999999925
0 0.5843960990247562 0.64775 0.03150787696924229 0.04149999999999998
0 0.5877719429857464 0.6839999999999999 0.030757689422355572 0.03700000000000003
0 0.5735183795948987 0.70525 0.03300825206301572 0.04049999999999998
0 0.593960990247562 0.7284999999999999 0.02738184546136535 0.04599999999999993
0 0.5617029257314328 0.7444999999999999 0.031882970742685646 0.04399999999999993
0 0.5527006751687922 0.781 0.030382595648912214 0.040000000000000036
0 0.5386346586646662 0.81725 0.032258064516129004 0.04249999999999998
0 0.5315078769692423 0.86975 0.03150787696924229 0.044499999999999984
0 0.5448237059264815 0.9117500000000001 0.031882970742685646 0.03850000000000009
0 0.5692048012003001 0.9065000000000001 0.028882220555138782 0.04300000000000004
0 0.5643285821455364 0.86325 0.03263315828957247 0.046499999999999986
0 0.5808327081770442 0.82375 0.03488372093023262 0.03849999999999998
0 0.5948987246811703 0.841 0.028507126781695424 0.03500000000000003
0 0.5975243810952738 0.89175 0.030007501875468856 0.04249999999999998
0 0.6237809452363091 0.88575 0.02775693923480871 0.044499999999999984
0 0.6440360090022506 0.859 0.028507126781695424 0.04499999999999993
0 0.5812078019504876 0.78625 0.02738184546136535 0.04150000000000009
0 0.6074643660915229 0.8085 0.02963240810202561 0.038999999999999924
0 0.6301575393848462 0.817 0.028507126781695424 0.041000000000000036
0 0.6130907726931734 0.7717499999999999 0.029632408102025498 0.04050000000000009
0 0.6348462115528882 0.7355 0.03113278319579904 0.039999999999999925
0 0.6522880720180045 0.763 0.03300825206301572 0.038000000000000034
0 0.6682295573893473 0.81 0.03413353338334579 0.039999999999999925
0 0.6783570892723181 0.8305 0.03713428357089277 0.038999999999999924
0 0.6168417104276069 0.66525 0.029632408102025498 0.04049999999999998
0 0.6397224306076519 0.6970000000000001 0.03113278319579893 0.039000000000000035
0 0.6627906976744186 0.72525 0.030007501875468856 0.04349999999999998
0 0.6836084021005251 0.7515000000000001 0.028132033008252066 0.03700000000000003
0 0.6926106526631658 0.7785 0.03113278319579904 0.040000000000000036
0 0.6170292573143286 0.624 0.03450862715678915 0.040000000000000036
0 0.581020255063766 0.58475 0.03150787696924229 0.04150000000000009
0 0.5705176294073518 0.5569999999999999 0.03600900225056258 0.03700000000000003
0 0.5690172543135784 0.48125 0.028507126781695424 0.03749999999999998
0 0.5791447861965491 0.52 0.033758439609902546 0.040000000000000036
0 0.6012753188297074 0.55075 0.027006751687921993 0.03649999999999998
0 0.608027006751688 0.50675 0.0315078769692424 0.04250000000000004
0 0.6166541635408852 0.5825 0.030007501875468856 0.040000000000000036
0 0.6382220555138785 0.514 0.03113278319579893 0.03899999999999998
0 0.6372843210802701 0.554 0.02925731432858214 0.041000000000000036
0 0.6597899474868717 0.5465 0.02550637659414856 0.040000000000000036
0 0.6564141035258815 0.5915 0.03300825206301572 0.04200000000000004
0 0.6614778694673669 0.6335 0.03488372093023262 0.039999999999999925
0 0.6468492123030758 0.6655 0.030382595648912214 0.04200000000000004
0 0.6753563390847712 0.688 0.028132033008252066 0.04599999999999993
0 0.7314328582145536 0.737 0.030007501875468856 0.04200000000000004
0 0.7093023255813953 0.70425 0.03300825206301583 0.03849999999999998
0 0.7378094523630907 0.6872499999999999 0.033758439609902546 0.03949999999999998
0 0.7066766691672919 0.66825 0.024756189047261734 0.03949999999999998
0 0.7008627156789198 0.638 0.035633908477119225 0.038999999999999924
0 0.6832333083270818 0.60575 0.024381095273818487 0.04249999999999998
0 0.7250562640660165 0.6327499999999999 0.030007501875468856 0.03749999999999998
0 0.7466241560390097 0.6467499999999999 0.029632408102025498 0.04050000000000009
0 0.6862340585146287 0.5625 0.03113278319579893 0.04699999999999993
0 0.7111777944486122 0.5489999999999999 0.030757689422355572 0.039999999999999925
0 0.7222430607651913 0.5945 0.03188297074268576 0.04300000000000004
0 0.75 0.605 0.024381095273818376 0.04499999999999993
0 0.7389347336834209 0.55975 0.02550637659414856 0.044499999999999984
0 0.7571267816954239 0.5680000000000001 0.021380345086271624 0.039000000000000035
