0 0.17610652663165793 0.63575 0.03863465866466617 0.044499999999999984
0 0.18192048012003 0.683 0.045011252813203284 0.04599999999999993
0 0.2078019504876219 0.7112499999999999 0.03450862715678921 0.04349999999999998
0 0.24212303075768943 0.728 0.04088522130532635 0.052000000000000046
0 0.27494373593398347 0.743 0.03225806451612906 0.04400000000000004
0 0.2145536384096024 0.66625 0.03375843960990249 0.046499999999999986
0 0.2621905476369092 0.69125 0.03975993998499622 0.044499999999999984
0 0.2867591897974494 0.7124999999999999 0.03413353338334585 0.03700000000000003
0 0.3229557389347337 0.7315 0.03525881470367592 0.04300000000000004
0 0.34377344336084026 0.77475 0.03563390847711928 0.04749999999999999
0 0.16541635408852212 0.59575 0.039759939984996245 0.03550000000000009
0 0.20630157539384847 0.57175 0.027006751687921993 0.04049999999999998
0 0.22993248312078018 0.5780000000000001 0.03675918979744938 0.04599999999999993
0 0.2194298574643661 0.61825 0.03675918979744938 0.04249999999999998
0 0.2576894223555889 0.6395 0.03525881470367595 0.051000000000000045
0 0.29032258064516125 0.6335 0.03600900225056264 0.04700000000000004
0 0.32070517629407347 0.653 0.036759189797449354 0.03400000000000003
0 0.3169542385596399 0.68575 0.03600900225056264 0.04049999999999998
0 0.349774943735934 0.68425 0.03488372093023251 0.04349999999999998
0 0.3677794448612153 0.704 0.03563390847711928 0.04399999999999993
0 0.38109527381845465 0.7435 0.033008252063015775 0.04399999999999993
0 0.41129032258064513 0.73275 0.0318829707426857 0.044499999999999984
0 0.4026631657914479 0.69 0.025881470367591863 0.049000000000000044
0 0.37978244561140284 0.66475 0.03263315828957236 0.04050000000000009
0 0.34639909977494376 0.6285000000000001 0.034883720930232565 0.04300000000000004
0 0.31020255063765945 0.60625 0.03450862715678921 0.04149999999999998
0 0.3353338334583646 0.58775 0.030007501875468856 0.045500000000000096
0 0.2584396099024756 0.565 0.03375843960990249 0.04500000000000004
0 0.1774193548387097 0.5455 0.03375843960990246 0.04699999999999993
0 0.17591897974493623 0.5015000000000001 0.036759189797449354 0.05300000000000005
0 0.2031132783195799 0.52275 0.03563390847711928 0.04650000000000004
0 0.23518379594898725 0.51875 0.0375093773443361 0.04450000000000004
0 0.2745686421605401 0.529 0.038259564891222786 0.04800000000000004
0 0.3073893473368342 0.5445 0.037884471117779484 0.04299999999999993
0 0.2983870967741935 0.5017499999999999 0.036384096024005996 0.04349999999999998
0 0.3317704426106527 0.51625 0.03338334583645913 0.04049999999999998
0 0.34996249062265566 0.54775 0.03150787696924229 0.045499999999999985
0 0.3795948987246812 0.5589999999999999 0.03450862715678921 0.041999999999999926
0 0.36946736684171044 0.6012500000000001 0.03375843960990249 0.04250000000000009
0 0.394973743435859 0.6255 0.03225806451612906 0.04300000000000004
0 0.4246061515378845 0.6487499999999999 0.03525881470367592 0.04749999999999999
0 0.4566766691672918 0.66025 0.031882970742685646 0.046499999999999986
0 0.4367966991747937 0.6865 0.03263315828957236 0.03299999999999992
0 0.4568642160540135 0.614 0.030007501875468856 0.04299999999999993
0 0.4388597149287322 0.5787500000000001 0.03150787696924234 0.03949999999999998
0 0.4097899474868717 0.581 0.030382595648912214 0.041999999999999926
0 0.4253563390847712 0.5485 0.03450862715678921 0.038999999999999924
0 0.4195423855963991 0.5175000000000001 0.03263315828957242 0.03700000000000003
0 0.37284321080270066 0.52075 0.03375843960990249 0.04149999999999998
0 0.2516879219804951 0.475 0.036009002250562666 0.043999999999999984
0 0.22374343585896472 0.48875 0.033383345836459105 0.038500000000000034
0 0.2003000750187547 0.46475 0.03225806451612903 0.04749999999999999
0 0.22768192048012004 0.44625 0.038259564891222814 0.046499999999999986
0 0.24737434358589647 0.41625 0.034883720930232565 0.04049999999999998
0 0.27606901725431354 0.43775 0.03375843960990249 0.03550000000000003
0 0.2003000750187547 0.38949999999999996 0.03750937734433607 0.043999999999999984
0 0.23705926481620404 0.3755 0.030007501875468856 0.03700000000000003
0 0.27475618904726185 0.397 0.031132783195798985 0.04299999999999998
0 0.3072018004501125 0.40049999999999997 0.036009002250562694 0.045999999999999985
0 0.33983495873968494 0.4125 0.033008252063015775 0.04299999999999998
0 0.36309077269317325 0.435 0.03450862715678921 0.04200000000000004
0 0.3066391597899475 0.44875 0.03338334583645908 0.04149999999999998
0 0.34227306826706677 0.4605 0.03413353338334579 0.03699999999999998
0 0.3666541635408852 0.47175 0.034883720930232565 0.04749999999999999
0 0.39722430607651915 0.47850000000000004 0.03375843960990249 0.04099999999999998
0 0.4441110277569392 0.49424999999999997 0.03150787696924229 0.044499999999999984
0 0.24568642160540136 0.30275 0.036759189797449354 0.04749999999999999
0 0.26500375093773443 0.33799999999999997 0.03113278319579893 0.04799999999999999
0 0.2923855963990998 0.34925 0.036384096024005996 0.04249999999999998
0 0.3248312078019505 0.35650000000000004 0.03450862715678921 0.035999999999999976
0 0.2846961740435109 0.31375 0.032258064516129004 0.039500000000000035
0 0.3158289572393098 0.31975 0.030007501875468856 0.03750000000000003
0 0.3445236309077269 0.3265 0.03113278319579893 0.044999999999999984
0 0.26556639159789946 0.28075 0.036009002250562666 0.044499999999999984
0 0.29613653413353336 0.26475 0.03263315828957242 0.04249999999999998
0 0.31939234808702177 0.28 0.03263315828957242 0.04199999999999998
0 0.34846211552888223 0.29000000000000004 0.032258064516129004 0.03799999999999998
0 0.31207801950487624 0.237 0.03225806451612906 0.04400000000000001
0 0.3428357089272318 0.23325 0.030007501875468856 0.0305
0 0.3584021005251313 0.25175000000000003 0.03263315828957236 0.037500000000000006
0 0.3809077269317329 0.22575 0.034883720930232565 0.0345
0 0.3807201800450113 0.27525 0.03375843960990249 0.03249999999999997
0 0.4026631657914479 0.26749999999999996 0.03263315828957242 0.04199999999999998
0 0.3951612903225806 0.3085 0.03263315828957242 0.04300000000000004
0 0.41841710427606904 0.29675 0.028882220555138782 0.04149999999999998
0 0.4144786196549137 0.194 0.02925731432858214 0.036000000000000004
0 0.4375468867216804 0.22725 0.029632408102025498 0.04450000000000001
0 0.445423855963991 0.20475 0.028132033008252066 0.028499999999999998
0 0.46605401350337583 0.23149999999999998 0.02738184546136535 0.035
0 0.44561140285071266 0.26875 0.030757689422355627 0.04949999999999999
0 0.38615903975994 0.35625 0.029632408102025498 0.03849999999999998
0 0.4163540885221305 0.34750000000000003 0.030007501875468856 0.03899999999999998
0 0.40941485371342834 0.38575000000000004 0.0318829707426857 0.040500000000000036
0 0.3493998499624906 0.388 0.029632408102025498 0.03600000000000003
0 0.3769692423105776 0.40625 0.03375843960990249 0.03949999999999998
0 0.40491372843210804 0.431 0.03563390847711928 0.040000000000000036
0 0.43435858964741186 0.4405 0.03150787696924229 0.04200000000000004
0 0.4377344336084021 0.40925 0.030757689422355572 0.033499999999999974
0 0.4606151537884471 0.39675 0.03150787696924234 0.04049999999999998
0 0.4512378094523631 0.35425 0.02775693923480871 0.04149999999999998
0 0.48030757689422354 0.34725 0.034883720930232565 0.03649999999999998
0 0.45405101275318827 0.32 0.029632408102025554 0.038000000000000034
0 0.48030757689422354 0.3125 0.029632408102025498 0.041000000000000036
0 0.5090022505626407 0.3245 0.02850712678169548 0.04099999999999998
0 0.5142535633908477 0.35675 0.02775693923480871 0.033499999999999974
0 0.4831207801950488 0.38675000000000004 0.030007501875468856 0.03350000000000003
0 0.5009377344336083 0.42600000000000005 0.02588147036759192 0.043999999999999984
0 0.4769317329332333 0.44125000000000003 0.030382595648912214 0.040500000000000036
0 0.4544261065266316 0.4625 0.03338334583645913 0.03899999999999998
0 0.4788072018004501 0.48125 0.03113278319579893 0.04149999999999998
0 0.5080645161290323 0.47575 0.03038259564891227 0.035499999999999976
0 0.5395723930982745 0.46875 0.03413353338334579 0.04249999999999998
0 0.5262565641410353 0.42600000000000005 0.02925731432858214 0.03999999999999998
0 0.45423855963991 0.53075 0.03225806451612906 0.04050000000000009
0 0.46605401350337583 0.5655 0.02588147036759192 0.040999999999999925
0 0.4934358589647412 0.5645 0.03263315828957242 0.03699999999999992
0 0.4866841710427607 0.6225 0.029632408102025498 0.04300000000000004
0 0.536946736684171 0.6194999999999999 0.03338334583645919 0.04599999999999993
0 0.5573893473368342 0.616 0.02400600150037513 0.038999999999999924
0 0.5787696924231058 0.60225 0.027756939234808597 0.04050000000000009
0 0.5633908477119279 0.5825 0.028507126781695424 0.04499999999999993
0 0.5320705176294074 0.57625 0.025131282820705203 0.046499999999999986
0 0.527006751687922 0.53175 0.030757689422355572 0.03650000000000009
0 0.4863090772693173 0.5297499999999999 0.028882220555138782 0.04050000000000009
0 0.5481995498874719 0.5289999999999999 0.025131282820705203 0.041000000000000036
0 0.5840210052513128 0.5575 0.033758439609902435 0.040999999999999925
0 0.6065266316579145 0.5974999999999999 0.024006001500375018 0.03500000000000003
0 0.6029632408102026 0.6335 0.025131282820705203 0.03500000000000003
0 0.6295948987246811 0.6005 0.026631657914478635 0.04300000000000004
0 0.6541635408852213 0.62375 0.030007501875468856 0.03749999999999998
0 0.6896099024756188 0.613 0.028882220555138782 0.038000000000000034
0 0.7115528882220555 0.61075 0.023255813953488413 0.03849999999999998
0 0.6873593398349587 0.58125 0.029632408102025498 0.035499999999999976
0 0.659039759939985 0.57575 0.02925731432858214 0.035499999999999976
0 0.6354088522130532 0.5467500000000001 0.028507126781695424 0.03749999999999998
0 0.6145911477869468 0.55975 0.029632408102025498 0.04049999999999998
0 0.5620780195048762 0.49475 0.029632408102025498 0.04650000000000004
0 0.5787696924231058 0.48550000000000004 0.02175543885971487 0.03899999999999998
0 0.5969617404351089 0.5137499999999999 0.028132033008252066 0.04349999999999998
0 0.6252813203300825 0.52325 0.02925731432858214 0.03849999999999998
0 0.6551012753188297 0.52725 0.02738184546136535 0.03849999999999998
0 0.6798574643660915 0.54375 0.030382595648912214 0.03849999999999998
0 0.7147411852963241 0.554 0.026631657914478635 0.03799999999999992
0 0.539947486871718 0.3865 0.030382595648912214 0.03300000000000003
0 0.5740810202550637 0.38525 0.03113278319579893 0.039500000000000035
0 0.5635783945986497 0.43574999999999997 0.03188297074268576 0.039500000000000035
0 0.5918979744936234 0.44875 0.027006751687921993 0.045499999999999985
0 0.6157164291072768 0.46775 0.031882970742685646 0.04749999999999999
0 0.6352213053263316 0.45775 0.026631657914478524 0.04049999999999998
0 0.6466616654163541 0.49524999999999997 0.028507126781695424 0.04049999999999998
0 0.6691672918229558 0.49374999999999997 0.022505626406601698 0.04149999999999998
0 0.7010502625656414 0.4945 0.026256564141035277 0.03700000000000003
0 0.7063015753938484 0.488 0.023255813953488302 0.05199999999999999
0 0.6821080270067517 0.46725 0.026631657914478635 0.034499999999999975
0 0.7207426856714179 0.5297499999999999 0.022880720180044944 0.03850000000000009
0 0.6219054763690923 0.42674999999999996 0.03450862715678926 0.03250000000000003
0 0.5941485371342836 0.4095 0.02925731432858214 0.03899999999999998
0 0.5892723180795199 0.367 0.024756189047261845 0.03500000000000003
0 0.546324081020255 0.35325 0.030382595648912214 0.04049999999999998
0 0.5354463615903976 0.31174999999999997 0.02738184546136524 0.040500000000000036
0 0.5615153788447111 0.3275 0.026256564141035277 0.04099999999999998
0 0.5855213803450863 0.3345 0.026256564141035277 0.03899999999999998
0 0.6130907726931734 0.3385 0.028132033008252066 0.03899999999999998
0 0.6352213053263316 0.36424999999999996 0.03113278319579904 0.029500000000000026
0 0.635596399099775 0.3855 0.030382595648912325 0.03500000000000003
0 0.6534133533383346 0.41400000000000003 0.027006751687921993 0.03799999999999998
0 0.6774193548387097 0.427 0.02550637659414845 0.040000000000000036
0 0.6687921980495124 0.39575 0.028507126781695424 0.02949999999999997
0 0.7003000750187547 0.40900000000000003 0.02775693923480871 0.03999999999999998
0 0.7033008252063015 0.4455 0.024756189047261845 0.039000000000000035
0 0.4782445611402851 0.27075 0.02925731432858214 0.03749999999999998
0 0.5084396099024756 0.28175 0.031132783195798985 0.04249999999999998
0 0.5318829707426856 0.275 0.030007501875468856 0.03999999999999998
0 0.4908102025506377 0.25325 0.02663165791447858 0.029500000000000026
0 0.4941860465116279 0.22475 0.02438109527381843 0.0335
0 0.5208177044261065 0.23925000000000002 0.025881470367591808 0.04250000000000001
0 0.5300075018754689 0.22699999999999998 0.027006751687921993 0.026999999999999996
0 0.545198799699925 0.24875000000000003 0.029632408102025498 0.035500000000000004
0 0.5656414103525882 0.27825 0.030007501875468856 0.03949999999999998
0 0.5947111777944487 0.27449999999999997 0.02588147036759192 0.04299999999999998
0 0.6147786946736684 0.267 0.023255813953488413 0.03999999999999998
0 0.6123405851462866 0.30774999999999997 0.02738184546136535 0.03150000000000003
0 0.5635783945986497 0.221 0.025131282820705092 0.03999999999999998
0 0.5872093023255813 0.23325 0.025131282820705203 0.03950000000000001
0 0.582708177044261 0.20825 0.02213053263315834 0.0345
0 0.5161290322580645 0.19924999999999998 0.02550637659414856 0.035500000000000004
0 0.4966241560390098 0.18575 0.03150787696924234 0.035499999999999976
0 0.513503375843961 0.16599999999999998 0.027006751687921993 0.028999999999999998
0 0.5388222055513878 0.10975 0.03113278319579893 0.037500000000000006
0 0.5577644411102776 0.12775 0.027006751687921993 0.03449999999999999
0 0.5418229557389347 0.16775 0.026631657914478635 0.037500000000000006
0 0.5594523630907726 0.17575000000000002 0.022880720180045055 0.037500000000000006
0 0.589834958739685 0.16899999999999998 0.026631657914478635 0.037000000000000005
0 0.5834583645911477 0.12975 0.022880720180045055 0.03449999999999999
0 0.6065266316579144 0.09825 0.02925731432858214 0.035500000000000004
0 0.6114028507126782 0.135 0.02550637659414856 0.027999999999999997
0 0.6209677419354839 0.15100000000000002 0.02213053263315823 0.04000000000000001
0 0.6329707426856714 0.13624999999999998 0.021380345086271513 0.0315
0 0.6592273068267067 0.14425 0.020630157539384908 0.037500000000000006
0 0.6470367591897974 0.16225 0.024756189047261845 0.0315
0 0.647224306076519 0.1765 0.024381095273818487 0.036000000000000004
0 0.6155288822205551 0.20625 0.027006751687921993 0.035500000000000004
0 0.6432858214553638 0.22225 0.023255813953488413 0.036500000000000005
0 0.6260315078769693 0.23675000000000002 0.030757689422355572 0.0295
0 0.6631657914478619 0.19574999999999998 0.026256564141035166 0.035500000000000004
0 0.6935483870967742 0.197 0.026256564141035166 0.031
0 0.6836084021005251 0.22875 0.022880720180045055 0.035500000000000004
0 0.7299324831207802 0.20900000000000002 0.030007501875468856 0.034
0 0.7374343585896475 0.2405 0.02550637659414856 0.03
0 0.7064891222805701 0.25325000000000003 0.025881470367591808 0.038500000000000006
0 0.6886721680420105 0.26849999999999996 0.02550637659414856 0.032999999999999974
0 0.663728432108027 0.24875000000000003 0.025131282820705092 0.035500000000000004
0 0.6506001500375094 0.2625 0.028132033008252066 0.03300000000000003
0 0.6665416354088523 0.29000000000000004 0.024756189047261845 0.03199999999999997
0 0.6429107276819205 0.30074999999999996 0.02925731432858214 0.038500000000000034
0 0.7291822955738935 0.27625 0.027006751687921993 0.04049999999999998
0 0.7456864216054013 0.29275 0.022505626406601698 0.034499999999999975
0 0.6935483870967742 0.309 0.023255813953488302 0.03600000000000003
0 0.7273068267066767 0.31575 0.026256564141035277 0.03350000000000003
0 0.7490622655663917 0.33199999999999996 0.022505626406601587 0.035999999999999976
0 0.7593773443360841 0.32325000000000004 0.025131282820705203 0.030500000000000027
0 0.667291822955739 0.31875 0.024756189047261845 0.030500000000000027
0 0.6687921980495124 0.346 0.030757689422355572 0.035999999999999976
0 0.6999249812453113 0.3395 0.027006751687921993 0.025999999999999968
0 0.7027381845461365 0.36475 0.02588147036759192 0.03550000000000003
0 0.718304576144036 0.38949999999999996 0.027006751687921993 0.034999999999999976
0 0.7306826706676669 0.36050000000000004 0.026256564141035277 0.035999999999999976
0 0.7484996249062266 0.36975 0.01987996999249808 0.03750000000000003
0 0.7578769692423106 0.36124999999999996 0.02213053263315834 0.030500000000000027
0 0.7779444861215303 0.38725 0.02550637659414845 0.03250000000000003
0 0.7533758439609903 0.41100000000000003 0.02738184546136535 0.033999999999999975
0 0.7404351087771943 0.4265 0.02550637659414856 0.03700000000000003
0 0.7134283570892723 0.4205 0.022505626406601698 0.030999999999999972
0 0.7291822955738935 0.44825000000000004 0.02550637659414856 0.040500000000000036
0 0.754688672168042 0.46099999999999997 0.02400600150037513 0.03799999999999998
0 0.7361215303825956 0.48450000000000004 0.026631657914478524 0.034999999999999976
0 0.7488747186796699 0.516 0.021380345086271513 0.03600000000000003
0 0.7462490622655664 0.55325 0.026631657914478635 0.03049999999999997
0 0.7340585146286571 0.5862499999999999 0.02925731432858214 0.035499999999999976
0 0.7593773443360841 0.595 0.02363090772693177 0.03600000000000003
0 0.7423105776444111 0.6227499999999999 0.02175543885971498 0.035499999999999976
0 0.7175543885971493 0.6575 0.02925731432858214 0.03600000000000003
0 0.745311327831958 0.65325 0.02025506376594155 0.02849999999999997
0 0.7835708927231808 0.63675 0.03525881470367587 0.03249999999999997
0 0.8207051762940736 0.6412500000000001 0.022505626406601587 0.04149999999999998
0 0.858027006751688 0.61575 0.020630157539384908 0.034499999999999975
0 0.781695423855964 0.5682499999999999 0.027006751687921993 0.03949999999999998
0 0.8182670667666916 0.5775 0.026631657914478635 0.038999999999999924
0 0.8317704426106527 0.5965 0.02738184546136535 0.03500000000000003
0 0.8413353338334584 0.586 0.022505626406601698 0.030000000000000027
0 0.8156414103525882 0.53575 0.024381095273818487 0.03650000000000009
0 0.8325206301575394 0.5522499999999999 0.022880720180045055 0.035499999999999976
0 0.8612153038259565 0.56 0.027006751687921993 0.03399999999999992
0 0.8394598649662416 0.5245 0.026256564141035277 0.03700000000000003
0 0.7738184546136534 0.53125 0.024756189047261845 0.03849999999999998
0 0.7824456114028507 0.4925 0.022505626406601698 0.039000000000000035
0 0.7961365341335334 0.5075000000000001 0.021380345086271513 0.03500000000000003
0 0.8034508627156789 0.493 0.021005251312828155 0.038000000000000034
0 0.8216429107276819 0.49024999999999996 0.02213053263315823 0.03249999999999997
0 0.8454613653413353 0.49175 0.02400600150037513 0.03250000000000003
0 0.777569392348087 0.46075 0.027006751687921993 0.03149999999999997
0 0.799324831207802 0.4585 0.02400600150037513 0.035999999999999976
0 0.8141410352588148 0.46499999999999997 0.017629407351838045 0.022999999999999965
0 0.777569392348087 0.43574999999999997 0.02925731432858214 0.029500000000000026
0 0.7888222055513878 0.4125 0.023255813953488413 0.030999999999999972
0 0.814516129032258 0.398 0.025131282820705203 0.033999999999999975
0 0.6382220555138785 0.32725000000000004 0.026631657914478635 0.03150000000000003
