0 0.08983495873968492 0.57775 0.06489122280570142 0.0695
0 0.12359339834958741 0.6375 0.04238559639909979 0.06799999999999995
0 0.13934733683420855 0.71 0.051387846961740424 0.06900000000000006
0 0.15997749437359338 0.777 0.05963990997749438 0.06499999999999995
0 0.20423855963990997 0.84375 0.05063765941485371 0.0645
0 0.24924981245311328 0.8587499999999999 0.055888972243060775 0.0595
0 0.32239309827456863 0.81375 0.052138034508627196 0.07750000000000001
0 0.23462115528882221 0.7545 0.05063765941485368 0.061999999999999944
0 0.28488372093023256 0.74625 0.05663915978994749 0.058499999999999996
0 0.34246061515378845 0.74675 0.05026256564141035 0.0615
0 0.38634658664666166 0.768 0.04726181545386343 0.07499999999999996
0 0.42291822955738934 0.75075 0.05063765941485371 0.0635
0 0.3885971492873218 0.70175 0.051012753188297066 0.0605
0 0.4534883720930233 0.6970000000000001 0.05401350337584393 0.06500000000000006
0 0.4735558889722431 0.8 0.047636909227306845 0.07300000000000006
0 0.16260315078769694 0.65225 0.06264066016504125 0.0655
0 0.22280570142535633 0.66725 0.044261065266316596 0.0605
0 0.2627531882970743 0.6585 0.05513878469617406 0.06400000000000006
0 0.34189797449362336 0.66675 0.051387846961740424 0.0625
0 0.49606151537884474 0.6435 0.05138784696174048 0.07100000000000006
0 0.4578019504876219 0.583 0.052138034508627196 0.06300000000000006
0 0.4960615153788447 0.54825 0.05813953488372098 0.07250000000000001
0 0.4347336834208552 0.53525 0.0547636909227307 0.08149999999999996
0 0.41147786946736686 0.61175 0.05176294073518378 0.07150000000000001
0 0.3758439609902475 0.5545 0.051012753188297066 0.06800000000000006
0 0.3580270067516879 0.603 0.05438859714928734 0.07099999999999995
0 0.30045011252813203 0.6067499999999999 0.05026256564141035 0.057499999999999996
0 0.3163915978994749 0.5615 0.060390097524381126 0.07499999999999996
0 0.23349587396849214 0.6174999999999999 0.057389347336834234 0.06900000000000006
0 0.15472618154538634 0.593 0.07089272318079519 0.06999999999999995
0 0.21399099774943736 0.5615 0.05888972243060764 0.07600000000000007
0 0.26762940735183793 0.5295 0.05738934733683418 0.07
0 0.14028507126781695 0.5215 0.061515378844711185 0.07200000000000001
0 0.19692423105776444 0.47175 0.062265566391597915 0.07450000000000001
0 0.0995873968492123 0.43274999999999997 0.060390097524381084 0.07249999999999995
0 0.12303075768942236 0.38525 0.06901725431357839 0.08349999999999996
0 0.17835708927231808 0.32125000000000004 0.0641410352588147 0.08249999999999996
0 0.1933608402100525 0.39849999999999997 0.06639159789947485 0.08200000000000002
0 0.24381095273818454 0.4475 0.05326331582895724 0.069
0 0.2621905476369092 0.36375 0.06376594148537135 0.08749999999999997
0 0.31789197299324834 0.41925 0.052888222055513856 0.07550000000000001
0 0.3394598649662416 0.48375 0.05776444111027762 0.07250000000000001
0 0.39891222805701426 0.46475 0.05513878469617406 0.07450000000000001
0 0.32033008252063017 0.34325 0.061515378844711144 0.07850000000000001
0 0.3677794448612153 0.376 0.05438859714928729 0.09099999999999997
0 0.4127906976744186 0.40025 0.059639909977494354 0.07650000000000001
0 0.4746811702925732 0.477 0.05213803450862714 0.08099999999999996
0 0.48349587396849214 0.383 0.05626406601650413 0.08099999999999996
0 0.2357464366091523 0.29400000000000004 0.06414103525881468 0.08000000000000002
0 0.3201425356339085 0.26425 0.06564141035258814 0.08249999999999999
0 0.38184546136534137 0.26125 0.05626406601650408 0.07949999999999999
0 0.4197299324831208 0.3065 0.0682670667666917 0.08099999999999996
0 0.4893098274568642 0.30225 0.05738934733683421 0.07450000000000001
0 0.28075768942235557 0.185 0.0671417854463616 0.08700000000000002
0 0.3595273818454614 0.18275000000000002 0.06714178544636157 0.0875
0 0.3812828207051763 0.1035 0.06339084771192799 0.088
0 0.4255438859714929 0.16975 0.05663915978994749 0.08549999999999999
0 0.46099024756189044 0.23850000000000002 0.058514628657164336 0.08200000000000002
0 0.4893098274568642 0.09575 0.059639909977494354 0.08550000000000002
0 0.4838709677419355 0.17625000000000002 0.06376594148537135 0.07649999999999998
0 0.5348837209302326 0.13774999999999998 0.05176294073518373 0.07949999999999999
0 0.6376594148537135 0.08725 0.05626406601650413 0.0825
0 0.7162415603900976 0.1425 0.061140285071267786 0.077
0 0.6506001500375094 0.16875 0.05513878469617395 0.07949999999999999
0 0.595648912228057 0.1725 0.061515378844711144 0.07999999999999999
0 0.5166916729182296 0.23675000000000002 0.06039009752438107 0.07850000000000001
0 0.5782070517629407 0.2535 0.06264066016504133 0.08299999999999999
0 0.6451612903225806 0.2485 0.059264816204050996 0.08299999999999999
0 0.695986496624156 0.22425 0.05438859714928734 0.07550000000000001
0 0.6112153038259565 0.317 0.05663915978994749 0.07699999999999996
0 0.6849212303075769 0.29700000000000004 0.06301575393848458 0.07700000000000001
0 0.759939984996249 0.27975 0.057764441110277565 0.08750000000000002
0 0.8248312078019504 0.273 0.06976744186046513 0.08199999999999999
0 0.7848837209302326 0.35675 0.05513878469617406 0.07850000000000001
0 0.708927231807952 0.35775 0.057764441110277565 0.07150000000000001
0 0.6560390097524381 0.36875 0.05851462865716428 0.07150000000000001
0 0.5662040510127532 0.3695 0.06864216054013506 0.07799999999999996
0 0.564516129032258 0.42825 0.05326331582895716 0.0675
0 0.5249437359339835 0.4755 0.05738934733683426 0.06399999999999995
0 0.6249062265566392 0.435 0.05701425356339085 0.07199999999999995
0 0.68192048012003 0.4475 0.04426106526631657 0.08000000000000002
0 0.7636909227306827 0.43474999999999997 0.05326331582895716 0.07949999999999996
0 0.8282070517629407 0.40149999999999997 0.059264816204050996 0.07800000000000001
0 0.8396474118529633 0.43975 0.05138784696174048 0.07349999999999995
0 0.7995123780945237 0.4945 0.05813953488372092 0.07599999999999996
0 0.7346211552888222 0.488 0.06189047261815461 0.07
0 0.5952738184546137 0.50075 0.05326331582895727 0.07050000000000001
0 0.6344711177794449 0.5185 0.044636159039759926 0.06300000000000006
0 0.6974868717179294 0.534 0.05738934733683421 0.07399999999999995
0 0.7462490622655664 0.5467500000000001 0.05513878469617406 0.0695
0 0.5596399099774944 0.5569999999999999 0.05626406601650413 0.07500000000000007
0 0.5993998499624906 0.597 0.054013503375843985 0.07099999999999995
0 0.8347711927981996 0.56925 0.05513878469617395 0.0695
0 0.8060765191297825 0.6112500000000001 0.045011252813203284 0.05149999999999999
0 0.758814703675919 0.5947499999999999 0.05176294073518384 0.0615
0 0.5204426106526632 0.6007499999999999 0.05213803450862714 0.0655
0 0.509939984996249 0.7344999999999999 0.04988747186796694 0.061999999999999944
0 0.5635783945986497 0.7090000000000001 0.053638409602400516 0.06399999999999995
0 0.6046511627906976 0.6505000000000001 0.05176294073518373 0.06799999999999995
0 0.6616654163540885 0.679 0.04951237809452358 0.06900000000000006
0 0.7244936234058514 0.6432500000000001 0.046886721680420074 0.0675
0 0.7563765941485372 0.6639999999999999 0.04538634658664675 0.06999999999999995
0 0.8199549887471869 0.70325 0.04951237809452358 0.0665
0 0.7342460615153789 0.7484999999999999 0.04988747186796694 0.07399999999999995
0 0.6746061515378845 0.7602500000000001 0.05288822205551391 0.0635
0 0.6776069017254314 0.7995 0.04988747186796694 0.04699999999999993
0 0.627344336084021 0.7464999999999999 0.050637659414853764 0.061999999999999944
0 0.6067141785446362 0.7715000000000001 0.03488372093023262 0.04399999999999993
0 0.5707051762940736 0.7484999999999999 0.05288822205551391 0.06300000000000006
0 0.5279444861215303 0.7895 0.05438859714928734 0.062000000000000055
0 0.5684546136534133 0.8102499999999999 0.044636159039759926 0.057499999999999996
0 0.5255063765941486 0.85025 0.05926481620405105 0.058499999999999996
