0 0.0527006751687922 0.4405 0.06339084771192798 0.07899999999999996
0 0.0853338334583646 0.35775 0.061890472618154536 0.07950000000000002
0 0.12434358589647412 0.32625 0.07314328582145536 0.08750000000000002
0 0.14834958739684923 0.40149999999999997 0.06789197299324831 0.08400000000000002
0 0.12265566391597899 0.4505 0.06451612903225805 0.07200000000000001
0 0.08327081770442611 0.5115 0.05776444111027757 0.07200000000000001
0 0.11384096024006002 0.56975 0.060390097524381084 0.0625
0 0.14028507126781695 0.5385 0.05401350337584397 0.07099999999999995
0 0.17198049512378094 0.5880000000000001 0.052888222055513884 0.07199999999999995
0 0.12340585146286573 0.66075 0.058514628657164294 0.0685
0 0.20236309077269318 0.66075 0.05738934733683421 0.05149999999999999
0 0.20855213803450862 0.5715 0.05026256564141035 0.06600000000000006
0 0.18735933983495873 0.48675 0.06264066016504125 0.0645
0 0.20480120030007504 0.46225 0.06601650412603152 0.07750000000000001
0 0.22674418604651164 0.37475 0.0708927231807952 0.08349999999999996
0 0.20423855963991 0.28075 0.061140285071267814 0.08250000000000002
0 0.29669917479369845 0.24 0.06526631657914478 0.09499999999999997
0 0.2871342835708927 0.3315 0.07389347336834207 0.08400000000000002
0 0.31151537884471114 0.41100000000000003 0.06789197299324828 0.069
0 0.27494373593398347 0.4615 0.0660165041260315 0.07500000000000001
0 0.2423105776444111 0.5197499999999999 0.05851462865716428 0.0675
0 0.27719429857464367 0.5855 0.05701425356339085 0.07000000000000006
0 0.2556264066016504 0.629 0.05738934733683421 0.04499999999999993
0 0.2608777194298575 0.6805 0.05213803450862714 0.05600000000000005
0 0.1521005251312828 0.7582500000000001 0.05513878469617403 0.0595
0 0.25562640660165037 0.749 0.051387846961740424 0.05499999999999994
0 0.3090772693173294 0.7464999999999999 0.04651162790697677 0.04999999999999993
0 0.3576519129782446 0.7397499999999999 0.05063765941485371 0.055499999999999994
0 0.4139159789947487 0.7355 0.04913728432108022 0.05500000000000005
0 0.45967741935483875 0.70475 0.052888222055513856 0.044499999999999984
0 0.31376594148537135 0.6897500000000001 0.059639909977494354 0.0615
0 0.36946736684171044 0.6817500000000001 0.054013503375843985 0.0595
0 0.4388597149287322 0.65025 0.054763690922730646 0.058499999999999996
0 0.49868717179294825 0.6535 0.05363840960240063 0.061999999999999944
0 0.46811702925731435 0.60425 0.05776444111027762 0.0605
0 0.3803450862715679 0.6335 0.059264816204050996 0.041999999999999926
0 0.31357839459864967 0.64025 0.061515378844711144 0.058499999999999996
0 0.34771192798199546 0.58725 0.060765191297824483 0.0695
0 0.3083270817704426 0.52225 0.06751687921980498 0.0685
0 0.3957239309827457 0.55625 0.06001500375093777 0.056499999999999995
0 0.45330082520630155 0.54375 0.058889722430607694 0.0695
0 0.4846211552888222 0.48024999999999995 0.057764441110277565 0.05449999999999994
0 0.41129032258064513 0.5002500000000001 0.06189047261815456 0.0695
0 0.34246061515378845 0.48224999999999996 0.06376594148537135 0.08049999999999996
0 0.3822205551387847 0.41275 0.0660165041260315 0.07750000000000001
0 0.44898724681170293 0.431 0.06751687921980498 0.08299999999999996
0 0.3756564141035259 0.24825 0.06939234808702172 0.09049999999999997
0 0.40678919729932483 0.354 0.06339084771192793 0.09200000000000003
0 0.4656789197299325 0.30274999999999996 0.06714178544636162 0.08449999999999996
0 0.5281320330082521 0.259 0.07051762940735179 0.095
0 0.6108402100525131 0.244 0.06489122280570148 0.09399999999999997
0 0.6839834958739686 0.2935 0.06714178544636151 0.08600000000000002
0 0.5185671417854464 0.36050000000000004 0.07014253563390849 0.08000000000000002
0 0.5913353338334584 0.366 0.059639909977494354 0.07800000000000001
0 0.6577269317329333 0.38225 0.0663915978994748 0.07450000000000001
0 0.5337584396099024 0.4385 0.059264816204050996 0.07999999999999996
0 0.5885221305326331 0.46425 0.06226556639159786 0.07150000000000001
0 0.6547261815453863 0.46499999999999997 0.06714178544636162 0.07299999999999995
0 0.714178544636159 0.43725 0.06526631657914472 0.06449999999999995
0 0.5391972993248313 0.49750000000000005 0.059639909977494354 0.061
0 0.6157164291072768 0.5275 0.05513878469617406 0.07200000000000001
0 0.6796699174793699 0.5175 0.06526631657914483 0.064
0 0.739497374343586 0.5105 0.05888972243060764 0.07100000000000006
0 0.5238184546136534 0.56975 0.05963990997749441 0.05349999999999999
0 0.5845836459114779 0.5760000000000001 0.055888972243060775 0.06500000000000006
0 0.6423480870217555 0.55875 0.04463615903976004 0.0645
0 0.7001125281320331 0.56125 0.05513878469617406 0.0625
0 0.554013503375844 0.6385000000000001 0.054013503375843985 0.06599999999999995
0 0.6108402100525132 0.639 0.05288822205551391 0.05800000000000005
0 0.6697299324831207 0.623 0.0618904726181545 0.05499999999999994
0 0.721305326331583 0.611 0.054013503375843874 0.05800000000000005
0 0.7642535633908477 0.5720000000000001 0.05738934733683432 0.06700000000000006
0 0.5457614403600901 0.6915 0.04801200300075015 0.05600000000000005
0 0.5945236309077269 0.68525 0.04951237809452358 0.046499999999999986
0 0.6509752438109527 0.68275 0.05513878469617395 0.055499999999999994
0 0.7025506376594148 0.673 0.054013503375843985 0.04999999999999993
0 0.754126031507877 0.673 0.05138784696174048 0.05300000000000005
0 0.8045761440360091 0.6772499999999999 0.05101275318829701 0.05149999999999999
0 0.8645911477869468 0.6705 0.04876219054763686 0.05400000000000005
0 0.781695423855964 0.622 0.05626406601650413 0.052000000000000046
0 0.8360840210052514 0.62 0.050262565641410295 0.05600000000000005
0 0.8974118529632408 0.60975 0.04763690922730679 0.058499999999999996
0 0.9077269317329333 0.63675 0.04576144036009 0.058499999999999996
0 0.826331582895724 0.5695 0.059264816204050996 0.052000000000000046
0 0.8809077269317329 0.5542499999999999 0.05663915978994749 0.0655
0 0.9307951987996999 0.54075 0.0476369092273069 0.0665
0 0.805701425356339 0.5137499999999999 0.05851462865716428 0.0695
0 0.8715303825956489 0.4825 0.061140285071267786 0.061999999999999944
0 0.9268567141785446 0.487 0.06226556639159786 0.062
0 0.7912603150787697 0.45725 0.06789197299324834 0.07050000000000001
0 0.8458364591147787 0.42400000000000004 0.06601650412603155 0.08100000000000002
0 0.7704426106526632 0.38475000000000004 0.06526631657914472 0.08349999999999996
0 0.7796324081020255 0.304 0.06714178544636162 0.08599999999999997
0 0.8289572393098275 0.32875 0.059264816204050996 0.07950000000000002
