0 0.40303825956489125 0.12275 0.060390097524381126 0.09750000000000002
0 0.3252063015753939 0.17475000000000002 0.053263315828957214 0.07349999999999998
0 0.28319579894973745 0.216 0.04876219054763692 0.08100000000000002
0 0.2173668417104276 0.23675000000000002 0.05813953488372092 0.08850000000000002
0 0.4028507126781695 0.21125 0.04276069017254314 0.0685
0 0.37190547636909227 0.232 0.046886721680420074 0.07400000000000001
0 0.3267066766691673 0.2595 0.06526631657914478 0.07599999999999998
0 0.2854463615903976 0.312 0.05701425356339085 0.07599999999999996
0 0.23368342085521382 0.347 0.06226556639159789 0.08200000000000002
0 0.19129782445611404 0.38575 0.05701425356339085 0.07350000000000001
0 0.16804201050262565 0.46099999999999997 0.05851462865716428 0.07500000000000001
0 0.20911477869467365 0.5075 0.050637659414853736 0.066
0 0.17760690172543137 0.56575 0.06189047261815453 0.0685
0 0.1378469617404351 0.64225 0.06264066016504125 0.07450000000000001
0 0.15903975993998498 0.685 0.05851462865716431 0.05700000000000005
0 0.3351462865716429 0.3315 0.048387096774193505 0.07600000000000001
0 0.30120030007501875 0.381 0.054013503375843985 0.07200000000000001
0 0.2539384846211553 0.4365 0.059264816204051024 0.07199999999999995
0 0.26294073518379596 0.4925 0.05626406601650413 0.061999999999999944
0 0.25356339084771196 0.5685 0.05176294073518378 0.062000000000000055
0 0.4465491372843211 0.25675 0.052888222055513856 0.07649999999999998
0 0.3994748687171793 0.30425 0.05701425356339085 0.07350000000000001
0 0.5285071267816954 0.23500000000000001 0.05551387846961742 0.07900000000000001
0 0.5206301575393848 0.29100000000000004 0.04201050262565642 0.055999999999999994
0 0.48537134283570893 0.3245 0.04501125281320334 0.068
0 0.44204801200300076 0.3355 0.052138034508627196 0.068
0 0.3812828207051763 0.367 0.05213803450862714 0.07
0 0.3595273818454614 0.42725 0.060390097524381126 0.07350000000000001
0 0.317516879219805 0.47925 0.04913728432108028 0.07750000000000001
0 0.31639159789947485 0.53675 0.055888972243060775 0.0645
0 0.2087396849212303 0.6719999999999999 0.0671417854463616 0.06999999999999995
0 0.27419354838709675 0.6739999999999999 0.062265566391597915 0.07300000000000006
0 0.21230307576894225 0.76075 0.06001500375093774 0.07450000000000001
0 0.2651912978244561 0.7537499999999999 0.04726181545386343 0.07150000000000001
0 0.3055138784696174 0.751 0.04613653413353336 0.06099999999999994
0 0.30438859714928734 0.6752499999999999 0.04388597149287321 0.0615
0 0.355026256564141 0.74425 0.047636909227306845 0.05049999999999999
0 0.34902475618904727 0.67825 0.052138034508627196 0.0605
0 0.3336459114778695 0.62225 0.06264066016504127 0.0665
0 0.36609152288072017 0.5787500000000001 0.05851462865716428 0.0675
0 0.38447111777944487 0.63075 0.05026256564141035 0.0605
0 0.39816204051012755 0.6915 0.04613653413353336 0.06600000000000006
0 0.40847711927982 0.7457499999999999 0.05176294073518378 0.0635
0 0.44954988747186797 0.71925 0.05063765941485371 0.0615
0 0.43904726181545384 0.6665 0.047636909227306845 0.05800000000000005
0 0.3600900225056264 0.49875 0.04651162790697677 0.07250000000000001
0 0.4116654163540885 0.53675 0.04613653413353341 0.0645
0 0.40678919729932483 0.45499999999999996 0.046886721680420074 0.07700000000000001
0 0.44054763690922727 0.393 0.05213803450862714 0.07200000000000001
0 0.536946736684171 0.35425 0.04763690922730679 0.0665
0 0.5632033008252063 0.31675 0.04388597149287321 0.07749999999999996
0 0.48687171792948236 0.38375 0.049512378094523635 0.0665
0 0.4608027006751688 0.43975 0.04913728432108028 0.0655
0 0.4399849962490623 0.49524999999999997 0.04876219054763692 0.05649999999999994
0 0.4593023255813954 0.55425 0.04613653413353341 0.058499999999999996
0 0.45161290322580644 0.6105 0.04426106526631657 0.05999999999999994
0 0.4797449362340585 0.69075 0.04201050262565642 0.056499999999999995
0 0.5202550637659416 0.75175 0.04726181545386343 0.0625
0 0.5450112528132034 0.70375 0.046511627906976716 0.05049999999999999
0 0.5438859714928732 0.745 0.03825956489122273 0.06000000000000005
0 0.5206301575393848 0.66625 0.04801200300075015 0.0635
0 0.49849962490622657 0.6047499999999999 0.040510127531882933 0.0655
0 0.5166916729182296 0.55525 0.047636909227306845 0.0615
0 0.4915603900975244 0.49250000000000005 0.04988747186796699 0.067
0 0.5166916729182296 0.44999999999999996 0.047636909227306845 0.069
0 0.5753938484621155 0.37250000000000005 0.045011252813203284 0.066
0 0.6016504126031508 0.34575 0.041260315078769705 0.0645
0 0.636721680420105 0.36350000000000005 0.0386346586646662 0.07
0 0.5842085521380345 0.43475 0.04988747186796705 0.0665
0 0.5405101275318829 0.50575 0.04576144036009 0.060500000000000054
0 0.5887096774193549 0.49124999999999996 0.04238559639909978 0.06049999999999994
0 0.5536384096024005 0.5609999999999999 0.04276069017254314 0.061000000000000054
0 0.5969617404351087 0.5429999999999999 0.04088522130532635 0.05799999999999994
0 0.5532633158289573 0.6332500000000001 0.046511627906976716 0.0615
0 0.6822955738934734 0.356 0.033758439609902435 0.068
0 0.7091147786946737 0.37649999999999995 0.03488372093023262 0.06
0 0.7569392348087022 0.36475 0.032258064516129004 0.0605
0 0.7233683420855214 0.42075 0.035633908477119336 0.05349999999999999
0 0.6847336834208553 0.41325 0.04013503375843952 0.058499999999999996
0 0.6382220555138785 0.42825 0.044636159039759926 0.0635
0 0.6175918979744937 0.48625 0.039384846211552915 0.0595
0 0.6699174793698424 0.486 0.04051012753188299 0.05399999999999999
0 0.695986496624156 0.45299999999999996 0.035633908477119336 0.055999999999999994
0 0.7638784696174044 0.42225 0.034133533383345904 0.05349999999999999
0 0.7860090022505626 0.42475 0.029632408102025498 0.0625
0 0.8214553638409603 0.45025 0.030757689422355683 0.04949999999999999
0 0.713053263315829 0.482 0.037509377344336015 0.05199999999999999
0 0.7623780945236309 0.47925 0.03713428357089277 0.05349999999999999
0 0.7771942985746436 0.47975 0.02925731432858214 0.05449999999999999
0 0.8096399099774945 0.51075 0.030382595648912214 0.05149999999999999
0 0.6926106526631658 0.50875 0.039384846211552915 0.05650000000000005
0 0.6524756189047262 0.53325 0.04388597149287321 0.0535000000000001
0 0.5858964741185296 0.6045 0.04201050262565631 0.05700000000000005
0 0.6421605401350337 0.58575 0.04351087771942985 0.055499999999999994
0 0.6065266316579145 0.6435 0.04351087771942985 0.05300000000000005
0 0.5778319579894974 0.6872499999999999 0.04538634658664664 0.05349999999999999
0 0.59152288072018 0.7484999999999999 0.03975993998499627 0.05700000000000005
0 0.6307201800450113 0.74425 0.0386346586646662 0.05249999999999999
0 0.6252813203300824 0.7012499999999999 0.04201050262565642 0.055499999999999994
0 0.6440360090022506 0.6799999999999999 0.032258064516129004 0.05599999999999994
0 0.6481620405101275 0.723 0.03150787696924229 0.04800000000000004
0 0.6890472618154538 0.7555000000000001 0.03150787696924229 0.039999999999999925
0 0.7042385596399099 0.733 0.030382595648912214 0.050000000000000044
0 0.6828582145536384 0.704 0.03713428357089266 0.04799999999999993
0 0.6627906976744187 0.636 0.03975993998499627 0.05600000000000005
0 0.6978619654913729 0.6545000000000001 0.03113278319579893 0.05900000000000005
0 0.6802325581395349 0.583 0.03638409602400605 0.05700000000000005
0 0.7019879969992497 0.5535 0.03263315828957236 0.05899999999999994
0 0.6969242310577645 0.60025 0.03600900225056258 0.04349999999999998
0 0.7250562640660165 0.5727500000000001 0.02925731432858214 0.057499999999999996
0 0.7374343585896475 0.52625 0.03675918979744941 0.05249999999999999
0 0.781132783195799 0.53525 0.030382595648912214 0.0515000000000001
0 0.8120780195048762 0.54975 0.028507126781695424 0.045499999999999985
0 0.8402100525131283 0.54725 0.027006751687921993 0.04949999999999999
0 0.8152663165791447 0.57375 0.029632408102025498 0.03649999999999998
0 0.7876969242310577 0.58375 0.03450862715678915 0.05249999999999999
0 0.7966991747936985 0.602 0.02925731432858214 0.04800000000000004
0 0.8390847711927982 0.5902499999999999 0.02925731432858214 0.045499999999999985
0 0.8343960990247561 0.6295 0.028132033008252066 0.051999999999999935
0 0.8152663165791447 0.6365000000000001 0.029632408102025498 0.04999999999999993
0 0.7415603900975244 0.63775 0.0367591897974493 0.04949999999999999
0 0.7663165791447862 0.6315 0.032258064516129004 0.051999999999999935
0 0.7833833458364592 0.64925 0.028882220555138782 0.045500000000000096
0 0.7259939984996249 0.6777500000000001 0.03488372093023251 0.05149999999999999
0 0.7511252813203301 0.6737500000000001 0.03263315828957247 0.04949999999999999
0 0.731807951987997 0.70525 0.02925731432858214 0.03849999999999998
0 0.7539384846211553 0.70825 0.02550637659414856 0.045499999999999985
0 0.7484996249062266 0.75825 0.03188297074268576 0.04049999999999998
0 0.7695048762190548 0.6757500000000001 0.02213053263315834 0.02949999999999997
0 0.7929482370592649 0.6735 0.030007501875468967 0.050999999999999934
0 0.8300825206301575 0.6779999999999999 0.028507126781695424 0.04500000000000004
0 0.8064516129032258 0.706 0.032258064516129115 0.04399999999999993
0 0.7920105026256564 0.7295 0.035633908477119336 0.041999999999999926
0 0.7935108777194299 0.75 0.034133533383345904 0.03400000000000003
