0 0.31470367591897974 0.15325 0.08477119279819956 0.10449999999999998
0 0.21792948237059268 0.14800000000000002 0.08777194298574645 0.10500000000000001
0 0.17798199549887472 0.24225 0.08214553638409602 0.09549999999999997
0 0.1417854463615904 0.3315 0.08552138034508629 0.10399999999999998
0 0.15922730682670666 0.424 0.07764441110277569 0.09899999999999998
0 0.1352213053263316 0.5389999999999999 0.08739684921230308 0.09999999999999998
0 0.20761440360090022 0.5785 0.0843960990247562 0.09899999999999998
0 0.22355588897224307 0.3635 0.07651912978244563 0.10699999999999998
0 0.23124531132783196 0.47750000000000004 0.07914478619654913 0.10700000000000004
0 0.29369842460615153 0.3245 0.08552138034508627 0.10099999999999998
0 0.30945236309077273 0.41275 0.08102025506376592 0.09350000000000003
0 0.36309077269317325 0.253 0.07876969242310577 0.10599999999999998
0 0.445986496624156 0.2495 0.07576894223555891 0.10499999999999998
0 0.40660165041260315 0.34275 0.07726931732933229 0.09650000000000003
0 0.39497374343585895 0.425 0.07351837959489871 0.10099999999999998
0 0.34339834958739685 0.4965 0.0798949737434359 0.09999999999999998
0 0.2845086271567892 0.55325 0.08364591147786948 0.09950000000000003
0 0.28750937734433607 0.648 0.08064516129032259 0.09099999999999997
0 0.2931357839459865 0.74075 0.0753938484621155 0.10250000000000004
0 0.3563390847711928 0.794 0.07126781695423856 0.10199999999999998
0 0.3660915228807202 0.6835 0.0660165041260315 0.10099999999999998
0 0.41785446361590395 0.835 0.07651912978244563 0.10299999999999998
0 0.47768192048012004 0.8645 0.06789197299324834 0.08300000000000007
0 0.5346961740435109 0.919 0.07164291072768192 0.08999999999999997
0 0.48949737434358587 0.32975 0.07876969242310577 0.10649999999999998
0 0.4645536384096024 0.41674999999999995 0.08139534883720928 0.10549999999999998
0 0.5632033008252063 0.325 0.07239309827456863 0.09899999999999998
0 0.5570142535633908 0.425 0.07426856714178554 0.10299999999999998
0 0.5090022505626406 0.5035000000000001 0.08177044261065258 0.09199999999999997
0 0.42423105776444114 0.54775 0.08177044261065264 0.08750000000000002
0 0.6785446361590397 0.356 0.06601650412603155 0.08900000000000002
0 0.617966991747937 0.38825 0.07014253563390849 0.09449999999999997
0 0.4281695423855964 0.65325 0.07614403600900221 0.10050000000000003
0 0.436046511627907 0.74475 0.0753938484621155 0.09650000000000003
0 0.5975243810952737 0.91625 0.06976744186046513 0.09549999999999992
0 0.6417854463615904 0.8632500000000001 0.0690172543135783 0.09750000000000003
0 0.5692048012003 0.84875 0.06714178544636162 0.09250000000000003
0 0.5048762190547638 0.7749999999999999 0.07201800450112528 0.09199999999999997
0 0.4949362340585146 0.6799999999999999 0.06264066016504127 0.09300000000000008
0 0.5480120030007501 0.7190000000000001 0.06001500375093771 0.09199999999999997
0 0.609714928732183 0.7695 0.07014253563390849 0.09299999999999997
0 0.6993623405851463 0.8 0.0618904726181545 0.10299999999999998
0 0.6802325581395349 0.44975 0.06264066016504133 0.10049999999999998
0 0.6102775693923481 0.47850000000000004 0.07351837959489871 0.09100000000000003
0 0.563953488372093 0.55925 0.0753938484621155 0.09250000000000003
0 0.5013128282070518 0.60075 0.08064516129032256 0.09749999999999992
0 0.5538259564891223 0.64575 0.06864216054013506 0.08449999999999991
0 0.6100900225056264 0.6865 0.0708927231807952 0.09499999999999997
0 0.7379969992498124 0.8220000000000001 0.06714178544636162 0.09199999999999997
0 0.8122655663915979 0.77325 0.06264066016504122 0.08850000000000002
0 0.731807951987997 0.7495 0.07126781695423856 0.09199999999999997
0 0.6792948237059264 0.6950000000000001 0.06451612903225812 0.08799999999999997
0 0.6265941485371342 0.5972500000000001 0.07164291072768192 0.09849999999999992
0 0.6896099024756189 0.6154999999999999 0.0753938484621155 0.09399999999999997
0 0.72768192048012 0.6565000000000001 0.06301575393848458 0.09599999999999997
0 0.7931357839459865 0.6930000000000001 0.0753938484621155 0.08900000000000008
0 0.8370217554388597 0.61575 0.07389347336834207 0.10050000000000003
0 0.6671042760690172 0.53425 0.0708927231807952 0.08250000000000002
0 0.7351837959489873 0.5135000000000001 0.07351837959489871 0.09599999999999997
0 0.7620030007501876 0.569 0.07314328582145535 0.09199999999999997
0 0.778694673668417 0.46175 0.0682670667666917 0.08949999999999997
0 0.8210802700675168 0.52825 0.07651912978244557 0.09050000000000002
