0 0.0699549887471868 0.506 0.0708927231807952 0.07699999999999996
0 0.060952738184546135 0.595 0.0641410352588147 0.07499999999999996
0 0.11571642910727682 0.5700000000000001 0.058889722430607666 0.07900000000000007
0 0.16260315078769694 0.5487500000000001 0.07014253563390846 0.08550000000000002
0 0.23818454613653411 0.5395 0.07351837959489871 0.08099999999999996
0 0.2511252813203301 0.6395 0.06039009752438107 0.07900000000000007
0 0.33158289572393096 0.52125 0.060765191297824483 0.07550000000000007
0 0.3233308327081771 0.6 0.062265566391597915 0.07400000000000007
0 0.30963990997749435 0.6507499999999999 0.06114028507126784 0.0764999999999999
0 0.34921230307576895 0.72725 0.06226556639159786 0.07250000000000001
0 0.405476369092273 0.489 0.06301575393848463 0.07600000000000001
0 0.43698424606151537 0.53625 0.061515378844711144 0.08250000000000002
0 0.3968492123030758 0.62675 0.058514628657164336 0.07650000000000001
0 0.4103525881470368 0.698 0.058514628657164336 0.08399999999999996
0 0.4799324831207802 0.49550000000000005 0.06714178544636162 0.07500000000000001
0 0.5 0.5727500000000001 0.06376594148537129 0.07350000000000001
0 0.44879969992498125 0.63825 0.05738934733683421 0.07750000000000001
0 0.46155288822205554 0.7302500000000001 0.06339084771192799 0.08550000000000002
0 0.5067516879219806 0.671 0.05926481620405105 0.06999999999999995
0 0.5483870967741935 0.477 0.06076519129782454 0.07600000000000001
0 0.5607651912978244 0.55725 0.06226556639159786 0.07650000000000001
0 0.56695423855964 0.63425 0.061140285071267786 0.07850000000000001
0 0.5611402850712679 0.7215 0.06976744186046513 0.07499999999999996
0 0.6085896474118531 0.613 0.05738934733683421 0.07800000000000007
0 0.6114028507126782 0.50075 0.057764441110277565 0.08850000000000002
0 0.06976744186046512 0.42425 0.07051762940735185 0.08550000000000002
0 0.11459114778694673 0.38575000000000004 0.06564141035258814 0.08549999999999996
0 0.19411102775693923 0.374 0.06339084771192799 0.08499999999999996
0 0.18154538634658662 0.45749999999999996 0.06676669167291824 0.09799999999999998
0 0.2513128282070518 0.45099999999999996 0.06301575393848463 0.08500000000000002
0 0.2616279069767442 0.379 0.06564141035258814 0.09199999999999997
0 0.3100150037509377 0.44025000000000003 0.06489122280570142 0.08549999999999996
0 0.33214553638409605 0.35550000000000004 0.06264066016504127 0.08900000000000002
0 0.37040510127531884 0.42625 0.05813953488372092 0.07950000000000002
0 0.40491372843210804 0.35 0.0708927231807952 0.08400000000000002
0 0.44223555888972244 0.42375 0.06526631657914478 0.08650000000000002
0 0.4924981245311328 0.3795 0.06526631657914483 0.08999999999999997
0 0.5577644411102776 0.383 0.059264816204050996 0.07700000000000001
0 0.6067141785446362 0.41425 0.06189047261815461 0.08950000000000002
0 0.5860840210052514 0.29525 0.06789197299324823 0.08750000000000002
0 0.5641410352588148 0.20600000000000002 0.06901725431357841 0.097
0 0.4874343585896474 0.19124999999999998 0.0663915978994748 0.0865
0 0.5166916729182296 0.29700000000000004 0.061140285071267786 0.09000000000000002
0 0.4373593398349587 0.2585 0.06901725431357841 0.08299999999999999
0 0.3621530382595649 0.28 0.06789197299324828 0.095
0 0.2921980495123781 0.26675 0.0682670667666917 0.0915
0 0.22261815453863465 0.29375 0.06939234808702174 0.08250000000000002
0 0.15566391597899476 0.28725 0.0697674418604651 0.08750000000000002
0 0.18529632408102026 0.19474999999999998 0.07426856714178545 0.1005
0 0.2711927981995499 0.19074999999999998 0.0682670667666917 0.0945
0 0.30307576894223553 0.12725 0.06526631657914478 0.09149999999999998
0 0.36252813203300827 0.1045 0.07464366091522878 0.095
0 0.3505251312828207 0.1985 0.06489122280570142 0.07699999999999999
0 0.6817329332333083 0.15925 0.06864216054013506 0.09649999999999999
0 0.7642535633908477 0.21975 0.06864216054013506 0.09550000000000003
0 0.6421605401350338 0.2265 0.07351837959489882 0.09200000000000003
0 0.6513503375843961 0.32975 0.06639159789947491 0.09250000000000003
0 0.7205551387846962 0.31575 0.07126781695423856 0.09449999999999997
0 0.7955738934733683 0.3095 0.06676669167291827 0.07999999999999996
0 0.7865716429107277 0.39225 0.04726181545386354 0.08050000000000002
0 0.7479369842460615 0.39025 0.06601650412603155 0.07950000000000002
0 0.6783570892723181 0.39025 0.06339084771192804 0.08450000000000002
0 0.6836084021005251 0.47250000000000003 0.061140285071267786 0.07900000000000001
0 0.7475618904726182 0.485 0.06751687921980498 0.07299999999999995
0 0.8312078019504876 0.45175 0.06676669167291827 0.0655
0 0.8927231807951987 0.495 0.06976744186046513 0.07800000000000001
0 0.7942610652663166 0.51675 0.06639159789947491 0.07750000000000001
0 0.6581020255063765 0.53025 0.06789197299324823 0.07450000000000001
0 0.7308702175543886 0.5680000000000001 0.06414103525881465 0.07700000000000007
0 0.8282070517629407 0.5715 0.05851462865716428 0.08200000000000007
0 0.8842835708927232 0.59975 0.05738934733683421 0.07650000000000001
0 0.935483870967742 0.67375 0.06001500375093782 0.07650000000000001
0 0.8715303825956489 0.6719999999999999 0.06489122280570137 0.06700000000000006
0 0.7963240810202551 0.66125 0.05626406601650413 0.0734999999999999
0 0.7314328582145536 0.6234999999999999 0.06001500375093771 0.06399999999999995
0 0.6749812453113279 0.62225 0.06564141035258819 0.07450000000000001
0 0.6200300075018754 0.67825 0.05626406601650413 0.07350000000000001
0 0.6738559639909978 0.67825 0.055888972243060775 0.0645
