0 0.11721680420105027 0.45575 0.05963990997749437 0.07450000000000001
0 0.14009752438109527 0.51325 0.055138784696174045 0.0665
0 0.16522880720180044 0.46775 0.04763690922730682 0.07850000000000001
0 0.19036009002250565 0.524 0.04838709677419353 0.07700000000000001
0 0.22074268567141786 0.49350000000000005 0.055888972243060775 0.067
0 0.2021755438859715 0.4215 0.05026256564141035 0.066
0 0.24681170292573143 0.4365 0.05401350337584393 0.06699999999999995
0 0.27813203300825207 0.50075 0.048387096774193505 0.07250000000000001
0 0.1511627906976744 0.38725 0.05176294073518381 0.07150000000000001
0 0.09733683420855213 0.37575000000000003 0.053638409602400614 0.07649999999999996
0 0.12584396099024756 0.30325 0.04913728432108026 0.07450000000000001
0 0.15960240060015002 0.2575 0.058889722430607666 0.08099999999999999
0 0.1742310577644411 0.33199999999999996 0.052888222055513884 0.07700000000000001
0 0.21717929482370593 0.3745 0.05701425356339085 0.07599999999999996
0 0.23443360840210054 0.29825 0.05626406601650413 0.07450000000000001
0 0.22074268567141786 0.22575 0.04838709677419356 0.07450000000000001
0 0.29163540885221306 0.1775 0.05288822205551391 0.08199999999999999
0 0.28507126781695424 0.25125 0.059264816204050996 0.06849999999999998
0 0.3027006751687922 0.32075 0.057764441110277565 0.07150000000000001
0 0.27569392348087024 0.376 0.057014253563390876 0.06999999999999995
0 0.3325206301575394 0.39125 0.052888222055513856 0.07450000000000001
0 0.30701425356339085 0.44225 0.05813953488372092 0.0685
0 0.33983495873968494 0.503 0.05176294073518378 0.07499999999999996
0 0.31151537884471114 0.5555 0.05438859714928729 0.062000000000000055
0 0.2610652663165791 0.5562499999999999 0.05176294073518378 0.05149999999999999
0 0.21305326331582897 0.5922499999999999 0.049512378094523635 0.0615
0 0.14459864966241562 0.59175 0.05063765941485372 0.0674999999999999
0 0.16485371342835708 0.679 0.052888222055513884 0.07100000000000006
0 0.2601275318829708 0.69075 0.04838709677419356 0.0625
0 0.2659414853713428 0.6194999999999999 0.04351087771942985 0.05700000000000005
0 0.3117029257314329 0.62775 0.05626406601650413 0.0625
0 0.31020255063765945 0.688 0.04651162790697677 0.05599999999999994
0 0.35521380345086273 0.6765 0.051012753188297066 0.06800000000000006
0 0.3642160540135034 0.611 0.050262565641410406 0.06000000000000005
0 0.40678919729932483 0.66625 0.046886721680420074 0.0695
0 0.4472993248312078 0.6265000000000001 0.05213803450862714 0.05599999999999994
0 0.3705926481620405 0.5527500000000001 0.054013503375843985 0.055499999999999994
0 0.42441860465116277 0.569 0.051387846961740424 0.061999999999999944
0 0.44992498124531133 0.51675 0.05513878469617406 0.06450000000000006
0 0.4821830457614404 0.569 0.050637659414853764 0.07199999999999995
0 0.3809077269317329 0.46825 0.052888222055513856 0.057499999999999996
0 0.43267066766691675 0.44825 0.05063765941485371 0.07550000000000001
0 0.3912228057014253 0.401 0.053263315828957214 0.07400000000000001
0 0.363278319579895 0.3295 0.05288822205551391 0.07700000000000001
0 0.4167291822955739 0.318 0.053263315828957214 0.08299999999999996
0 0.3792198049512378 0.26025 0.05326331582895727 0.07949999999999999
0 0.35690172543135784 0.19 0.055888972243060775 0.08200000000000002
0 0.42610652663165793 0.20800000000000002 0.05401350337584393 0.08299999999999999
0 0.4769317329332333 0.16649999999999998 0.05588897224306072 0.087
0 0.47336834208552137 0.256 0.057764441110277565 0.07599999999999998
0 0.4585521380345086 0.38575 0.05363840960240063 0.0635
0 0.49118529632408103 0.32525 0.052888222055513856 0.07750000000000001
0 0.546324081020255 0.36025 0.05663915978994749 0.0665
0 0.5345086271567892 0.25625 0.0547636909227307 0.08049999999999999
0 0.5922730682670667 0.2675 0.06076519129782454 0.06999999999999998
0 0.5455738934733683 0.15875 0.05513878469617406 0.07750000000000001
0 0.6054013503375844 0.1825 0.06076519129782454 0.07800000000000001
0 0.6873593398349587 0.18075000000000002 0.061140285071267786 0.08149999999999999
0 0.7376219054763691 0.216 0.05438859714928734 0.08000000000000002
0 0.6944861215303826 0.26425 0.053638409602400516 0.08249999999999999
0 0.7646286571642911 0.29375 0.06339084771192804 0.09050000000000002
0 0.7179294823705926 0.32799999999999996 0.06601650412603155 0.07800000000000001
0 0.6513503375843961 0.32475 0.0611402850712679 0.07150000000000001
0 0.5993998499624906 0.35150000000000003 0.057764441110277565 0.07400000000000001
0 0.6280945236309077 0.40800000000000003 0.05663915978994749 0.069
0 0.5707051762940736 0.41625 0.055888972243060775 0.07550000000000001
0 0.5097524381095274 0.41425 0.05326331582895727 0.0665
0 0.49774943735933985 0.48 0.05326331582895727 0.055999999999999994
0 0.5532633158289573 0.4815 0.05176294073518384 0.06799999999999995
0 0.5300075018754689 0.54675 0.05176294073518384 0.07250000000000001
0 0.5823330832708178 0.54425 0.05513878469617406 0.0645
0 0.6037134283570893 0.46599999999999997 0.04988747186796694 0.064
0 0.6573518379594898 0.45875 0.050637659414853764 0.07250000000000001
0 0.7164291072768192 0.45899999999999996 0.05626406601650413 0.07
0 0.6862340585146287 0.39675 0.052138034508627196 0.07850000000000001
0 0.6363465866466617 0.52475 0.05513878469617395 0.06250000000000006
0 0.6875468867216804 0.51475 0.04726181545386354 0.0675
0 0.7426856714178545 0.5155000000000001 0.052513128282070554 0.05900000000000005
0 0.5241935483870968 0.6112500000000001 0.048387096774193505 0.0695
0 0.5740810202550638 0.6047499999999999 0.04763690922730679 0.0615
0 0.627344336084021 0.596 0.05138784696174048 0.06699999999999995
0 0.6757314328582145 0.58575 0.05363840960240063 0.0675
0 0.7269317329332333 0.58075 0.05176294073518384 0.058499999999999996
0 0.7792573143285821 0.5855 0.04913728432108022 0.06800000000000006
0 0.7968867216804201 0.51625 0.044636159039759926 0.06550000000000006
0 0.8364591147786946 0.5667500000000001 0.05176294073518373 0.0635
0 0.7755063765941486 0.45225 0.05513878469617406 0.0625
0 0.744748687171793 0.39275 0.05138784696174048 0.07550000000000001
0 0.8019504876219055 0.35225 0.06076519129782443 0.07350000000000001
0 0.8505251312828208 0.361 0.05663915978994749 0.07300000000000001
0 0.8750937734433608 0.4225 0.046511627906976716 0.08200000000000002
0 0.8285821455363841 0.4385 0.05851462865716428 0.06799999999999995
0 0.8524006001500375 0.49550000000000005 0.046886721680420074 0.07300000000000001
0 0.8769692423105777 0.54125 0.050262565641410295 0.0645
0 0.9127906976744187 0.47625 0.05663915978994749 0.07150000000000001
0 0.9501125281320331 0.44325 0.045011252813203284 0.0665
