0 0.2809452363090773 0.25175000000000003 0.09002250562640662 0.1285
0 0.3715303825956489 0.3375 0.09189797449362336 0.118
0 0.4375468867216804 0.34775 0.07389347336834207 0.10850000000000004
0 0.47093023255813954 0.248 0.07764441110277576 0.10499999999999998
0 0.1693548387096774 0.3615 0.09789947486871718 0.123
0 0.2721305326331583 0.36675 0.0888972243060765 0.10149999999999998
0 0.1569767441860465 0.48324999999999996 0.09939984996249063 0.11449999999999999
0 0.24587396849212304 0.48150000000000004 0.09189797449362341 0.11500000000000005
0 0.33589647411852963 0.447 0.09414853713428362 0.09999999999999998
0 0.1926106526631658 0.5800000000000001 0.08214553638409602 0.10599999999999998
0 0.27494373593398347 0.5745 0.0832708177044261 0.09600000000000009
0 0.23218304576144036 0.704 0.08177044261065264 0.10699999999999998
0 0.3027006751687922 0.7585 0.08627156789197299 0.08999999999999997
0 0.3929107276819205 0.7925 0.08364591147786948 0.09499999999999997
0 0.4516129032258065 0.8315 0.07726931732933234 0.08099999999999996
0 0.5091897974493623 0.7875000000000001 0.0641410352588147 0.08199999999999996
0 0.47336834208552137 0.71 0.07351837959489876 0.09099999999999997
0 0.5440735183795948 0.7070000000000001 0.0663915978994748 0.08599999999999997
0 0.33795948987246816 0.6227499999999999 0.0802700675168792 0.08950000000000002
0 0.413165791447862 0.64125 0.07464366091522878 0.09250000000000003
0 0.4844336084021006 0.59975 0.07464366091522884 0.08050000000000002
0 0.4347336834208552 0.53825 0.06901725431357841 0.08850000000000002
0 0.3589647411852963 0.54525 0.08552138034508627 0.08650000000000002
0 0.41972993248312074 0.4685 0.0802700675168792 0.09700000000000003
0 0.4876219054763691 0.42974999999999997 0.0705176294073519 0.10149999999999998
0 0.5131282820705176 0.5225 0.07426856714178548 0.09499999999999997
0 0.5635783945986497 0.6227499999999999 0.07164291072768192 0.09150000000000003
0 0.6337209302325582 0.59075 0.07239309827456863 0.08749999999999991
0 0.7018004501125281 0.6025 0.07051762940735185 0.08499999999999996
0 0.5840210052513128 0.509 0.07126781695423856 0.08600000000000002
0 0.6804201050262566 0.53375 0.07126781695423856 0.09150000000000003
0 0.746436609152288 0.5365 0.06001500375093771 0.08899999999999997
0 0.7278694673668418 0.46075 0.06339084771192793 0.08850000000000002
0 0.5693923480870218 0.42974999999999997 0.07501875468867214 0.09749999999999998
0 0.6370967741935484 0.44525000000000003 0.06414103525881476 0.09649999999999997
0 0.5390097524381094 0.351 0.07651912978244557 0.10400000000000004
0 0.613278319579895 0.352 0.07126781695423856 0.10300000000000004
0 0.6624156039009752 0.34725 0.046511627906976716 0.0685
0 0.7781320330082521 0.4545 0.05513878469617395 0.08100000000000002
0 0.7741935483870968 0.3805 0.06676669167291827 0.09699999999999998
0 0.7404351087771943 0.28600000000000003 0.07276819204801199 0.09500000000000003
0 0.65847711927982 0.28200000000000003 0.07239309827456863 0.08500000000000002
0 0.5615153788447111 0.2405 0.07651912978244557 0.09999999999999998
0 0.6575393848462115 0.20074999999999998 0.0817704426106527 0.11050000000000001
0 0.5403225806451613 0.15025 0.08289572393098277 0.1185
