0 0.14966241560390098 0.30925 0.057764441110277565 0.07649999999999996
0 0.20348837209302326 0.2255 0.05513878469617406 0.08700000000000002
0 0.25993998499624904 0.24574999999999997 0.06676669167291824 0.07949999999999999
0 0.27831957989497375 0.16699999999999998 0.06151537884471117 0.08299999999999999
0 0.3388972243060765 0.18075 0.05963990997749441 0.07950000000000002
0 0.3162040510127532 0.263 0.05626406601650413 0.092
0 0.29182295573893474 0.32975 0.061515378844711144 0.08350000000000002
0 0.33420855213803446 0.384 0.0615153788447112 0.07600000000000001
0 0.27813203300825207 0.41000000000000003 0.059639909977494354 0.07500000000000001
0 0.2171792948237059 0.40800000000000003 0.060765191297824456 0.08600000000000002
0 0.15472618154538637 0.42974999999999997 0.058889722430607666 0.07849999999999996
0 0.42198049512378094 0.16749999999999998 0.061515378844711144 0.087
0 0.42704426106526633 0.243 0.05663915978994749 0.08499999999999996
0 0.49531132783195797 0.23075 0.06114028507126784 0.08050000000000002
0 0.5551387846961741 0.15375 0.06526631657914472 0.09050000000000001
0 0.6260315078769693 0.16699999999999998 0.06226556639159786 0.086
0 0.7237434358589647 0.1495 0.05888972243060764 0.06999999999999999
0 0.7846961740435108 0.16575 0.07051762940735185 0.08049999999999999
0 0.8908477119279821 0.2485 0.06226556639159797 0.08199999999999999
0 0.7901350337584396 0.29425 0.0618904726181545 0.07950000000000002
0 0.8692798199549887 0.34099999999999997 0.06039009752438107 0.07700000000000001
0 0.7226181545386346 0.314 0.05138784696174037 0.07599999999999996
0 0.6363465866466618 0.254 0.05813953488372092 0.08099999999999999
0 0.573330832708177 0.25675 0.04988747186796705 0.07749999999999999
0 0.5481995498874719 0.3285 0.05888972243060764 0.08600000000000002
0 0.4786196549137284 0.33999999999999997 0.05551387846961736 0.08700000000000002
0 0.4062265566391598 0.31625000000000003 0.06076519129782443 0.07849999999999996
0 0.4182295573893473 0.4075 0.06526631657914478 0.07200000000000001
0 0.3750937734433608 0.45375 0.05776444111027762 0.07850000000000001
0 0.3117029257314329 0.4755 0.0615153788447112 0.07599999999999996
0 0.24399849962490622 0.501 0.05813953488372092 0.07099999999999995
0 0.18548387096774194 0.5065000000000001 0.05513878469617406 0.07700000000000001
0 0.17966991747936983 0.58525 0.05026256564141035 0.07350000000000001
0 0.24381095273818454 0.6032500000000001 0.05626406601650413 0.07150000000000001
0 0.2950112528132033 0.589 0.051387846961740424 0.08099999999999996
0 0.2175543885971493 0.6645 0.05626406601650413 0.06000000000000005
0 0.23837209302325582 0.7295 0.05063765941485371 0.06999999999999995
0 0.3036384096024006 0.6559999999999999 0.05063765941485371 0.07199999999999995
0 0.30007501875468867 0.7255 0.054013503375843985 0.06399999999999995
0 0.36684171042760694 0.73675 0.05401350337584393 0.0675
0 0.36177794448612155 0.65325 0.05513878469617406 0.07250000000000001
0 0.4167291822955739 0.63275 0.04876219054763692 0.07250000000000001
0 0.3664666166541635 0.55525 0.05701425356339085 0.0685
0 0.4251687921980495 0.50875 0.06264066016504127 0.07750000000000001
0 0.468304576144036 0.522 0.055138784696174004 0.06800000000000006
0 0.4767441860465116 0.44425 0.049512378094523635 0.0685
0 0.5337584396099024 0.395 0.04951237809452358 0.07600000000000001
0 0.5328207051762941 0.46125 0.04988747186796694 0.0615
0 0.578019504876219 0.42975 0.05701425356339085 0.07150000000000001
0 0.6177794448612153 0.32675 0.05176294073518384 0.07450000000000001
0 0.6678544636159041 0.3215 0.05438859714928734 0.07600000000000001
0 0.6269692423105777 0.396 0.05138784696174048 0.069
0 0.6747936984246061 0.39725 0.05176294073518384 0.0615
0 0.7471867966991748 0.38649999999999995 0.05326331582895727 0.07600000000000001
0 0.6190922730682671 0.45875 0.05438859714928734 0.07350000000000001
0 0.5735183795948988 0.5135000000000001 0.04426106526631657 0.06500000000000006
0 0.5320705176294074 0.5509999999999999 0.04613653413353336 0.06999999999999995
0 0.5718304576144035 0.57925 0.05138784696174048 0.0665
0 0.4684921230307577 0.5945 0.05701425356339085 0.06499999999999995
0 0.45461365341335336 0.66575 0.04876219054763692 0.0625
0 0.4157914478619655 0.70575 0.046886721680420074 0.0685
0 0.4279819954988747 0.7702500000000001 0.04801200300075015 0.0675
0 0.4714928732183046 0.79475 0.04801200300075015 0.07250000000000001
0 0.472993248312078 0.72625 0.0480120030007502 0.0685
0 0.5090022505626406 0.68675 0.04876219054763686 0.07150000000000001
0 0.528694673668417 0.7505 0.059639909977494354 0.05900000000000005
0 0.568642160540135 0.77775 0.048762190547636974 0.0625
0 0.5703300825206301 0.71325 0.05438859714928734 0.0685
0 0.5168792198049512 0.6174999999999999 0.04876219054763692 0.06500000000000006
0 0.5663915978994749 0.64625 0.04801200300075015 0.0605
0 0.6115903975993998 0.64825 0.04763690922730679 0.0685
0 0.620217554388597 0.69825 0.055888972243060775 0.0605
0 0.6142160540135033 0.77 0.04613653413353347 0.06400000000000006
0 0.6033383345836458 0.83175 0.05138784696174048 0.055499999999999994
0 0.548762190547637 0.8420000000000001 0.05101275318829701 0.05900000000000005
0 0.654913728432108 0.80425 0.04801200300075026 0.0625
0 0.6914853713428357 0.856 0.04913728432108022 0.06000000000000005
0 0.7366841710427607 0.8734999999999999 0.05251312828207044 0.06399999999999995
0 0.6712303075768942 0.7397499999999999 0.04988747186796705 0.0615
0 0.7033008252063015 0.7035 0.05101275318829712 0.05699999999999994
0 0.7259939984996249 0.78175 0.04913728432108033 0.06649999999999989
0 0.7593773443360841 0.77275 0.04538634658664664 0.0675
0 0.7543135783945987 0.71375 0.04801200300075015 0.0625
0 0.6579144786196549 0.6367499999999999 0.05626406601650413 0.0675
0 0.6324081020255063 0.5715 0.05326331582895727 0.06499999999999995
0 0.6603525881470367 0.499 0.05663915978994749 0.07
0 0.687171792948237 0.5720000000000001 0.052513128282070554 0.07100000000000006
0 0.7046136534133534 0.46575 0.05513878469617406 0.07349999999999995
0 0.7325581395348837 0.5185 0.05551387846961742 0.06500000000000006
0 0.7548762190547638 0.45499999999999996 0.04913728432108033 0.08100000000000002
0 0.7991372843210802 0.49250000000000005 0.04913728432108033 0.069
0 0.8244561140285072 0.43574999999999997 0.052513128282070554 0.07549999999999996
0 0.8493998499624906 0.49250000000000005 0.053638409602400516 0.056999999999999995
0 0.8824081020255063 0.4365 0.055888972243060775 0.06699999999999995
0 0.9019129782445612 0.50525 0.05138784696174048 0.06750000000000006
0 0.9478619654913729 0.4485 0.04426106526631657 0.068
0 0.962490622655664 0.518 0.04801200300075015 0.07600000000000007
0 0.9221680420105026 0.5680000000000001 0.043135783945986494 0.06300000000000006
0 0.8317704426106527 0.5449999999999999 0.052138034508627196 0.06700000000000006
0 0.8775318829707426 0.60775 0.05513878469617406 0.0675
0 0.7824456114028507 0.5795 0.04951237809452369 0.06899999999999995
0 0.731807951987997 0.5895 0.05176294073518384 0.06499999999999995
0 0.7680045011252814 0.645 0.05663915978994749 0.05600000000000005
0 0.8083270817704427 0.6859999999999999 0.05251312828207044 0.06500000000000006
0 0.8244561140285072 0.628 0.052513128282070554 0.06499999999999995
0 0.8657164291072768 0.67575 0.04426106526631657 0.0685
0 0.8589647411852963 0.74225 0.048762190547636974 0.0685
0 0.8248312078019505 0.7889999999999999 0.05326331582895727 0.05900000000000005
