0 0.16166541635408851 0.58125 0.11927981995498875 0.11649999999999994
0 0.13653413353338334 0.6885 0.10652663165791447 0.121
0 0.22186796699174793 0.764 0.09864966241560391 0.127
0 0.3177044261065266 0.81 0.10202550637659419 0.12
0 0.41522880720180044 0.82725 0.09002250562640657 0.10449999999999993
0 0.5060015003750937 0.871 0.09752438109527384 0.124
0 0.5963990997749438 0.87175 0.08777194298574642 0.10650000000000004
0 0.290510127531883 0.6435 0.10090022505626409 0.12
0 0.27063015753938485 0.53775 0.10465116279069767 0.12950000000000006
0 0.3777194298574644 0.54625 0.10427606901725428 0.1395
0 0.39197299324831203 0.67725 0.09302325581395349 0.12050000000000005
0 0.47486871717929485 0.7190000000000001 0.0960240060015004 0.12
0 0.5622655663915979 0.73675 0.08927231807951985 0.10749999999999993
0 0.672543135783946 0.76025 0.09002250562640657 0.11349999999999993
0 0.6680420105026257 0.8282499999999999 0.08552138034508627 0.07550000000000001
0 0.7597524381095273 0.867 0.08139534883720934 0.1080000000000001
0 0.8396474118529633 0.8342499999999999 0.08139534883720934 0.09649999999999992
0 0.7443735933983496 0.74525 0.07389347336834207 0.10250000000000004
0 0.8188297074268567 0.7072499999999999 0.08777194298574642 0.11249999999999993
0 0.909039759939985 0.7484999999999999 0.08064516129032251 0.12100000000000011
0 0.8767816954238559 0.6207499999999999 0.0843960990247562 0.11350000000000005
0 0.7826331582895725 0.5885 0.07764441110277576 0.119
0 0.7261815453863466 0.653 0.09002250562640657 0.09899999999999998
0 0.6521005251312828 0.61625 0.09564891222805705 0.10849999999999993
0 0.5590772693173294 0.62925 0.08739684921230306 0.12050000000000005
0 0.45386346586646664 0.591 0.09077269317329334 0.128
0 0.2788822205551388 0.39375000000000004 0.09639909977494374 0.11349999999999999
0 0.34508627156789196 0.30525 0.09677419354838707 0.1335
0 0.42760690172543137 0.41425 0.1005251312828207 0.1245
0 0.5075018754688672 0.4825 0.09452363090772697 0.128
0 0.4283570892723181 0.1435 0.09452363090772697 0.134
0 0.43698424606151537 0.27999999999999997 0.09752438109527384 0.143
0 0.5009377344336083 0.341 0.08589647411852963 0.13
0 0.5962115528882221 0.4195 0.09189797449362336 0.118
0 0.6702925731432858 0.504 0.09152288072018 0.11600000000000005
0 0.7353713428357089 0.51775 0.06339084771192804 0.1195
0 0.8587771942985747 0.50275 0.08364591147786948 0.11850000000000005
0 0.7074268567141786 0.39325 0.08402100525131273 0.10849999999999999
0 0.7790697674418605 0.398 0.07051762940735185 0.125
0 0.5300075018754689 0.21575 0.1072768192048012 0.1445
0 0.6067141785446362 0.28875 0.0978994748687172 0.13549999999999998
0 0.6551012753188297 0.18025 0.08289572393098277 0.1295
0 0.7207426856714179 0.2735 0.09489872468117033 0.12800000000000003
0 0.722993248312078 0.11249999999999999 0.08814703675918978 0.126
0 0.8135783945986497 0.25675000000000003 0.09302325581395343 0.1355
