0 0.28319579894973745 0.19475 0.0900225056264066 0.1275
0 0.25056264066016504 0.30574999999999997 0.09377344336084023 0.1255
0 0.1723555888972243 0.371 0.08739684921230306 0.11499999999999999
0 0.11477869467366841 0.47575 0.08402100525131283 0.10749999999999998
0 0.15341335333833458 0.611 0.08927231807951987 0.11399999999999999
0 0.20817704426106526 0.5105 0.08402100525131281 0.11299999999999993
0 0.24099774943735933 0.65225 0.08064516129032256 0.10850000000000004
0 0.3098274568642161 0.7442500000000001 0.08927231807951991 0.10350000000000004
0 0.3477119279819955 0.80175 0.08477119279819956 0.09850000000000003
0 0.39403600900225055 0.75 0.0911477869467367 0.10400000000000009
0 0.43060765191297823 0.8107500000000001 0.0750187546886722 0.09750000000000003
0 0.5296324081020255 0.83725 0.0817704426106527 0.09249999999999992
0 0.6423480870217555 0.843 0.0843960990247562 0.08799999999999997
0 0.572205551387847 0.73125 0.0618904726181545 0.07950000000000002
0 0.7113653413353338 0.797 0.06714178544636162 0.10299999999999998
0 0.7790697674418605 0.73475 0.06751687921980498 0.10349999999999993
0 0.8291447861965491 0.661 0.07839459864966247 0.10299999999999998
0 0.8829707426856714 0.625 0.07126781695423856 0.09800000000000009
0 0.8027006751687922 0.43825000000000003 0.08102025506376598 0.09649999999999997
0 0.7831957989497373 0.5405 0.07576894223555886 0.10800000000000004
0 0.7164291072768192 0.60975 0.08402100525131284 0.11250000000000004
0 0.687171792948237 0.718 0.07201800450112528 0.10099999999999998
0 0.613278319579895 0.61575 0.07951987996999255 0.09950000000000003
0 0.5461365341335334 0.707 0.08852213053263314 0.11299999999999999
0 0.4465491372843211 0.6475 0.09039759939984998 0.10599999999999998
0 0.35502625656414105 0.6287499999999999 0.08814703675918978 0.09550000000000003
0 0.2903225806451613 0.554 0.08852213053263316 0.11700000000000005
0 0.2666916729182296 0.4195 0.09152288072018006 0.10999999999999999
0 0.33570892723180795 0.36924999999999997 0.09527381845461369 0.1225
0 0.3784696174043511 0.23199999999999998 0.08852213053263314 0.12099999999999997
0 0.48537134283570893 0.22799999999999998 0.08627156789197299 0.11599999999999996
0 0.44354838709677424 0.3345 0.0776444111027757 0.119
0 0.4021005251312828 0.43274999999999997 0.09452363090772692 0.11449999999999999
0 0.42104276069017255 0.54925 0.0888972243060765 0.10949999999999999
0 0.49268567141785446 0.5345 0.07764441110277565 0.08200000000000002
0 0.6515378844711177 0.5375 0.08177044261065258 0.10000000000000003
0 0.5819579894973743 0.50975 0.08064516129032262 0.1215
0 0.6650412603150788 0.448 0.09152288072018011 0.11199999999999999
0 0.7319954988747187 0.45999999999999996 0.06864216054013506 0.11099999999999993
0 0.7376219054763691 0.3435 0.08139534883720922 0.09500000000000003
0 0.6701050262565642 0.30474999999999997 0.08589647411852963 0.10549999999999998
0 0.5866466616654163 0.25225 0.09452363090772686 0.1245
0 0.5598274568642161 0.369 0.09339834958739679 0.123
0 0.494748687171793 0.4465 0.09302325581395349 0.11099999999999999
0 0.4722430607651913 0.7255 0.07651912978244563 0.08599999999999997
