0 0.05738934733683421 0.6052500000000001 0.039759939984996245 0.04349999999999998
0 0.06639159789947487 0.655 0.042010502625656414 0.04300000000000004
0 0.09714928732183045 0.6765 0.03675918979744937 0.038999999999999924
0 0.10971492873218305 0.73325 0.03638409602400601 0.035499999999999976
0 0.14984996249062266 0.71025 0.03413353338334585 0.045499999999999985
0 0.1511627906976744 0.6765 0.04351087771942985 0.038999999999999924
0 0.12809452363090773 0.66625 0.03188297074268566 0.046499999999999986
0 0.11196549137284321 0.6305000000000001 0.03188297074268567 0.03799999999999992
0 0.13728432108027006 0.63375 0.03525881470367591 0.04149999999999998
0 0.10577644411102777 0.6 0.03450862715678919 0.04200000000000004
0 0.08552138034508627 0.5385 0.03600900225056264 0.04700000000000004
0 0.11515378844711177 0.556 0.03600900225056264 0.04999999999999993
0 0.14216054013503376 0.5805 0.03600900225056264 0.04200000000000004
0 0.18173293323330833 0.6507499999999999 0.03413353338334585 0.04149999999999998
0 0.1888597149287322 0.69425 0.03113278319579893 0.04949999999999999
0 0.11646661665416354 0.479 0.04088522130532632 0.045999999999999985
0 0.12359339834958738 0.50225 0.03488372093023255 0.03350000000000003
0 0.14516129032258066 0.51525 0.03600900225056264 0.04049999999999998
0 0.1569767441860465 0.4585 0.03713428357089271 0.04999999999999999
0 0.16954238559639911 0.544 0.035258814703675895 0.04300000000000004
0 0.18998499624906226 0.59875 0.034883720930232565 0.046499999999999986
0 0.18735933983495873 0.39525 0.036384096024006024 0.04849999999999999
0 0.2010502625656414 0.443 0.028507126781695424 0.04800000000000004
0 0.18360840210052515 0.47925 0.03488372093023254 0.045499999999999985
0 0.19279819954988747 0.52075 0.03450862715678921 0.04149999999999998
0 0.21474118529632408 0.487 0.0401350337584396 0.04699999999999993
0 0.2231807951987997 0.521 0.036009002250562666 0.040000000000000036
0 0.2061140285071268 0.5567500000000001 0.033383345836459105 0.04149999999999998
0 0.2441860465116279 0.5622499999999999 0.038259564891222814 0.045499999999999985
0 0.2348087021755439 0.57875 0.03375843960990246 0.03849999999999998
0 0.2391222805701425 0.6285000000000001 0.0401350337584396 0.041999999999999926
0 0.24212303075768943 0.6595 0.03188297074268567 0.039000000000000035
0 0.26987996999249814 0.6917500000000001 0.03113278319579893 0.04349999999999998
0 0.29369842460615153 0.64525 0.03150787696924229 0.03049999999999997
0 0.2912603150787697 0.6275 0.03563390847711928 0.04399999999999993
0 0.32576894223555886 0.68075 0.034883720930232565 0.04349999999999998
0 0.2888222055513878 0.5847500000000001 0.0390097524381095 0.04749999999999999
0 0.2803825956489122 0.53325 0.036384096024005996 0.04249999999999998
0 0.23762190547636908 0.37224999999999997 0.03938484621155289 0.04550000000000004
0 0.23687171792948236 0.41625 0.037884471117779456 0.04849999999999999
0 0.2556264066016504 0.4535 0.03488372093023254 0.04799999999999999
0 0.28319579894973745 0.476 0.03600900225056264 0.044999999999999984
0 0.2820705176294074 0.44225000000000003 0.03375843960990249 0.04450000000000004
0 0.2700675168792198 0.34650000000000003 0.03750937734433607 0.04899999999999999
0 0.2996999249812453 0.3305 0.03975993998499627 0.046999999999999986
0 0.28113278319579893 0.38 0.03788447111777943 0.049000000000000044
0 0.3160165041260315 0.381 0.04013503375843963 0.04500000000000004
0 0.3124531132783196 0.41125 0.03525881470367592 0.045499999999999985
0 0.31470367591897974 0.48275 0.03825956489122284 0.04349999999999993
0 0.3396474118529632 0.44999999999999996 0.03338334583645913 0.044999999999999984
0 0.3332708177044261 0.524 0.034883720930232565 0.04200000000000004
0 0.32314328582145535 0.577 0.038634658664666144 0.04500000000000004
0 0.33477119279819956 0.6275 0.03563390847711928 0.04399999999999993
0 0.37265566391597904 0.638 0.036384096024005996 0.038000000000000034
0 0.36102775693923483 0.60825 0.03938484621155286 0.04149999999999998
0 0.355026256564141 0.56475 0.036384096024005996 0.04249999999999998
0 0.3614028507126782 0.48150000000000004 0.03563390847711928 0.04099999999999998
0 0.3777194298574643 0.52925 0.036759189797449354 0.04849999999999999
0 0.395536384096024 0.57975 0.03413353338334585 0.04349999999999998
0 0.39122280570142537 0.6085 0.02925731432858214 0.03300000000000003
0 0.4221680420105026 0.6365000000000001 0.031882970742685646 0.04500000000000004
0 0.4251687921980495 0.6047499999999999 0.0318829707426857 0.045499999999999985
0 0.45630157539384847 0.6435 0.031882970742685646 0.041999999999999926
0 0.4883720930232558 0.6525000000000001 0.03300825206301572 0.04300000000000004
0 0.36759189797449365 0.269 0.04126031507876965 0.046999999999999986
0 0.3548387096774194 0.32599999999999996 0.03750937734433607 0.046999999999999986
0 0.36365341335333834 0.3735 0.04013503375843963 0.04300000000000004
0 0.363278319579895 0.41400000000000003 0.037884471117779484 0.04799999999999999
0 0.38297074268567144 0.44625000000000004 0.036759189797449354 0.038500000000000034
0 0.39328582145536384 0.306 0.03263315828957236 0.049000000000000044
0 0.3925356339084771 0.3675 0.03338334583645908 0.04300000000000004
0 0.4096024006001501 0.41200000000000003 0.03600900225056264 0.046999999999999986
0 0.42685671417854465 0.45775 0.038259564891222786 0.04249999999999998
0 0.40416354088522133 0.494 0.03713428357089271 0.04800000000000004
0 0.4154163540885222 0.54125 0.03563390847711928 0.04749999999999999
0 0.4444861215303826 0.55775 0.03600900225056264 0.05149999999999999
0 0.4698049512378094 0.5902499999999999 0.03338334583645913 0.04050000000000009
0 0.4966241560390098 0.60025 0.03150787696924234 0.04749999999999999
0 0.5249437359339835 0.6225 0.031882970742685646 0.04500000000000004
0 0.44223555888972244 0.507 0.03450862715678921 0.04600000000000004
0 0.45967741935483875 0.4755 0.03338334583645913 0.051999999999999935
0 0.43979744936234055 0.41525 0.03338334583645913 0.04949999999999999
0 0.43623405851462865 0.36824999999999997 0.03675918979744941 0.04850000000000004
0 0.4246061515378845 0.31375 0.03975993998499622 0.05450000000000005
0 0.41710427606901723 0.26875 0.038259564891222786 0.045499999999999985
0 0.45198799699924985 0.2845 0.03750937734433607 0.04999999999999999
0 0.4703675918979745 0.32825 0.03450862715678921 0.04849999999999999
0 0.4988747186796699 0.2505 0.036759189797449354 0.048000000000000015
0 0.46886721680420107 0.36675 0.036759189797449354 0.04749999999999999
0 0.5241935483870968 0.3015 0.03338334583645908 0.04999999999999999
0 0.5105026256564141 0.36050000000000004 0.033008252063015775 0.04299999999999998
0 0.5315078769692423 0.3405 0.030757689422355572 0.046999999999999986
0 0.5009377344336083 0.40525 0.03338334583645908 0.046499999999999986
0 0.46811702925731435 0.437 0.03525881470367592 0.04800000000000004
0 0.47843210802700675 0.499 0.03113278319579893 0.046999999999999986
0 0.4838709677419355 0.54625 0.030757689422355572 0.044499999999999984
0 0.5031882970742685 0.562 0.028882220555138782 0.041999999999999926
0 0.5045011252813203 0.45525 0.03450862715678926 0.046499999999999986
0 0.5146286571642911 0.48750000000000004 0.03600900225056258 0.03899999999999998
0 0.5256939234808702 0.5335 0.037884471117779484 0.04400000000000004
0 0.5360090022505626 0.56625 0.0315078769692424 0.044499999999999984
0 0.5431357839459865 0.59625 0.03150787696924229 0.03749999999999998
0 0.568642160540135 0.61875 0.03525881470367587 0.04249999999999998
0 0.5969617404351089 0.59875 0.03413353338334579 0.04150000000000009
0 0.5354463615903976 0.39975 0.03263315828957247 0.046499999999999986
0 0.5352588147036759 0.45099999999999996 0.03525881470367598 0.05099999999999999
0 0.5495123780945237 0.5015 0.03300825206301583 0.045999999999999985
0 0.5660165041260314 0.5297499999999999 0.033758439609902546 0.045499999999999985
0 0.56695423855964 0.33175 0.030382595648912214 0.04849999999999999
0 0.5688297074268567 0.38525 0.035633908477119225 0.040500000000000036
0 0.5755813953488372 0.42425 0.03638409602400605 0.04749999999999999
0 0.5677044261065267 0.47125 0.03113278319579893 0.04349999999999998
0 0.5828957239309828 0.501 0.032258064516129004 0.04099999999999998
0 0.5982745686421606 0.5347500000000001 0.02925731432858214 0.04349999999999998
0 0.6129032258064516 0.61975 0.030757689422355572 0.03949999999999998
0 0.631470367591898 0.659 0.028882220555138782 0.04400000000000004
0 0.6622280570142536 0.69075 0.03263315828957236 0.034499999999999975
0 0.6841710427606902 0.6755 0.024756189047261845 0.040999999999999925
0 0.7139909977494374 0.683 0.02588147036759192 0.03500000000000003
0 0.7113653413353338 0.71025 0.030382595648912214 0.034500000000000086
0 0.672543135783946 0.644 0.02775693923480871 0.040999999999999925
0 0.6556639159789948 0.6092500000000001 0.030757689422355572 0.04349999999999998
0 0.6316579144786196 0.58725 0.033758439609902435 0.04050000000000009
0 0.626219054763691 0.5505 0.029632408102025498 0.04400000000000004
0 0.6005251312828207 0.45975 0.033758439609902435 0.04249999999999998
0 0.6181545386346586 0.473 0.02775693923480871 0.044999999999999984
0 0.5253188297074269 0.268 0.02588147036759192 0.03899999999999998
0 0.6232183045761441 0.3205 0.031882970742685646 0.046999999999999986
0 0.6307201800450113 0.29600000000000004 0.03113278319579893 0.034999999999999976
0 0.604463615903976 0.35675 0.031882970742685646 0.044499999999999984
0 0.6342835708927232 0.35 0.0315078769692424 0.04099999999999998
0 0.6055888972243061 0.397 0.03338334583645919 0.045999999999999985
0 0.6207801950487621 0.38775 0.028507126781695424 0.046499999999999986
0 0.6506001500375094 0.3675 0.03188297074268576 0.04600000000000004
0 0.6731057764441111 0.34075 0.031882970742685646 0.045499999999999985
0 0.6295948987246811 0.4335 0.03338334583645908 0.04500000000000004
0 0.6641035258814704 0.43474999999999997 0.03188297074268576 0.04450000000000004
0 0.6417854463615904 0.47075 0.030757689422355572 0.04049999999999998
0 0.6445986496624156 0.5115000000000001 0.031882970742685646 0.04500000000000004
0 0.6646661665416354 0.5660000000000001 0.03300825206301583 0.04500000000000004
0 0.6680420105026257 0.519 0.028507126781695424 0.040000000000000036
0 0.6762940735183796 0.48725 0.033758439609902546 0.04149999999999998
0 0.6984246061515379 0.56025 0.027006751687921993 0.03849999999999998
0 0.6881095273818454 0.60075 0.03263315828957236 0.04249999999999998
0 0.7031132783195799 0.63375 0.029632408102025498 0.03949999999999998
0 0.7271192798199551 0.6125 0.025131282820705203 0.041999999999999926
0 0.722430607651913 0.5780000000000001 0.02775693923480871 0.04500000000000004
0 0.713615903975994 0.5255000000000001 0.03263315828957236 0.039000000000000035
0 0.7038634658664666 0.49424999999999997 0.029632408102025498 0.04249999999999998
0 0.6899849962490623 0.4455 0.03113278319579893 0.046999999999999986
0 0.6794823705926482 0.39825 0.03338334583645919 0.03949999999999998
0 0.6899849962490623 0.36924999999999997 0.028132033008252066 0.04250000000000004
0 0.7138034508627157 0.371 0.02775693923480871 0.04300000000000004
0 0.7102400600150038 0.41400000000000003 0.030382595648912214 0.03999999999999998
0 0.7181170292573142 0.44875 0.028882220555138782 0.04249999999999998
0 0.7415603900975244 0.48924999999999996 0.030007501875468856 0.04249999999999993
0 0.7379969992498125 0.54375 0.029632408102025498 0.046499999999999986
0 0.754688672168042 0.585 0.027006751687921993 0.038000000000000034
0 0.766504126031508 0.6425000000000001 0.029632408102025498 0.03700000000000003
0 0.7798199549887472 0.612 0.030757689422355572 0.03600000000000003
0 0.7785071267816954 0.57575 0.02738184546136524 0.03249999999999997
0 0.7586271567891973 0.5367500000000001 0.025131282820705203 0.035499999999999976
0 0.7680045011252814 0.50675 0.028882220555138782 0.038500000000000034
0 0.8028882220555138 0.55075 0.028882220555138782 0.04249999999999998
0 0.8008252063015754 0.50875 0.02775693923480871 0.03949999999999998
0 0.7513128282070518 0.4545 0.02925731432858214 0.034999999999999976
0 0.7906976744186046 0.47325 0.028507126781695424 0.044499999999999984
0 0.8115153788447111 0.46975 0.024381095273818487 0.04249999999999998
0 0.7515003750937734 0.42600000000000005 0.034133533383345904 0.045999999999999985
0 0.7841335333833459 0.42025 0.025131282820705203 0.03949999999999998
0 0.8008252063015754 0.43325 0.024756189047261845 0.038500000000000034
0 0.8330832708177044 0.42774999999999996 0.030007501875468856 0.03450000000000003
0 0.8486496624156039 0.4 0.025131282820705092 0.04299999999999998
0 0.8094523630907726 0.393 0.03450862715678926 0.04199999999999998
0 0.7186796699174793 0.32375 0.02775693923480871 0.046499999999999986
0 0.7387471867966993 0.3275 0.026631657914478635 0.04099999999999998
0 0.7348087021755438 0.26675 0.030757689422355683 0.04249999999999998
0 0.7591897974493623 0.35775 0.030757689422355572 0.03849999999999998
0 0.8023255813953488 0.35750000000000004 0.03150787696924229 0.03799999999999998
0 0.7818829707426858 0.3125 0.030382595648912214 0.04200000000000004
0 0.8208927231807952 0.32975 0.02738184546136524 0.04149999999999998
