0 0.47936984246061515 0.02675 0.041260315078769705 0.0515
0 0.45573893473368343 0.08299999999999999 0.04426106526631657 0.045
0 0.46736684171042764 0.15325 0.03600900225056264 0.05149999999999999
0 0.4232933233308327 0.16175 0.036384096024005996 0.03950000000000001
0 0.4156039009752438 0.178 0.04051012753188299 0.035
0 0.43023255813953487 0.212 0.04276069017254314 0.04999999999999999
0 0.4521755438859715 0.24925000000000003 0.04088522130532635 0.05550000000000002
0 0.3810952738184546 0.22275 0.04351087771942985 0.05249999999999999
0 0.3420855213803451 0.26825 0.04351087771942985 0.05049999999999999
0 0.3846586646661665 0.27525 0.03563390847711928 0.05349999999999999
0 0.4206676669167292 0.29625 0.039384846211552915 0.05149999999999999
0 0.45423855963991 0.32499999999999996 0.040510127531882933 0.045999999999999985
0 0.3810952738184546 0.3235 0.041260315078769705 0.04299999999999998
0 0.3055138784696174 0.3215 0.039384846211552915 0.044999999999999984
0 0.3454613653413353 0.33975 0.04426106526631657 0.04249999999999998
0 0.4156039009752438 0.35175 0.04426106526631657 0.044499999999999984
0 0.4536759189797449 0.378 0.04238559639909972 0.067
0 0.37303075768942234 0.37224999999999997 0.04388597149287321 0.049500000000000044
0 0.29801200300075015 0.37324999999999997 0.04688672168042013 0.05250000000000005
0 0.3368342085521381 0.39849999999999997 0.036759189797449354 0.057999999999999996
0 0.4664291072768192 0.443 0.038634658664666144 0.051000000000000045
0 0.4021005251312828 0.42425 0.04276069017254314 0.04949999999999999
0 0.27081770442610653 0.4225 0.03975993998499627 0.04999999999999999
0 0.3057014253563391 0.44799999999999995 0.045011252813203284 0.05099999999999999
0 0.3454613653413353 0.47375 0.040510127531882933 0.05449999999999999
0 0.3807201800450113 0.486 0.03525881470367592 0.055999999999999994
0 0.4264816204051013 0.504 0.038259564891222786 0.046999999999999986
0 0.4647411852963241 0.502 0.04201050262565642 0.059
0 0.39591147786946734 0.5435 0.03938484621155286 0.05699999999999994
0 0.4409227306826707 0.56925 0.04388597149287321 0.057499999999999996
0 0.2507501875468867 0.48975 0.04088522130532635 0.05449999999999999
0 0.21117779444861215 0.5155000000000001 0.04351087771942985 0.06300000000000006
0 0.27363090772693177 0.52825 0.04613653413353341 0.05750000000000005
0 0.3150787696924231 0.5545 0.04576144036009 0.05600000000000005
0 0.3565266316579145 0.5640000000000001 0.044636159039759926 0.05900000000000005
0 0.3899099774943736 0.60225 0.04238559639909978 0.05349999999999999
0 0.4289197299324832 0.6327499999999999 0.05063765941485371 0.057499999999999996
0 0.25825206301575393 0.57725 0.04163540885221306 0.03649999999999998
0 0.2537509377344336 0.607 0.038634658664666144 0.05499999999999994
0 0.3124531132783196 0.631 0.04351087771942985 0.062000000000000055
0 0.2693173293323331 0.67475 0.04501125281320331 0.0635
0 0.30045011252813203 0.6932499999999999 0.041260315078769705 0.0635
0 0.3465866466616654 0.6612499999999999 0.049512378094523635 0.0695
0 0.445986496624156 0.6859999999999999 0.045761440360090055 0.06500000000000006
0 0.4047261815453863 0.7085 0.04651162790697677 0.06899999999999995
0 0.3486496624156039 0.72825 0.046886721680420074 0.0645
0 0.31545386346586646 0.78025 0.051012753188297066 0.07650000000000001
0 0.36177794448612155 0.79025 0.047636909227306845 0.0685
0 0.40360090022505624 0.7805 0.04351087771942991 0.07399999999999995
0 0.4553638409602401 0.7525 0.038259564891222786 0.08300000000000007
0 0.4593023255813954 0.8532500000000001 0.04838709677419356 0.07750000000000001
0 0.38240810202550635 0.8545 0.05213803450862714 0.06900000000000006
0 0.3447111777944486 0.88625 0.05026256564141035 0.08350000000000002
0 0.2875093773443361 0.878 0.04913728432108028 0.062000000000000055
0 0.3989122280570142 0.94675 0.04913728432108028 0.07850000000000001
0 0.5003750937734434 0.864 0.044261065266316624 0.06499999999999995
0 0.5808327081770442 0.917 0.044636159039759926 0.07799999999999996
0 0.6307201800450113 0.902 0.04988747186796705 0.06000000000000005
0 0.6676669167291822 0.8627499999999999 0.04801200300075015 0.0695
0 0.5896474118529633 0.829 0.04576144036009 0.06799999999999995
0 0.5003750937734434 0.8 0.04876219054763692 0.06700000000000006
0 0.5455738934733684 0.7995 0.043135783945986494 0.07000000000000006
0 0.6551012753188297 0.7885 0.050637659414853764 0.06400000000000006
0 0.5930232558139534 0.76675 0.050262565641410295 0.0615
0 0.5350712678169542 0.737 0.04763690922730679 0.06699999999999995
0 0.4949362340585146 0.69125 0.046886721680420074 0.0665
0 0.5738934733683421 0.70625 0.05101275318829712 0.057499999999999996
0 0.6301575393848462 0.7152499999999999 0.04651162790697683 0.0635
0 0.6884846211552889 0.68825 0.046886721680420074 0.0605
0 0.6462865716429107 0.649 0.04351087771942985 0.06000000000000005
0 0.6031507876969242 0.66025 0.04276069017254314 0.0635
0 0.5480120030007503 0.65325 0.04801200300075015 0.0625
0 0.4773068267066767 0.63425 0.04238559639909978 0.0595
0 0.5133158289572393 0.607 0.04313578394598644 0.05800000000000005
0 0.4851837959489873 0.5605 0.04688672168042013 0.06400000000000006
0 0.5307576894223556 0.55725 0.04201050262565642 0.0665
0 0.5677044261065266 0.5952500000000001 0.04988747186796694 0.0615
0 0.5097524381095273 0.50675 0.04201050262565642 0.05250000000000005
0 0.6147786946736684 0.5974999999999999 0.04276069017254314 0.061000000000000054
0 0.6937359339834959 0.6305000000000001 0.04388597149287321 0.05700000000000005
0 0.6517254313578394 0.5660000000000001 0.046886721680420074 0.06599999999999995
0 0.6102775693923481 0.5347500000000001 0.045011252813203284 0.0655
0 0.68304576144036 0.52275 0.045011252813203284 0.05650000000000005
0 0.644411102775694 0.496 0.04276069017254314 0.05699999999999994
0 0.504126031507877 0.45475 0.03675918979744941 0.0595
0 0.5436984246061516 0.46575 0.04238559639909978 0.056499999999999995
0 0.586271567891973 0.469 0.04426106526631668 0.05399999999999999
0 0.6260315078769693 0.4435 0.0367591897974493 0.056999999999999995
0 0.6901725431357839 0.4505 0.03825956489122284 0.056999999999999995
0 0.6560390097524381 0.40575 0.03975993998499616 0.05249999999999999
0 0.4831207801950488 0.3005 0.0435108777194298 0.03999999999999998
0 0.5140660165041261 0.32899999999999996 0.043885971492873266 0.05399999999999999
0 0.555701425356339 0.3745 0.04538634658664664 0.061000000000000054
0 0.5933983495873969 0.37975 0.03825956489122284 0.05449999999999999
0 0.6961740435108776 0.34199999999999997 0.03900975243810956 0.044999999999999984
0 0.6547261815453863 0.311 0.043135783945986494 0.05500000000000005
0 0.6084021005251312 0.32325 0.04576144036009 0.04949999999999999
0 0.544073518379595 0.30100000000000005 0.04238559639909978 0.05299999999999999
0 0.4698049512378094 0.2245 0.036384096024005996 0.05499999999999999
0 0.5969617404351089 0.276 0.04913728432108033 0.05199999999999999
0 0.649662415603901 0.26075 0.04276069017254314 0.05049999999999999
0 0.6933608402100525 0.25975 0.034133533383345904 0.055499999999999966
0 0.6905476369092274 0.16949999999999998 0.036009002250562694 0.05000000000000002
0 0.6509752438109527 0.16549999999999998 0.035633908477119336 0.04600000000000001
0 0.6400975243810952 0.2095 0.0386346586646662 0.05299999999999999
0 0.6112153038259565 0.1895 0.03713428357089277 0.046999999999999986
0 0.5830832708177044 0.217 0.04088522130532635 0.043999999999999984
0 0.5461365341335334 0.2075 0.03900975243810956 0.05399999999999999
0 0.5037509377344336 0.16599999999999998 0.03825956489122284 0.049000000000000016
0 0.5015003750937734 0.10400000000000001 0.04276069017254319 0.045
0 0.5440735183795948 0.12075 0.04013503375843952 0.04749999999999999
0 0.5791447861965491 0.15825 0.036009002250562694 0.05049999999999999
0 0.6277194298574644 0.12325 0.03638409602400594 0.05049999999999999
0 0.6382220555138785 0.09775 0.0386346586646662 0.037500000000000006
0 0.6744186046511629 0.121 0.04351087771942985 0.04199999999999998
0 0.5701425356339085 0.07425 0.04051012753188299 0.0425
0 0.5534508627156789 0.031 0.04013503375843963 0.044
0 0.5211927981995499 0.058499999999999996 0.035633908477119336 0.044000000000000004
0 0.746436609152288 0.163 0.041260315078769705 0.04899999999999999
0 0.72768192048012 0.22625 0.04576144036009011 0.03950000000000001
0 0.7027381845461365 0.38975 0.048387096774193616 0.04949999999999999
0 0.7321830457614404 0.44599999999999995 0.04576144036009 0.05399999999999999
0 0.769317329332333 0.4345 0.04351087771942985 0.051000000000000045
0 0.7224306076519129 0.516 0.04201050262565642 0.05800000000000005
0 0.758252063015754 0.50625 0.04088522130532635 0.05049999999999999
0 0.7888222055513878 0.5005 0.02925731432858214 0.04700000000000004
0 0.818642160540135 0.5125 0.03413353338334579 0.051000000000000045
0 0.7023630907726932 0.5880000000000001 0.046886721680420074 0.05399999999999994
0 0.763503375843961 0.55325 0.04763690922730679 0.04749999999999999
0 0.800450112528132 0.5685 0.037509377344336015 0.052999999999999936
0 0.7756939234808702 0.605 0.02025506376594144 0.03600000000000003
0 0.8015753938484621 0.6307499999999999 0.032258064516129004 0.0595
0 0.7633158289572393 0.61475 0.03975993998499627 0.0605
0 0.728244561140285 0.65425 0.040885221305326236 0.0665
0 0.7775693923480871 0.67125 0.03900975243810956 0.05449999999999999
0 0.7379969992498124 0.7195 0.04238559639909978 0.06799999999999995
0 0.7019879969992499 0.75575 0.044636159039759926 0.0625
0 0.7676294073518379 0.78775 0.04388597149287321 0.0695
0 0.7059264816204052 0.82475 0.04951237809452358 0.07250000000000001
0 0.6001500375093773 0.0855 0.032258064516129004 0.055
