0 0.1609152288072018 0.26775 0.07276819204801199 0.08549999999999999
0 0.11327831957989498 0.47350000000000003 0.07426856714178544 0.08300000000000002
0 0.10783945986496624 0.56325 0.06114028507126783 0.07650000000000001
0 0.22505626406601648 0.17725000000000002 0.07051762940735182 0.0945
0 0.1832333083270818 0.34275 0.07614403600900224 0.09250000000000003
0 0.10390097524381095 0.66925 0.05701425356339085 0.07650000000000001
0 0.20555138784696175 0.41525 0.0630157539384846 0.07150000000000001
0 0.24849962490622654 0.2645 0.06489122280570142 0.086
0 0.2976369092273068 0.19 0.06339084771192799 0.08700000000000002
0 0.37340585146286576 0.12225 0.06789197299324828 0.09150000000000001
0 0.3555888972243061 0.21725 0.06451612903225806 0.0915
0 0.4174793698424606 0.23275 0.0660165041260315 0.09350000000000003
0 0.43979744936234055 0.161 0.05963990997749441 0.08000000000000002
0 0.5033758439609902 0.15575 0.06001500375093771 0.0805
0 0.5515753938484621 0.0935 0.06714178544636162 0.08000000000000002
0 0.6519129782445612 0.11349999999999999 0.06451612903225812 0.083
0 0.48105776444111026 0.234 0.06114028507126784 0.07700000000000001
0 0.44898724681170293 0.3135 0.05551387846961742 0.07399999999999995
0 0.28394598649662417 0.33925 0.059264816204050996 0.07550000000000001
0 0.3184546136534134 0.27075 0.05626406601650413 0.07749999999999999
0 0.3709677419354839 0.31074999999999997 0.05626406601650413 0.07849999999999996
0 0.10896474118529631 0.756 0.06339084771192798 0.07000000000000006
0 0.14553638409602399 0.82825 0.06226556639159789 0.08050000000000002
0 0.16916729182295573 0.73975 0.07051762940735185 0.0685
0 0.14403600900225055 0.62425 0.06676669167291824 0.07450000000000001
0 0.19954988747186797 0.57375 0.06451612903225806 0.08250000000000002
0 0.2078019504876219 0.69175 0.06376594148537135 0.07250000000000001
0 0.20536384096024007 0.84975 0.06939234808702174 0.10349999999999993
0 0.2700675168792198 0.7204999999999999 0.054013503375843985 0.06300000000000006
0 0.2925731432858214 0.788 0.049512378094523635 0.06999999999999995
0 0.2629407351837959 0.86175 0.051012753188297066 0.0685
0 0.31357839459864967 0.8672500000000001 0.057764441110277565 0.0615
0 0.19804951237809454 0.46175 0.05476369092273067 0.0695
0 0.25056264066016504 0.47050000000000003 0.05626406601650413 0.07100000000000001
0 0.2880720180045011 0.41625 0.06376594148537135 0.07750000000000001
0 0.1723555888972243 0.58975 0.034883720930232565 0.0515000000000001
0 0.2717554388597149 0.55375 0.07014253563390849 0.09250000000000003
0 0.34058514628657166 0.39825 0.06451612903225806 0.07550000000000001
0 0.3169542385596399 0.48975 0.062265566391597915 0.07749999999999996
0 0.2672543135783946 0.61 0.0641410352588147 0.06000000000000005
0 0.3158289572393098 0.7344999999999999 0.06376594148537135 0.06700000000000006
0 0.3430232558139535 0.7845 0.055888972243060775 0.06099999999999994
0 0.36552888222055513 0.882 0.05738934733683421 0.06899999999999995
0 0.33083270817704424 0.5885 0.05176294073518378 0.07200000000000006
0 0.31957989497374345 0.641 0.057764441110277565 0.06499999999999995
0 0.3615903975993998 0.677 0.06001500375093777 0.07100000000000006
0 0.37696924231057766 0.74025 0.05701425356339085 0.0625
0 0.404351087771943 0.39775 0.05626406601650413 0.08350000000000002
0 0.38372093023255816 0.45875 0.057764441110277565 0.07850000000000001
0 0.36440360090022506 0.5235000000000001 0.05138784696174048 0.06900000000000006
0 0.3968492123030758 0.5960000000000001 0.06001500375093777 0.08199999999999996
0 0.4281695423855964 0.652 0.05288822205551391 0.06400000000000006
0 0.4296699174793699 0.7682500000000001 0.06339084771192799 0.07150000000000001
0 0.4214178544636159 0.812 0.05813953488372092 0.05700000000000005
0 0.41091522880720177 0.5387500000000001 0.07089272318079515 0.07150000000000001
0 0.4375468867216804 0.47650000000000003 0.06039009752438107 0.08300000000000002
0 0.46549137284321085 0.384 0.05176294073518378 0.07200000000000001
0 0.4568642160540135 0.585 0.057764441110277565 0.06900000000000006
0 0.481245311327832 0.6955 0.05626406601650419 0.06899999999999995
0 0.4797449362340585 0.76075 0.04876219054763686 0.0655
0 0.5288822205551388 0.7665 0.050262565641410406 0.05700000000000005
0 0.5371342835708928 0.71675 0.06601650412603155 0.055500000000000105
0 0.49793698424606153 0.6255 0.05363840960240063 0.07300000000000006
0 0.48443360840210054 0.5195 0.05513878469617406 0.07200000000000001
0 0.5296324081020255 0.55775 0.05701425356339085 0.08350000000000002
0 0.508814703675919 0.29875 0.06714178544636157 0.08050000000000002
0 0.5602025506376593 0.17975000000000002 0.061140285071267786 0.08449999999999999
0 0.5620780195048762 0.26125 0.06189047261815461 0.08249999999999999
0 0.5723930982745686 0.33525 0.06226556639159786 0.07850000000000001
0 0.5161290322580645 0.38175000000000003 0.06676669167291815 0.08949999999999997
0 0.504688672168042 0.43875 0.052888222055513856 0.06849999999999995
0 0.5530757689422356 0.48675 0.055888972243060775 0.07149999999999995
0 0.560952738184546 0.63175 0.059639909977494354 0.07750000000000001
0 0.5941485371342836 0.68625 0.05176294073518373 0.07150000000000001
0 0.5905851462865717 0.762 0.055888972243060775 0.07400000000000007
0 0.6035258814703676 0.5055 0.05326331582895727 0.07200000000000001
0 0.5647036759189797 0.41175 0.0528882220555138 0.07450000000000001
0 0.6224681170292573 0.20124999999999998 0.06564141035258819 0.0885
0 0.7143660915228807 0.149 0.061140285071267786 0.083
0 0.6999249812453113 0.222 0.06226556639159786 0.09100000000000003
0 0.6155288822205551 0.28625 0.0547636909227307 0.07750000000000001
0 0.6556639159789948 0.34650000000000003 0.06526631657914472 0.09300000000000003
0 0.6290322580645161 0.4255 0.05701425356339085 0.08300000000000002
0 0.6558514628657164 0.48224999999999996 0.05813953488372092 0.07449999999999996
0 0.6429107276819205 0.569 0.06376594148537129 0.06900000000000006
0 0.6468492123030758 0.6515 0.06039009752438107 0.08499999999999996
0 0.6357839459864967 0.7172499999999999 0.05926481620405111 0.0525000000000001
0 0.6931732933233309 0.7045 0.057764441110277565 0.08899999999999997
0 0.6986121530382596 0.5462499999999999 0.06339084771192793 0.07550000000000001
0 0.6896099024756188 0.615 0.06339084771192793 0.06800000000000006
0 0.7413728432108027 0.6617500000000001 0.05288822205551391 0.08649999999999991
0 0.7610652663165791 0.19124999999999998 0.0637659414853714 0.0925
0 0.6986121530382596 0.30625 0.06264066016504122 0.08149999999999996
0 0.7051762940735185 0.38449999999999995 0.06601650412603155 0.07700000000000001
0 0.718304576144036 0.45825 0.06301575393848458 0.08050000000000002
0 0.7385596399099774 0.5115 0.050262565641410295 0.07400000000000001
0 0.7402475618904727 0.58175 0.05738934733683421 0.0665
0 0.7996999249812453 0.639 0.06226556639159786 0.06800000000000006
0 0.8049512378094523 0.5625 0.057764441110277565 0.07699999999999996
0 0.8454613653413353 0.6025 0.054013503375843985 0.06799999999999995
0 0.7608777194298575 0.391 0.061140285071267786 0.07600000000000001
0 0.7584396099024756 0.31725000000000003 0.05851462865716428 0.07749999999999996
0 0.8027006751687922 0.2475 0.06376594148537129 0.07699999999999999
0 0.8591522880720179 0.28600000000000003 0.05888972243060764 0.08300000000000002
0 0.8122655663915979 0.34475 0.06039009752438107 0.07850000000000001
0 0.8032633158289573 0.47575 0.06339084771192793 0.08450000000000002
0 0.8443360840210052 0.41275 0.0547636909227307 0.08350000000000002
0 0.9197299324831207 0.351 0.06001500375093771 0.07100000000000001
0 0.8979744936234059 0.42875 0.054013503375843985 0.07350000000000001
0 0.8606526631657914 0.50125 0.05813953488372092 0.07849999999999996
0 0.9066016504126031 0.49475 0.054013503375843874 0.07850000000000001
0 0.8998499624906227 0.5715 0.061515378844711144 0.08099999999999996
