0 0.4144786196549137 0.154 0.07576894223555886 0.10799999999999998
0 0.3524006001500375 0.2485 0.0776444111027757 0.11099999999999999
0 0.42366841710427605 0.26125 0.07914478619654913 0.11250000000000002
0 0.3557764441110277 0.367 0.07614403600900227 0.08599999999999997
0 0.30513878469617406 0.40075 0.07389347336834207 0.09250000000000003
0 0.26462865716429107 0.50175 0.07614403600900224 0.09450000000000003
0 0.1888597149287322 0.55725 0.07314328582145535 0.09350000000000003
0 0.18417104276069018 0.6325000000000001 0.06676669167291824 0.08500000000000008
0 0.23630907726931732 0.62775 0.0652663165791448 0.09150000000000003
0 0.16804201050262565 0.71675 0.06526631657914478 0.0794999999999999
0 0.21999249812453114 0.7335 0.07164291072768192 0.07900000000000007
0 0.19898724681170293 0.78925 0.06639159789947488 0.08050000000000002
0 0.24381095273818454 0.88625 0.06826706676669167 0.08250000000000002
0 0.30945236309077273 0.8607499999999999 0.06676669167291821 0.07550000000000001
0 0.3775318829707427 0.872 0.0708927231807952 0.08000000000000007
0 0.44542385596399103 0.845 0.06789197299324828 0.07399999999999995
0 0.27906976744186046 0.769 0.07351837959489871 0.08299999999999996
0 0.34114778694673664 0.74425 0.07614403600900227 0.09050000000000002
0 0.3900975243810953 0.7889999999999999 0.05851462865716428 0.08399999999999996
0 0.2888222055513878 0.692 0.07276819204801205 0.08199999999999996
0 0.3085146286571643 0.5965 0.07839459864966242 0.09199999999999997
0 0.36496624156039015 0.6555 0.07876969242310577 0.08099999999999996
0 0.41597899474868716 0.7045 0.06676669167291821 0.08400000000000007
0 0.34583645911477867 0.45875 0.06751687921980493 0.09450000000000003
0 0.37696924231057766 0.5607500000000001 0.07501875468867214 0.09550000000000003
0 0.5196924231057765 0.8340000000000001 0.06639159789947491 0.07999999999999996
0 0.4851837959489872 0.7745 0.0641410352588147 0.08099999999999996
0 0.4716804201050263 0.6385000000000001 0.07614403600900227 0.08700000000000008
0 0.4559264816204051 0.5527500000000001 0.07389347336834207 0.09150000000000003
0 0.44954988747186797 0.47275 0.0798949737434359 0.08850000000000002
0 0.4328582145536384 0.37 0.07651912978244563 0.10299999999999998
0 0.5587021755438859 0.16575 0.08139534883720934 0.1025
0 0.5174418604651163 0.3125 0.0776444111027757 0.10699999999999998
0 0.6001500375093773 0.28675 0.07801950487621911 0.08450000000000002
0 0.6661665416354088 0.24225 0.06451612903225812 0.11149999999999999
0 0.5202550637659414 0.41200000000000003 0.07726931732933234 0.10100000000000003
0 0.5225056264066017 0.5135000000000001 0.07651912978244557 0.08300000000000007
0 0.5279444861215303 0.6025 0.07089272318079515 0.08399999999999996
0 0.5558889722430607 0.6835 0.07276819204801199 0.08699999999999997
0 0.562828207051763 0.77525 0.07164291072768192 0.0754999999999999
0 0.6069017254313578 0.81625 0.07126781695423856 0.07250000000000001
0 0.6372843210802701 0.752 0.06976744186046513 0.08000000000000007
0 0.677794448612153 0.81375 0.06301575393848469 0.08450000000000002
0 0.741185296324081 0.8235 0.06376594148537129 0.08200000000000007
0 0.7336834208552139 0.747 0.07276819204801199 0.08499999999999996
0 0.8122655663915979 0.7617499999999999 0.06714178544636151 0.07950000000000002
0 0.6986121530382596 0.69025 0.06864216054013494 0.09450000000000003
0 0.768192048012003 0.656 0.07051762940735185 0.09099999999999997
0 0.8357089272318079 0.67875 0.07051762940735185 0.09950000000000003
0 0.6344711177794449 0.634 0.08364591147786948 0.09299999999999997
0 0.699549887471868 0.593 0.0690172543135783 0.09399999999999997
0 0.7591897974493624 0.5575 0.07201800450112528 0.08600000000000008
0 0.8478994748687172 0.585 0.0708927231807952 0.09299999999999997
0 0.5881470367591898 0.55175 0.06451612903225801 0.10050000000000003
0 0.6029632408102026 0.46199999999999997 0.07389347336834207 0.09200000000000003
0 0.7108027006751687 0.479 0.06901725431357841 0.09000000000000002
0 0.7595648912228057 0.41500000000000004 0.07801950487621911 0.09700000000000003
0 0.7614403600900226 0.45625 0.04201050262565642 0.05149999999999999
0 0.8148912228057015 0.37175 0.07239309827456863 0.09649999999999997
0 0.6400975243810954 0.373 0.07839459864966247 0.09699999999999998
0 0.7074268567141786 0.32825000000000004 0.07426856714178542 0.10149999999999998
0 0.840960240060015 0.28450000000000003 0.08102025506376598 0.10500000000000001
