0 0.1445986496624156 0.31975 0.044636159039759954 0.0605
0 0.1389722430607652 0.38775 0.05063765941485371 0.0595
0 0.16354088522130533 0.44425 0.052513128282070526 0.0665
0 0.20067516879219804 0.507 0.046511627906976744 0.05299999999999999
0 0.22936984246061515 0.43325 0.05138784696174045 0.057499999999999996
0 0.25431357839459867 0.485 0.04351087771942988 0.055999999999999994
0 0.23987246811702928 0.55675 0.046136534133533386 0.05249999999999999
0 0.2730682670667667 0.60275 0.046511627906976716 0.046499999999999986
0 0.3150787696924231 0.60425 0.041260315078769705 0.057499999999999996
0 0.31470367591897974 0.66425 0.05176294073518384 0.057499999999999996
0 0.3480870217554389 0.6912499999999999 0.04276069017254314 0.04349999999999998
0 0.3842835708927232 0.7125 0.0386346586646662 0.04600000000000004
0 0.3897224306076519 0.679 0.038259564891222786 0.051999999999999935
0 0.36440360090022506 0.6327499999999999 0.04238559639909978 0.05149999999999999
0 0.4144786196549137 0.6545 0.041260315078769705 0.050000000000000044
0 0.4291072768192048 0.6845 0.030757689422355572 0.038000000000000034
0 0.4274193548387097 0.75875 0.04163540885221306 0.05349999999999999
0 0.4504876219054764 0.76425 0.021755438859714926 0.046499999999999986
0 0.467741935483871 0.7095 0.0390097524381095 0.04400000000000004
0 0.4534883720930233 0.6775 0.036759189797449354 0.050999999999999934
0 0.49249812453113273 0.715 0.024006001500375074 0.04400000000000004
0 0.4889347336834209 0.81075 0.04088522130532635 0.05249999999999999
0 0.5241935483870968 0.7809999999999999 0.034133533383345904 0.05300000000000005
0 0.5260690172543135 0.7284999999999999 0.04088522130532635 0.04700000000000004
0 0.5613278319579895 0.7775 0.031882970742685646 0.04400000000000004
0 0.5570142535633908 0.81725 0.037509377344336015 0.046499999999999986
0 0.5617029257314329 0.7362500000000001 0.039384846211552915 0.04349999999999998
0 0.5105026256564141 0.6785 0.02400600150037513 0.040000000000000036
0 0.4883720930232558 0.648 0.02775693923480871 0.040000000000000036
0 0.5258814703675918 0.67025 0.037509377344336126 0.04249999999999998
0 0.5101275318829708 0.63825 0.04126031507876965 0.05349999999999999
0 0.4722430607651913 0.61425 0.04576144036009 0.05049999999999999
0 0.4351087771942986 0.60225 0.04351087771942985 0.058499999999999996
0 0.39797449362340587 0.587 0.04051012753188299 0.049000000000000044
0 0.3572768192048012 0.57775 0.046886721680420074 0.04949999999999999
0 0.3225806451612903 0.5505 0.041260315078769705 0.05800000000000005
0 0.2843210802700675 0.5325 0.04276069017254314 0.06099999999999994
0 0.3006376594148537 0.49075 0.052138034508627196 0.05749999999999994
0 0.2788822205551388 0.44125 0.04988747186796699 0.058499999999999996
0 0.22168042010502625 0.38125 0.05626406601650413 0.058499999999999996
0 0.2794448612153039 0.37775 0.04876219054763692 0.0655
0 0.2213053263315829 0.30400000000000005 0.04876219054763692 0.059
0 0.18173293323330833 0.241 0.051387846961740424 0.06300000000000003
0 0.22824456114028507 0.1995 0.0468867216804201 0.06
0 0.23968492123030757 0.25475 0.05176294073518378 0.06249999999999997
0 0.2616279069767442 0.3155 0.04838709677419356 0.06899999999999995
0 0.2991372843210802 0.32925 0.05063765941485371 0.07350000000000001
0 0.2970742685671418 0.194 0.04501125281320334 0.064
0 0.2843210802700675 0.25175 0.051012753188297066 0.06749999999999998
0 0.3300825206301575 0.38225 0.04876219054763692 0.057499999999999996
0 0.3295198799699925 0.44525 0.046886721680420074 0.0615
0 0.367966991747937 0.4595 0.049512378094523635 0.062
0 0.35221305326331587 0.506 0.036759189797449354 0.056999999999999995
0 0.3938484621155289 0.5405 0.04276069017254314 0.06000000000000005
0 0.4081020255063766 0.49275 0.03900975243810956 0.0625
0 0.4426106526631658 0.5275 0.037509377344336126 0.05400000000000005
0 0.45630157539384847 0.4885 0.04763690922730679 0.05999999999999994
0 0.4264816204051013 0.43975 0.0480120030007502 0.05750000000000005
0 0.3741560390097525 0.39025 0.04688672168042013 0.0625
0 0.4227306826706677 0.363 0.0480120030007502 0.064
0 0.4611777944486122 0.38425 0.043135783945986494 0.0615
0 0.48537134283570893 0.44025000000000003 0.045761440360090055 0.05350000000000005
0 0.5065641410352588 0.484 0.04163540885221306 0.057999999999999996
0 0.4846211552888222 0.53825 0.042010502625656365 0.0625
0 0.518754688672168 0.56725 0.04876219054763692 0.0595
0 0.5558889722430608 0.60725 0.039009752438109446 0.056499999999999995
0 0.5500750187546887 0.6950000000000001 0.03113278319579904 0.05399999999999994
0 0.5708927231807952 0.6875 0.04351087771942985 0.05600000000000005
0 0.5947111777944487 0.70025 0.03113278319579893 0.046499999999999986
0 0.608027006751688 0.736 0.04426106526631657 0.04899999999999993
0 0.609714928732183 0.796 0.04088522130532635 0.041000000000000036
0 0.5928357089272318 0.8187500000000001 0.03113278319579904 0.04149999999999998
0 0.6200300075018754 0.8242499999999999 0.02175543885971487 0.04749999999999999
0 0.636721680420105 0.8235 0.03713428357089277 0.04899999999999993
0 0.6522880720180044 0.85025 0.036009002250562694 0.03949999999999998
0 0.6684171042760689 0.806 0.041260315078769705 0.051000000000000045
0 0.6972993248312078 0.8365 0.03525881470367587 0.04800000000000004
0 0.7220555138784697 0.8200000000000001 0.033758439609902546 0.051000000000000045
0 0.7430607651912978 0.80375 0.032258064516129004 0.04349999999999998
0 0.7861965491372843 0.8089999999999999 0.03300825206301572 0.04300000000000004
0 0.7674418604651163 0.76775 0.03300825206301572 0.044499999999999984
0 0.735933983495874 0.7795 0.041260315078769705 0.040000000000000036
0 0.6974868717179294 0.76875 0.043135783945986494 0.02650000000000008
0 0.6511627906976745 0.7404999999999999 0.036009002250562694 0.04999999999999993
0 0.6952363090772693 0.7435 0.03638409602400605 0.04599999999999993
0 0.7254313578394599 0.7422500000000001 0.03300825206301572 0.05149999999999999
0 0.7537509377344336 0.7384999999999999 0.031882970742685646 0.049000000000000044
0 0.7818829707426856 0.7202500000000001 0.039384846211552915 0.0525000000000001
0 0.8025131282820706 0.75525 0.035633908477119225 0.04749999999999999
0 0.649662415603901 0.6977500000000001 0.03900975243810956 0.05149999999999999
0 0.6052138034508627 0.6575 0.04163540885221306 0.04400000000000004
0 0.6254688672168043 0.6685 0.031882970742685646 0.04400000000000004
0 0.5932108027006752 0.6305000000000001 0.0386346586646662 0.05300000000000005
0 0.5585146286571643 0.54475 0.04201050262565642 0.05249999999999999
0 0.5395723930982745 0.50125 0.04388597149287321 0.04849999999999999
0 0.5954613653413353 0.5787500000000001 0.044636159039759926 0.0635
0 0.6222805701425356 0.5955 0.036009002250562694 0.050000000000000044
0 0.641972993248312 0.6275 0.04538634658664675 0.04599999999999993
0 0.6665416354088523 0.665 0.03900975243810956 0.04500000000000004
0 0.6933608402100525 0.6895 0.03488372093023262 0.04499999999999993
0 0.7346211552888222 0.7010000000000001 0.04088522130532635 0.051000000000000045
0 0.3795948987246812 0.2 0.049512378094523635 0.06
0 0.3529632408102026 0.265 0.049512378094523635 0.06599999999999998
0 0.3885971492873218 0.3065 0.05176294073518378 0.056999999999999995
0 0.4011627906976744 0.257 0.043135783945986494 0.06799999999999998
0 0.42760690172543137 0.2095 0.04876219054763692 0.057999999999999996
0 0.4512378094523631 0.158 0.045011252813203284 0.064
0 0.45142535633908476 0.25125 0.05363840960240063 0.06849999999999998
0 0.5414478619654913 0.122 0.04388597149287321 0.067
0 0.5245686421605401 0.20625 0.04613653413353336 0.058499999999999996
0 0.4966241560390097 0.24675000000000002 0.04426106526631657 0.060500000000000026
0 0.5 0.30700000000000005 0.04501125281320334 0.05499999999999999
0 0.4553638409602401 0.32999999999999996 0.04201050262565642 0.055999999999999994
0 0.5003750937734434 0.35950000000000004 0.04351087771942991 0.05499999999999999
0 0.5365716429107277 0.33099999999999996 0.04613653413353336 0.061
0 0.5373218304576144 0.39349999999999996 0.046886721680420074 0.061
0 0.5386346586646662 0.4495 0.04201050262565642 0.065
0 0.5843960990247561 0.51725 0.04201050262565642 0.06350000000000006
0 0.5737059264816204 0.4365 0.04088522130532635 0.05600000000000005
0 0.5752063015753939 0.351 0.0386346586646662 0.064
0 0.5738934733683421 0.29700000000000004 0.045011252813203284 0.05499999999999999
0 0.5716429107276819 0.243 0.04201050262565631 0.06700000000000003
0 0.5752063015753939 0.181 0.04613653413353336 0.065
0 0.6112153038259565 0.16 0.04388597149287321 0.06
0 0.6018379594898724 0.219 0.03863465866466609 0.055999999999999994
0 0.6104651162790697 0.272 0.046886721680420074 0.057999999999999996
0 0.6037134283570893 0.3265 0.043135783945986494 0.04899999999999999
0 0.6070892723180795 0.386 0.04763690922730679 0.07200000000000001
0 0.6130907726931734 0.4475 0.03788447111777937 0.06
0 0.623218304576144 0.50825 0.04013503375843963 0.05550000000000005
0 0.6380345086271568 0.5605 0.03975993998499627 0.05699999999999994
0 0.6641035258814704 0.5195 0.04013503375843963 0.05199999999999999
0 0.68304576144036 0.5625 0.04201050262565642 0.050999999999999934
0 0.6646661665416354 0.59275 0.037509377344336126 0.0515000000000001
0 0.6931732933233308 0.608 0.03675918979744941 0.04800000000000004
0 0.6989872468117029 0.64525 0.03638409602400594 0.04849999999999999
0 0.854463615903976 0.80725 0.03900975243810956 0.05049999999999999
0 0.8207051762940736 0.72525 0.03825956489122284 0.04949999999999999
0 0.854463615903976 0.7150000000000001 0.03825956489122284 0.041000000000000036
0 0.8554013503375844 0.6855 0.04013503375843963 0.052000000000000046
0 0.8098274568642161 0.6795 0.036009002250562694 0.04800000000000004
0 0.7749437359339835 0.6779999999999999 0.04951237809452358 0.04799999999999993
0 0.7409977494373593 0.65175 0.04013503375843963 0.03949999999999998
0 0.7301200300075019 0.617 0.04388597149287321 0.05600000000000005
0 0.7696924231057765 0.6192500000000001 0.041260315078769705 0.04749999999999999
0 0.812828207051763 0.63375 0.04351087771942985 0.04849999999999999
0 0.8490247561890473 0.62325 0.04613653413353336 0.046499999999999986
0 0.7059264816204052 0.56525 0.032258064516129115 0.055499999999999994
0 0.737059264816204 0.5680000000000001 0.03975993998499627 0.05599999999999994
0 0.7773818454613654 0.57925 0.04088522130532635 0.05249999999999999
0 0.8178919729932483 0.577 0.04163540885221306 0.04799999999999993
0 0.8614028507126782 0.577 0.043135783945986494 0.051999999999999935
0 0.8441485371342836 0.54 0.04238559639909978 0.05599999999999994
0 0.795198799699925 0.5347500000000001 0.045011252813203284 0.0505000000000001
0 0.758252063015754 0.5277499999999999 0.043135783945986494 0.05149999999999999
0 0.7184921230307577 0.51825 0.03713428357089277 0.049500000000000044
0 0.6957989497374344 0.49675 0.03900975243810956 0.0625
0 0.640285071267817 0.44699999999999995 0.033758439609902435 0.05299999999999999
0 0.6466616654163542 0.39025 0.03675918979744941 0.057499999999999996
0 0.681357839459865 0.43075 0.04013503375843963 0.057499999999999996
0 0.7220555138784697 0.45499999999999996 0.041260315078769705 0.05399999999999999
0 0.7434358589647412 0.4835 0.04651162790697683 0.04999999999999993
0 0.7968867216804201 0.4845 0.037884471117779484 0.04999999999999993
0 0.8347711927981996 0.47575 0.04388597149287321 0.04749999999999999
0 0.8133908477119279 0.44075 0.04238559639909978 0.057499999999999996
0 0.7755063765941486 0.44525 0.046886721680420074 0.058499999999999996
0 0.7526256564141035 0.41700000000000004 0.044636159039759926 0.04899999999999999
0 0.694298574643661 0.38325 0.04426106526631657 0.05449999999999999
0 0.6569767441860466 0.32999999999999996 0.048387096774193616 0.055999999999999994
0 0.7222430607651913 0.33975 0.04613653413353336 0.0595
0 0.7623780945236309 0.361 0.04538634658664664 0.056999999999999995
0 0.7845086271567892 0.38575 0.043135783945986494 0.05249999999999999
0 0.7835708927231808 0.32699999999999996 0.0367591897974493 0.06
0 0.7537509377344336 0.29825 0.046886721680420074 0.0595
0 0.6969242310577645 0.2945 0.04951237809452369 0.05199999999999999
0 0.649662415603901 0.27049999999999996 0.04351087771942985 0.05199999999999999
0 0.6509752438109527 0.22175 0.04613653413353336 0.0645
0 0.6937359339834959 0.23425 0.04538634658664664 0.0625
0 0.7419354838709677 0.25525 0.05176294073518384 0.06349999999999997
0 0.536946736684171 0.26949999999999996 0.04388597149287321 0.068
