0 0.1417854463615904 0.28225 0.07051762940735185 0.07450000000000001
0 0.14253563390847712 0.3685 0.06676669167291822 0.07599999999999996
0 0.20142535633908476 0.369 0.06901725431357839 0.08899999999999997
0 0.16710427606901723 0.44775 0.06864216054013503 0.07850000000000001
0 0.14066016504126033 0.5125 0.06676669167291824 0.07500000000000007
0 0.16072768192048012 0.59325 0.05813953488372092 0.08649999999999991
0 0.13390847711927983 0.6507499999999999 0.05326331582895724 0.08550000000000002
0 0.1732933233308327 0.7172499999999999 0.07051762940735182 0.0724999999999999
0 0.2511252813203301 0.7297499999999999 0.06339084771192802 0.0675
0 0.21492873218304576 0.64625 0.06526631657914478 0.07450000000000001
0 0.2642535633908477 0.6655 0.06264066016504125 0.07200000000000006
0 0.24343585896474118 0.5954999999999999 0.06601650412603152 0.07199999999999995
0 0.21530382595648911 0.52275 0.07351837959489871 0.07850000000000007
0 0.2591897974493623 0.44125000000000003 0.0652663165791448 0.08449999999999996
0 0.28263315828957236 0.51525 0.06489122280570142 0.07350000000000007
0 0.28507126781695424 0.3665 0.06976744186046513 0.09199999999999997
0 0.3143285821455364 0.26125 0.061515378844711144 0.0955
0 0.3696549137284321 0.31174999999999997 0.06864216054013506 0.09249999999999997
0 0.35952738184546135 0.384 0.05813953488372092 0.07600000000000001
0 0.328019504876219 0.4555 0.06489122280570142 0.08200000000000002
0 0.35015003750937734 0.534 0.05888972243060764 0.07700000000000001
0 0.30945236309077273 0.6165 0.0660165041260315 0.08799999999999997
0 0.3377719429857464 0.6925 0.06489122280570142 0.08600000000000008
0 0.31807951987996996 0.72875 0.05626406601650408 0.0665
0 0.38034508627156793 0.72875 0.04876219054763692 0.0685
0 0.3925356339084771 0.663 0.06039009752438107 0.07500000000000007
0 0.4394223555888972 0.71075 0.05963990997749441 0.0685
0 0.501687921980495 0.734 0.055888972243060775 0.06000000000000005
0 0.3994748687171793 0.5895 0.061515378844711144 0.06299999999999994
0 0.44954988747186797 0.6112500000000001 0.04238559639909978 0.0695
0 0.3927231807951988 0.48725 0.05701425356339085 0.07750000000000001
0 0.4279819954988747 0.4325 0.06976744186046513 0.09299999999999997
0 0.436046511627907 0.36050000000000004 0.06789197299324834 0.08400000000000002
0 0.39909977494373594 0.228 0.07351837959489871 0.08400000000000002
0 0.44823705926481616 0.2725 0.06526631657914478 0.089
0 0.44223555888972244 0.181 0.06226556639159786 0.088
0 0.6145911477869468 0.20950000000000002 0.06714178544636151 0.094
0 0.554576144036009 0.269 0.07464366091522878 0.089
0 0.6123405851462866 0.281 0.06264066016504122 0.08200000000000002
0 0.5828957239309828 0.36 0.057764441110277565 0.08800000000000002
0 0.5131282820705176 0.37075 0.06076519129782443 0.09049999999999997
0 0.5558889722430608 0.42075 0.054013503375843985 0.08450000000000002
0 0.491747936984246 0.44325 0.05401350337584393 0.07350000000000001
0 0.5316954238559639 0.49775 0.05513878469617406 0.07749999999999996
0 0.45555138784696175 0.5255 0.055888972243060775 0.08200000000000002
0 0.4949362340585146 0.5595 0.056639159789947546 0.07499999999999996
0 0.5553263315828958 0.56725 0.05513878469617406 0.07650000000000001
0 0.6046511627906976 0.60775 0.057764441110277565 0.0695
0 0.5232558139534884 0.65175 0.05776444111027762 0.07550000000000001
0 0.5731432858214554 0.6745 0.05326331582895727 0.07600000000000007
0 0.5652663165791448 0.7475 0.05626406601650413 0.06399999999999995
0 0.6243435858964741 0.79325 0.05288822205551391 0.0695
0 0.6747936984246061 0.8267500000000001 0.050262565641410406 0.0635
0 0.6991747936984246 0.77825 0.05626406601650413 0.0685
0 0.7214928732183046 0.7985 0.04613653413353336 0.062000000000000055
0 0.7738184546136535 0.8015 0.046511627906976716 0.07200000000000006
0 0.622093023255814 0.70525 0.05438859714928723 0.0605
0 0.635596399099775 0.6492500000000001 0.05438859714928723 0.0635
0 0.677794448612153 0.68625 0.055513878469617306 0.0635
0 0.5842085521380345 0.51125 0.05813953488372092 0.07950000000000007
0 0.632033008252063 0.55525 0.05326331582895727 0.0695
0 0.6676669167291823 0.58375 0.05551387846961742 0.07150000000000001
0 0.6052138034508627 0.42325 0.05438859714928734 0.07150000000000001
0 0.6489122280570142 0.471 0.057764441110277565 0.07600000000000001
0 0.6858589647411852 0.51275 0.055888972243060775 0.07150000000000001
0 0.6569767441860466 0.39575 0.05513878469617406 0.07050000000000001
0 0.7025506376594148 0.44775 0.05551387846961742 0.08050000000000002
0 0.6779819954988746 0.32675 0.05663915978994749 0.07150000000000001
0 0.7342460615153787 0.37875 0.05813953488372092 0.0615
0 0.7803825956489123 0.44575 0.05888972243060764 0.09749999999999998
0 0.7503750937734434 0.492 0.058139534883721034 0.07499999999999996
0 0.8163915978994749 0.48125 0.055888972243060775 0.07950000000000002
0 0.8017629407351838 0.5615 0.052138034508627196 0.08200000000000007
0 0.7303075768942235 0.5934999999999999 0.06376594148537129 0.061000000000000054
0 0.7595648912228057 0.66625 0.06076519129782443 0.07050000000000001
0 0.7839459864966242 0.7035 0.05551387846961742 0.05600000000000005
0 0.7972618154538635 0.62625 0.05888972243060764 0.07150000000000001
0 0.7530007501875469 0.73525 0.052138034508627196 0.0635
0 0.8158289572393098 0.7525 0.06076519129782443 0.05999999999999994
0 0.8582145536384096 0.7152499999999999 0.057764441110277565 0.07150000000000001
0 0.728244561140285 0.88525 0.05138784696174048 0.0685
0 0.8563390847711928 0.633 0.04801200300075026 0.07699999999999996
0 0.8878469617404351 0.57375 0.054013503375843985 0.08950000000000002
0 0.8780945236309077 0.48325 0.05101275318829701 0.07150000000000001
0 0.8308327081770442 0.36675 0.05551387846961742 0.0675
0 0.6918604651162791 0.22475 0.06489122280570148 0.09650000000000003
0 0.7291822955738935 0.16475 0.06601650412603144 0.09549999999999999
0 0.7606901725431358 0.20350000000000001 0.05101275318829712 0.08299999999999999
0 0.7758814703675918 0.2835 0.05363840960240063 0.08400000000000002
0 0.8088897224306077 0.30200000000000005 0.05663915978994749 0.07900000000000001
0 0.8334583645911477 0.2245 0.06001500375093771 0.09600000000000003
0 0.8859714928732183 0.2555 0.06001500375093771 0.098
0 0.8797824456114028 0.3275 0.04913728432108022 0.07700000000000001
