0 0.42610652663165793 0.195 0.07651912978244563 0.092
0 0.4968117029257314 0.21450000000000002 0.0753938484621155 0.101
0 0.5613278319579895 0.22924999999999998 0.07839459864966236 0.10449999999999998
0 0.28319579894973745 0.29575 0.07726931732933234 0.09550000000000003
0 0.35108777194298574 0.25775 0.07201800450112528 0.10650000000000001
0 0.42198049512378094 0.3035 0.06901725431357841 0.10399999999999998
0 0.5129407351837959 0.29925 0.06564141035258814 0.09449999999999997
0 0.618529632408102 0.28200000000000003 0.07126781695423856 0.08800000000000002
0 0.6802325581395349 0.27 0.06564141035258819 0.096
0 0.190735183795949 0.40149999999999997 0.07689422355588896 0.09700000000000003
0 0.2758814703675919 0.40149999999999997 0.07089272318079523 0.08900000000000002
0 0.36159039759939987 0.36475 0.07051762940735185 0.08949999999999997
0 0.3343960990247562 0.444 0.07389347336834207 0.09199999999999997
0 0.4264816204051013 0.39825 0.07201800450112528 0.10350000000000004
0 0.5268192048012003 0.4 0.06189047261815456 0.08800000000000002
0 0.5920855213803451 0.36224999999999996 0.05888972243060775 0.09149999999999997
0 0.6864216054013503 0.36624999999999996 0.07201800450112528 0.09149999999999997
0 0.7665041260315079 0.371 0.06489122280570148 0.10399999999999998
0 0.8300825206301575 0.388 0.059264816204050996 0.09199999999999997
0 0.1436609152288072 0.46725 0.07276819204801199 0.10150000000000003
0 0.23949737434358587 0.48124999999999996 0.06864216054013503 0.09449999999999997
0 0.390285071267817 0.49824999999999997 0.07464366091522884 0.09649999999999997
0 0.4866841710427607 0.47025 0.06489122280570137 0.08550000000000002
0 0.5470742685671418 0.47850000000000004 0.06789197299324834 0.09500000000000003
0 0.6331582895723931 0.43975 0.06751687921980498 0.07549999999999996
0 0.7239309827456863 0.4435 0.06676669167291827 0.08699999999999997
0 0.7959489872468117 0.46299999999999997 0.06301575393848458 0.08000000000000002
0 0.8884096024006001 0.4345 0.05888972243060764 0.08899999999999997
0 0.07689422355588897 0.5847500000000001 0.08027006751687923 0.07950000000000002
0 0.1378469617404351 0.61175 0.07689422355588896 0.09350000000000003
0 0.19467366841710426 0.54475 0.07276819204801202 0.08050000000000002
0 0.2674418604651163 0.5715 0.06526631657914478 0.09899999999999998
0 0.3220180045011253 0.53725 0.07164291072768192 0.08850000000000002
0 0.454801200300075 0.5509999999999999 0.06189047261815456 0.08799999999999997
0 0.5116279069767442 0.55025 0.06001500375093777 0.07850000000000001
0 0.6123405851462866 0.52625 0.05888972243060764 0.07949999999999996
0 0.6686046511627908 0.5102500000000001 0.059639909977494354 0.08750000000000002
0 0.8469617404351087 0.50925 0.05551387846961742 0.07750000000000007
0 0.0939609902475619 0.6535 0.07614403600900224 0.07099999999999995
0 0.21080270067516882 0.6435 0.07501875468867217 0.07599999999999996
0 0.3075768942235559 0.6445000000000001 0.07201800450112528 0.08500000000000008
0 0.37134283570892723 0.595 0.06676669167291827 0.08399999999999996
0 0.427231807951988 0.62775 0.06526631657914478 0.08550000000000002
0 0.4904351087771943 0.6465 0.06789197299324834 0.08699999999999997
0 0.5622655663915979 0.6114999999999999 0.0682670667666917 0.09700000000000009
0 0.6537884471117779 0.5940000000000001 0.0682670667666917 0.08799999999999997
0 0.7389347336834209 0.5467500000000001 0.061515378844711144 0.08550000000000002
0 0.7878844711177795 0.5700000000000001 0.06264066016504122 0.09599999999999997
0 0.7361215303825956 0.621 0.06339084771192804 0.09200000000000008
0 0.6950487621905477 0.68925 0.06976744186046513 0.09250000000000003
0 0.6160915228807202 0.67175 0.07014253563390849 0.08050000000000002
0 0.5225056264066017 0.7090000000000001 0.06526631657914478 0.08799999999999997
0 0.46099024756189044 0.73425 0.062265566391597915 0.08850000000000002
0 0.382033008252063 0.7055 0.06939234808702172 0.07899999999999996
0 0.3132033008252063 0.742 0.07126781695423856 0.08600000000000008
0 0.24531132783195797 0.72275 0.06601650412603152 0.09050000000000002
0 0.16354088522130533 0.69025 0.0795198799699925 0.07750000000000001
0 0.13803450862715677 0.7435 0.06901725431357839 0.08700000000000008
0 0.19673668417104279 0.79425 0.07539384846211553 0.07650000000000001
0 0.2946361590397599 0.81525 0.0641410352588147 0.07350000000000001
0 0.3735933983495874 0.78375 0.0615153788447112 0.08750000000000002
0 0.43342085521380347 0.81675 0.07389347336834207 0.07850000000000001
0 0.5031882970742686 0.8095 0.06864216054013506 0.08699999999999997
0 0.5598274568642161 0.764 0.05513878469617406 0.07800000000000007
0 0.6222805701425356 0.7535000000000001 0.06601650412603155 0.08500000000000008
0 0.23499624906226557 0.8235 0.05738934733683421 0.08099999999999996
0 0.2798199549887472 0.8845000000000001 0.06451612903225809 0.08300000000000007
0 0.3674043510877719 0.8465 0.06489122280570142 0.06700000000000006
0 0.35858964741185295 0.8995 0.06451612903225806 0.07100000000000006
0 0.40735183795948987 0.86025 0.057764441110277565 0.0655
0 0.481245311327832 0.89225 0.05776444111027762 0.07050000000000001
0 0.532258064516129 0.86525 0.059264816204050996 0.07250000000000001
0 0.5693923480870218 0.891 0.057764441110277565 0.07299999999999995
