0 0.19804951237809454 0.26449999999999996 0.05776444111027759 0.055999999999999994
0 0.19579894973743436 0.3175 0.057764441110277565 0.062
0 0.24493623405851464 0.25 0.04876219054763692 0.06999999999999998
0 0.2576894223555889 0.3175 0.05326331582895724 0.07
0 0.23405851462865718 0.42025 0.05551387846961742 0.07150000000000001
0 0.2798199549887472 0.36525 0.052513128282070554 0.0655
0 0.30626406601650413 0.19375 0.055888972243060775 0.0665
0 0.30607651912978245 0.27025 0.05626406601650413 0.0665
0 0.32389347336834207 0.33099999999999996 0.05363840960240057 0.07
0 0.32333083270817703 0.39549999999999996 0.0547636909227307 0.07300000000000001
0 0.29013503375843963 0.4455 0.055138784696174004 0.068
0 0.24849962490622657 0.51675 0.05963990997749438 0.07250000000000006
0 0.2843210802700675 0.5545 0.05626406601650413 0.07400000000000007
0 0.3073893473368342 0.49825 0.05363840960240063 0.07150000000000001
0 0.3407726931732933 0.47124999999999995 0.04913728432108028 0.07849999999999996
0 0.34696174043510875 0.55175 0.04876219054763692 0.07050000000000001
0 0.3370217554388597 0.6272500000000001 0.05288822205551391 0.0675
0 0.3627156789197299 0.7165 0.0525131282820705 0.07499999999999996
0 0.42441860465116277 0.74225 0.04838709677419356 0.07250000000000001
0 0.46736684171042764 0.79075 0.06001500375093777 0.0625
0 0.4878094523630908 0.8612500000000001 0.05213803450862714 0.07150000000000001
0 0.38634658664666166 0.604 0.052513128282070554 0.07299999999999995
0 0.4139159789947487 0.65375 0.05363840960240063 0.0744999999999999
0 0.47449362340585144 0.7317499999999999 0.051012753188297066 0.07150000000000001
0 0.34902475618904727 0.225 0.052138034508627196 0.067
0 0.38053263315828956 0.16875 0.05513878469617406 0.07049999999999998
0 0.4309827456864216 0.1865 0.05851462865716428 0.07400000000000001
0 0.41710427606901723 0.267 0.054763690922730646 0.06599999999999998
0 0.367966991747937 0.29375 0.05626406601650408 0.07050000000000001
0 0.37453113278319583 0.358 0.05588897224306072 0.068
0 0.3722805701425356 0.42275 0.05363840960240063 0.0665
0 0.3833458364591148 0.51425 0.0525131282820705 0.07350000000000007
0 0.47093023255813954 0.24075000000000002 0.05288822205551391 0.06250000000000003
0 0.42235558889722435 0.3385 0.04876219054763692 0.063
0 0.4671792948237059 0.3155 0.052888222055513856 0.065
0 0.5151912978244562 0.27149999999999996 0.05438859714928734 0.063
0 0.5637659414853713 0.24925000000000003 0.05251312828207044 0.06350000000000003
0 0.5549512378094523 0.30625 0.048387096774193616 0.0645
0 0.5061890472618155 0.35 0.05438859714928729 0.066
0 0.46886721680420107 0.36825 0.0525131282820705 0.0665
0 0.4247936984246061 0.39175 0.05363840960240057 0.0645
0 0.41579144786196554 0.46575 0.04988747186796699 0.07549999999999996
0 0.4602400600150037 0.44575 0.05176294073518378 0.0665
0 0.45405101275318827 0.5005 0.05363840960240057 0.06399999999999995
0 0.42310577644411107 0.5660000000000001 0.049512378094523635 0.06900000000000006
0 0.4555513878469617 0.61975 0.052888222055513856 0.0635
0 0.49381095273818454 0.65725 0.04988747186796694 0.0674999999999999
0 0.5294448612153038 0.7397499999999999 0.05138784696174048 0.0695
0 0.5581395348837209 0.79 0.04951237809452369 0.06399999999999995
0 0.577456864216054 0.8492500000000001 0.046886721680420074 0.07350000000000001
0 0.6264066016504126 0.882 0.04726181545386354 0.07400000000000007
0 0.6796699174793699 0.89175 0.050262565641410295 0.057499999999999996
0 0.6569767441860466 0.8325 0.05513878469617406 0.06600000000000006
0 0.6127156789197299 0.80575 0.04913728432108033 0.07150000000000001
0 0.6175918979744937 0.7457499999999999 0.046886721680420074 0.0635
0 0.5361965491372843 0.6825 0.05138784696174037 0.06299999999999994
0 0.5969617404351089 0.6835 0.052138034508627196 0.06699999999999995
0 0.572768192048012 0.6305000000000001 0.04726181545386354 0.06599999999999995
0 0.49606151537884474 0.57425 0.052138034508627196 0.0685
0 0.4998124531132784 0.49724999999999997 0.04913728432108028 0.07049999999999995
0 0.5071267816954238 0.40825 0.0525131282820705 0.0645
0 0.5431357839459865 0.4385 0.045011252813203395 0.06499999999999995
0 0.5495123780945237 0.38525 0.04801200300075015 0.0595
0 0.5481995498874719 0.51775 0.05063765941485365 0.06250000000000006
0 0.5498874718679669 0.5805 0.05626406601650402 0.062000000000000055
0 0.6059639909977494 0.22875 0.04988747186796694 0.07350000000000001
0 0.6009002250562641 0.29600000000000004 0.048762190547636974 0.068
0 0.5952738184546136 0.35425 0.04726181545386343 0.0635
0 0.5894598649662415 0.41100000000000003 0.05363840960240063 0.068
0 0.5926481620405102 0.47675 0.05476369092273059 0.06749999999999995
0 0.5905851462865717 0.5449999999999999 0.04988747186796694 0.06599999999999995
0 0.6089647411852963 0.60175 0.0528882220555138 0.0655
0 0.627906976744186 0.65925 0.04651162790697683 0.0685
0 0.6545386346586647 0.7175 0.05326331582895727 0.06400000000000006
0 0.6828582145536384 0.74875 0.04913728432108033 0.07650000000000001
0 0.721305326331583 0.813 0.04426106526631657 0.061999999999999944
0 0.7755063765941486 0.8235 0.05288822205551391 0.05400000000000005
0 0.7591897974493623 0.761 0.04951237809452369 0.05800000000000005
0 0.8351462865716429 0.7665 0.044636159039759926 0.06799999999999995
0 0.8025131282820706 0.7130000000000001 0.05363840960240063 0.06500000000000006
0 0.7143660915228807 0.7085 0.04913728432108033 0.06899999999999995
0 0.7571267816954239 0.6805 0.04538634658664675 0.05800000000000005
0 0.8231432858214554 0.671 0.04763690922730679 0.06399999999999995
0 0.8602775693923481 0.63375 0.04538634658664664 0.0645
0 0.6845461365341335 0.64325 0.04726181545386354 0.0645
0 0.7252438109527382 0.645 0.04913728432108022 0.07299999999999995
0 0.7845086271567892 0.625 0.046886721680420185 0.06299999999999994
0 0.810952738184546 0.5865 0.04351087771942985 0.06899999999999995
0 0.8471492873218305 0.577 0.04388597149287321 0.061000000000000054
0 0.6519129782445612 0.5880000000000001 0.05176294073518373 0.05999999999999994
0 0.713053263315829 0.579 0.05176294073518384 0.06500000000000006
0 0.7426856714178545 0.59025 0.04351087771942996 0.0645
0 0.7768192048012004 0.5535 0.04801200300075015 0.06899999999999995
0 0.8237059264816204 0.5265 0.04876219054763686 0.06500000000000006
0 0.6369092273068266 0.5277499999999999 0.04801200300075015 0.07049999999999995
0 0.6768567141785446 0.5245 0.04613653413353336 0.06700000000000006
0 0.7278694673668418 0.5327500000000001 0.04613653413353347 0.0635
0 0.6342835708927232 0.46375 0.04951237809452358 0.0665
0 0.7027381845461365 0.4805 0.04913728432108033 0.05999999999999994
0 0.7509377344336083 0.48475 0.04951237809452358 0.06349999999999995
0 0.8115153788447111 0.48624999999999996 0.04613653413353336 0.062499999999999944
0 0.843960990247562 0.46699999999999997 0.04351087771942985 0.066
0 0.676669167291823 0.4435 0.04801200300075015 0.064
0 0.7139909977494374 0.42325 0.04538634658664675 0.0625
0 0.7659414853713429 0.41425 0.04426106526631657 0.0685
0 0.8154538634658665 0.41700000000000004 0.050262565641410406 0.067
0 0.6361590397599399 0.38549999999999995 0.05326331582895716 0.066
0 0.690735183795949 0.36975 0.05063765941485365 0.0645
0 0.7344336084021006 0.369 0.04951237809452358 0.057999999999999996
0 0.7972618154538635 0.35975 0.04913728432108033 0.0615
0 0.6363465866466617 0.31875 0.04913728432108022 0.0675
0 0.6800450112528131 0.2905 0.05101275318829701 0.066
0 0.7258064516129032 0.31074999999999997 0.05701425356339085 0.07249999999999995
0 0.778694673668417 0.30125 0.05326331582895716 0.0675
0 0.6541635408852213 0.22075 0.04801200300075015 0.0635
0 0.6999249812453113 0.2105 0.050262565641410406 0.069
0 0.7366841710427607 0.25275 0.050262565641410295 0.06449999999999997
0 0.787509377344336 0.239 0.05288822205551391 0.07000000000000003
