0 0.10183795948987247 0.5402499999999999 0.043135783945986494 0.057499999999999996
0 0.14122280570142537 0.49875 0.04763690922730682 0.07349999999999995
0 0.15397599399849962 0.5685 0.051387846961740424 0.06899999999999995
0 0.15210052513128283 0.636 0.05738934733683422 0.05899999999999994
0 0.195423855963991 0.6837500000000001 0.04426106526631657 0.055499999999999994
0 0.23930982745686422 0.6775 0.0525131282820705 0.06299999999999994
0 0.19504876219054762 0.5985 0.052513128282070526 0.05900000000000005
0 0.23724681170292572 0.6154999999999999 0.046886721680420074 0.07100000000000006
0 0.29276069017254314 0.65725 0.052138034508627196 0.0625
0 0.31207801950487624 0.61225 0.045011252813203284 0.0645
0 0.3430232558139535 0.66875 0.04538634658664664 0.0695
0 0.3839084771192798 0.66225 0.051387846961740424 0.0695
0 0.44111027756939236 0.6679999999999999 0.05626406601650413 0.06900000000000006
0 0.3925356339084771 0.5965 0.05663915978994749 0.06799999999999995
0 0.3242685671417854 0.5485 0.05363840960240057 0.07000000000000006
0 0.28488372093023256 0.51 0.05663915978994749 0.06400000000000006
0 0.2788822205551388 0.55875 0.05138784696174048 0.05249999999999999
0 0.22730682670667668 0.51875 0.05326331582895727 0.0675
0 0.19542385596399098 0.53225 0.052513128282070526 0.0685
0 0.2068642160540135 0.46175 0.046136534133533386 0.0655
0 0.23799699924981244 0.44725 0.05738934733683418 0.0685
0 0.2950112528132033 0.43225 0.060390097524381126 0.07749999999999996
0 0.18248312078019505 0.388 0.04913728432108028 0.067
0 0.13915978994748687 0.41675 0.04651162790697673 0.056499999999999995
0 0.18604651162790697 0.32425 0.05401350337584396 0.0675
0 0.23593398349587397 0.354 0.05551387846961742 0.066
0 0.28769692423105775 0.363 0.057764441110277565 0.067
0 0.2539384846211553 0.29125 0.05851462865716431 0.07150000000000001
0 0.19373593398349587 0.2675 0.05888972243060764 0.07199999999999998
0 0.16241560390097526 0.242 0.04576144036009003 0.06800000000000003
0 0.19561140285071268 0.192 0.04838709677419356 0.07200000000000001
0 0.231807951987997 0.21375 0.060765191297824483 0.0685
0 0.23255813953488372 0.12475 0.06526631657914478 0.07050000000000001
0 0.29932483120780196 0.192 0.054013503375843985 0.063
0 0.3207051762940735 0.27675 0.052513128282070554 0.07750000000000001
0 0.36702925731432856 0.30825 0.05738934733683421 0.07549999999999996
0 0.3516504126031508 0.37224999999999997 0.055888972243060775 0.08049999999999996
0 0.39122280570142537 0.42275 0.05851462865716428 0.07550000000000001
0 0.43267066766691675 0.41425 0.05663915978994749 0.08050000000000002
0 0.4474868717179295 0.4815 0.05626406601650413 0.06599999999999995
0 0.3403975993998499 0.484 0.052888222055513856 0.07800000000000001
0 0.39478619654913727 0.507 0.05513878469617406 0.07400000000000007
0 0.44617404351087775 0.5465 0.04838709677419356 0.07800000000000007
0 0.47843210802700675 0.61425 0.05063765941485371 0.07250000000000001
0 0.5226931732933233 0.57125 0.04988747186796694 0.07950000000000002
0 0.5093773443360841 0.49725 0.057014253563390904 0.0695
0 0.49268567141785446 0.4305 0.05738934733683415 0.08499999999999996
0 0.4773068267066767 0.34575 0.060390097524381126 0.07050000000000001
0 0.4208552138034508 0.33099999999999996 0.051012753188297066 0.07900000000000001
0 0.3769692423105776 0.255 0.06301575393848463 0.101
0 0.3505251312828207 0.21275 0.055888972243060775 0.08249999999999999
0 0.34508627156789196 0.12675 0.05701425356339085 0.07850000000000001
0 0.3919729932483121 0.07125000000000001 0.06076519129782443 0.0825
0 0.44748687171792945 0.107 0.062265566391597915 0.08199999999999999
0 0.40247561890472616 0.15825 0.04876219054763692 0.08650000000000001
0 0.44936234058514624 0.1905 0.06301575393848463 0.08500000000000002
0 0.46417854463615904 0.26725 0.06339084771192793 0.07649999999999998
0 0.5168792198049512 0.22 0.06076519129782443 0.09500000000000003
0 0.5170667666916728 0.11674999999999999 0.06489122280570137 0.08850000000000001
0 0.5855213803450863 0.09525 0.06751687921980487 0.07850000000000001
0 0.5641410352588148 0.16549999999999998 0.06226556639159797 0.08299999999999999
0 0.6374718679669917 0.1645 0.06714178544636162 0.103
0 0.5947111777944486 0.2465 0.06339084771192804 0.08299999999999999
0 0.5620780195048762 0.317 0.06414103525881476 0.08199999999999996
0 0.6474118529632408 0.2975 0.057764441110277565 0.08800000000000002
0 0.7021755438859715 0.23325 0.05701425356339085 0.08650000000000002
0 0.7019879969992497 0.35225 0.05738934733683421 0.08850000000000002
0 0.6198424606151538 0.40225 0.06339084771192804 0.08250000000000002
0 0.5468867216804201 0.39475 0.052513128282070554 0.07850000000000001
0 0.5817704426106527 0.45999999999999996 0.06451612903225812 0.07300000000000001
0 0.6400975243810954 0.481 0.06264066016504122 0.07
0 0.686046511627907 0.43174999999999997 0.057764441110277565 0.08349999999999996
0 0.5716429107276819 0.53025 0.052513128282070554 0.07650000000000001
0 0.6282820705176294 0.55875 0.05626406601650413 0.07250000000000001
0 0.6200300075018754 0.62825 0.05551387846961742 0.0675
0 0.6772318079519879 0.5965 0.05663915978994749 0.07899999999999996
0 0.6624156039009752 0.68425 0.061515378844711255 0.07050000000000001
0 0.7295573893473368 0.66075 0.06076519129782443 0.0655
0 0.7886346586646662 0.688 0.06264066016504122 0.06900000000000006
0 0.8349587396849212 0.7130000000000001 0.05851462865716428 0.05900000000000005
0 0.7349962490622655 0.58125 0.05738934733683421 0.07550000000000001
0 0.7424981245311328 0.511 0.0663915978994748 0.07200000000000006
0 0.8013878469617404 0.53925 0.05813953488372092 0.0665
0 0.8030757689422355 0.59375 0.06076519129782443 0.0605
0 0.7625656414103525 0.443 0.06526631657914483 0.08099999999999996
0 0.8150787696924231 0.47175 0.06526631657914472 0.07949999999999996
0 0.7608777194298575 0.3195 0.061140285071267786 0.08599999999999997
0 0.8298949737434359 0.321 0.0708927231807952 0.08399999999999996
0 0.832145536384096 0.401 0.07239309827456863 0.07700000000000001
0 0.86496624156039 0.4745 0.05251312828207044 0.08199999999999996
0 0.8735933983495874 0.569 0.0547636909227307 0.07700000000000007
0 0.9274193548387097 0.59975 0.05513878469617406 0.0774999999999999
0 0.9047261815453864 0.65725 0.06676669167291827 0.07250000000000001
0 0.8953488372093024 0.73725 0.052513128282070554 0.07750000000000001
