0 0.16016504126031508 0.3845 0.07876969242310577 0.09599999999999997
0 0.1235933983495874 0.5660000000000001 0.08139534883720931 0.08999999999999997
0 0.12284321080270068 0.64775 0.07539384846211553 0.08150000000000002
0 0.16410352588147037 0.729 0.06339084771192799 0.08899999999999997
0 0.14459864966241562 0.46725 0.07239309827456865 0.07750000000000001
0 0.23293323330832708 0.271 0.08177044261065264 0.10700000000000001
0 0.23762190547636908 0.38475000000000004 0.08364591147786946 0.10249999999999998
0 0.20480120030007504 0.46199999999999997 0.0832708177044261 0.09099999999999997
0 0.20048762190547637 0.5509999999999999 0.07464366091522881 0.08999999999999997
0 0.18567141785446362 0.6425000000000001 0.07426856714178542 0.08300000000000007
0 0.22918229557389347 0.7745 0.06676669167291824 0.07899999999999996
0 0.24437359339834958 0.8512500000000001 0.06864216054013503 0.07150000000000001
0 0.24681170292573143 0.68425 0.06751687921980493 0.08550000000000002
0 0.30007501875468867 0.3335 0.0817704426106527 0.10200000000000004
0 0.3021380345086272 0.437 0.07539384846211555 0.08999999999999997
0 0.26312828207051764 0.52625 0.0791447861965491 0.09050000000000002
0 0.2575018754688672 0.595 0.07314328582145535 0.06999999999999995
0 0.2880720180045011 0.7887500000000001 0.06526631657914478 0.07750000000000001
0 0.31151537884471114 0.7055 0.07389347336834212 0.08000000000000007
0 0.31357839459864967 0.6275 0.06526631657914478 0.07799999999999996
0 0.345648912228057 0.5645 0.07014253563390849 0.08200000000000007
0 0.38053263315828956 0.29374999999999996 0.08589647411852963 0.10149999999999998
0 0.3672168042010503 0.38325 0.07426856714178548 0.08949999999999997
0 0.3623405851462866 0.8362499999999999 0.0682670667666917 0.09249999999999992
0 0.3525881470367592 0.7575000000000001 0.06751687921980493 0.06999999999999995
0 0.38109527381845465 0.63475 0.06826706676669164 0.07850000000000001
0 0.3923480870217554 0.71225 0.06526631657914478 0.09350000000000003
0 0.41072768192048015 0.78125 0.05626406601650408 0.0714999999999999
0 0.43360840210052515 0.85425 0.05551387846961742 0.07850000000000001
0 0.40510127531882967 0.55925 0.060765191297824483 0.08450000000000002
0 0.4289197299324831 0.44 0.07464366091522878 0.09199999999999997
0 0.4399849962490623 0.34375 0.08327081770442607 0.10350000000000004
0 0.4536759189797449 0.186 0.07989497374343585 0.11199999999999999
0 0.4579894973743436 0.5209999999999999 0.07201800450112528 0.09199999999999997
0 0.4814328582145536 0.606 0.068642160540135 0.08099999999999996
0 0.4416729182295574 0.6712499999999999 0.07464366091522878 0.07750000000000001
0 0.44804951237809454 0.74 0.06789197299324828 0.07400000000000007
0 0.47186796699174793 0.7985 0.059264816204050996 0.07400000000000007
0 0.49043510877719426 0.864 0.059639909977494354 0.07499999999999996
0 0.5198799699924981 0.743 0.06451612903225812 0.08299999999999996
0 0.5138784696174044 0.65225 0.06076519129782443 0.07850000000000001
0 0.5585146286571643 0.6885 0.059264816204050996 0.07400000000000007
0 0.5742685671417854 0.74975 0.05551387846961742 0.07650000000000001
0 0.5648912228057015 0.08 0.08402100525131273 0.11800000000000001
0 0.5637659414853713 0.18375 0.07576894223555886 0.10749999999999998
0 0.4966241560390097 0.24675 0.07501875468867214 0.10149999999999998
0 0.5176294073518379 0.34225 0.07951987996999249 0.09950000000000003
0 0.513503375843961 0.44025000000000003 0.06526631657914478 0.09349999999999997
0 0.540510127531883 0.5875 0.06226556639159786 0.07899999999999996
0 0.5238184546136534 0.5115000000000001 0.06564141035258814 0.08500000000000008
0 0.5622655663915979 0.28825 0.059264816204050996 0.09350000000000003
0 0.5652663165791447 0.3775 0.06976744186046513 0.09899999999999998
0 0.5825206301575394 0.46149999999999997 0.06526631657914483 0.08399999999999996
0 0.5896474118529632 0.54175 0.06001500375093771 0.08449999999999996
0 0.5926481620405102 0.6295 0.05476369092273059 0.07999999999999996
0 0.623218304576144 0.7045 0.0528882220555138 0.07299999999999995
0 0.6562265566391599 0.21125 0.07914478619654919 0.10750000000000001
0 0.6896099024756189 0.14575 0.07164291072768192 0.10750000000000001
0 0.6344711177794449 0.3265 0.0708927231807952 0.08300000000000002
0 0.6432858214553638 0.41400000000000003 0.06601650412603144 0.08700000000000002
0 0.650225056264066 0.49875 0.06639159789947491 0.08549999999999996
0 0.650225056264066 0.62925 0.05888972243060775 0.07250000000000001
0 0.6490997749437359 0.5607500000000001 0.059639909977494465 0.0695
0 0.6989872468117029 0.6872499999999999 0.059639909977494354 0.0635
0 0.7340585146286571 0.21975 0.06601650412603155 0.10250000000000001
0 0.7108027006751687 0.3095 0.06676669167291827 0.09499999999999997
0 0.7166166541635409 0.396 0.06789197299324834 0.09100000000000003
0 0.8055138784696174 0.2585 0.06939234808702177 0.1
0 0.8621530382595648 0.249 0.05813953488372092 0.10199999999999998
0 0.777006751687922 0.34225 0.059639909977494354 0.09450000000000003
0 0.7055513878469617 0.488 0.0547636909227307 0.08699999999999997
0 0.6982370592648162 0.571 0.055888972243060775 0.07399999999999995
0 0.7481245311327831 0.635 0.05813953488372092 0.06699999999999995
0 0.7702550637659416 0.4265 0.0663915978994748 0.08300000000000002
0 0.7803825956489122 0.49075 0.06189047261815461 0.07149999999999995
0 0.755251312828207 0.5485 0.06339084771192793 0.06899999999999995
0 0.826331582895724 0.377 0.05551387846961742 0.08399999999999996
0 0.8330832708177044 0.44375 0.05626406601650413 0.07749999999999996
0 0.8147036759189797 0.51675 0.06226556639159786 0.07950000000000002
0 0.8812828207051763 0.317 0.06264066016504133 0.08499999999999996
0 0.8990997749437359 0.39525 0.06226556639159786 0.07950000000000002
0 0.8852213053263316 0.471 0.05101275318829712 0.08000000000000002
0 0.5361965491372843 0.81475 0.06489122280570148 0.09050000000000002
