0 0.18248312078019505 0.45425 0.05663915978994749 0.07350000000000001
0 0.17160540135033758 0.54125 0.05213803450862714 0.07750000000000001
0 0.21699174793698425 0.5155000000000001 0.055888972243060775 0.07300000000000006
0 0.19111027756939236 0.5952500000000001 0.04388597149287324 0.0485000000000001
0 0.22918229557389347 0.5915 0.057764441110277565 0.06699999999999995
0 0.23162040510127535 0.6285000000000001 0.058889722430607666 0.04399999999999993
0 0.2695048762190547 0.54175 0.051387846961740424 0.0625
0 0.29538634658664664 0.58875 0.04988747186796699 0.056499999999999995
0 0.23012003000750186 0.37075 0.0536384096024006 0.07050000000000001
0 0.2516879219804951 0.30825 0.05701425356339085 0.07349999999999995
0 0.29444861215303825 0.36825 0.0547636909227307 0.07350000000000001
0 0.2698799699924981 0.42025 0.05063765941485371 0.0655
0 0.31676669167291827 0.45199999999999996 0.05213803450862714 0.06
0 0.3351462865716429 0.50825 0.04538634658664664 0.061500000000000055
0 0.3478994748687172 0.39025 0.05813953488372092 0.0635
0 0.3698424606151538 0.45025 0.0480120030007502 0.0665
0 0.38297074268567144 0.51125 0.04426106526631657 0.0625
0 0.3471492873218305 0.591 0.04613653413353341 0.06599999999999995
0 0.3396474118529632 0.6255 0.043885971492873266 0.04999999999999993
0 0.38484621155288823 0.639 0.04276069017254314 0.06099999999999994
0 0.41785446361590395 0.5625 0.04876219054763692 0.06800000000000006
0 0.19448612153038258 0.67525 0.050637659414853736 0.0625
0 0.22243060765191297 0.73275 0.05851462865716428 0.055499999999999994
0 0.2483120780195049 0.76975 0.048012003000750175 0.046499999999999986
0 0.27344336084021004 0.75325 0.049512378094523635 0.057499999999999996
0 0.2524381095273818 0.6995 0.05401350337584396 0.05699999999999994
0 0.31076519129782443 0.6952499999999999 0.052888222055513856 0.055499999999999994
0 0.3602775693923481 0.6832499999999999 0.04463615903975998 0.0695
0 0.3891597899474869 0.7535000000000001 0.05363840960240057 0.05799999999999994
0 0.41860465116279066 0.72225 0.0525131282820705 0.0605
0 0.4394223555888972 0.7565 0.047636909227306845 0.05700000000000005
0 0.43473368342085517 0.63825 0.05176294073518378 0.0595
0 0.4735558889722431 0.59825 0.04688672168042013 0.0695
0 0.4743060765191298 0.6930000000000001 0.05363840960240057 0.061000000000000054
0 0.4857464366091523 0.71825 0.04726181545386349 0.05349999999999999
0 0.16354088522130533 0.75475 0.04501125281320331 0.057499999999999996
0 0.19242310577644411 0.7969999999999999 0.051012753188297066 0.051000000000000045
0 0.22486871717929482 0.8375 0.051387846961740424 0.05699999999999994
0 0.2220555138784696 0.8985000000000001 0.04351087771942985 0.05900000000000005
0 0.29351087771942985 0.792 0.04913728432108028 0.05300000000000005
0 0.3342085521380345 0.8285 0.04051012753188299 0.052000000000000046
0 0.3216429107276819 0.76375 0.044636159039759926 0.05449999999999999
0 0.3570892723180795 0.8115 0.04876219054763686 0.05600000000000005
0 0.3884096024006002 0.82925 0.051387846961740424 0.05349999999999999
0 0.28132033008252066 0.88175 0.0525131282820705 0.0595
0 0.2963240810202551 0.931 0.05026256564141035 0.05799999999999994
0 0.33289572393098277 0.90325 0.047636909227306845 0.058499999999999996
0 0.3735933983495874 0.923 0.04651162790697677 0.05599999999999994
0 0.41916729182295576 0.93475 0.052888222055513856 0.05249999999999999
0 0.45255063765941483 0.9415 0.0453863465866467 0.06000000000000005
0 0.4418604651162791 0.831 0.045011252813203284 0.05300000000000005
0 0.4814328582145536 0.87275 0.046886721680420074 0.05249999999999999
0 0.4889347336834209 0.8185 0.0453863465866467 0.06000000000000005
0 0.5279444861215303 0.85975 0.0476369092273069 0.05249999999999999
0 0.536384096024006 0.81925 0.04351087771942985 0.0635
0 0.5030007501875469 0.935 0.04876219054763692 0.05300000000000005
0 0.5420105026256564 0.96775 0.04801200300075026 0.05049999999999999
0 0.5583270817704427 0.9092499999999999 0.043135783945986494 0.057499999999999996
0 0.5793323330832708 0.8532500000000001 0.04613653413353336 0.05149999999999999
0 0.6069017254313578 0.89025 0.04726181545386343 0.055499999999999994
0 0.5896474118529633 0.9415 0.04051012753188299 0.04800000000000004
0 0.6404726181545386 0.94625 0.0386346586646662 0.056499999999999995
0 0.6532258064516129 0.8605 0.048387096774193505 0.049000000000000044
0 0.6642910727681921 0.8825000000000001 0.036009002250562694 0.05700000000000005
0 0.6946736684171042 0.91875 0.037509377344336126 0.04849999999999999
0 0.7154913728432108 0.8952500000000001 0.050637659414853764 0.04949999999999999
0 0.6982370592648162 0.848 0.0476369092273069 0.05699999999999994
0 0.6639159789947486 0.7869999999999999 0.04201050262565642 0.05900000000000005
0 0.6099024756189046 0.7987500000000001 0.04351087771942985 0.055499999999999994
0 0.6198424606151538 0.7565 0.04388597149287321 0.05700000000000005
0 0.5669542385596399 0.7535000000000001 0.04913728432108022 0.05599999999999994
0 0.5819579894973743 0.7045 0.05138784696174048 0.05400000000000005
0 0.530570142535634 0.6970000000000001 0.0476369092273069 0.05799999999999994
0 0.6611027756939234 0.73025 0.052138034508627196 0.058499999999999996
0 0.7248687171792948 0.73725 0.048387096774193505 0.056499999999999995
0 0.7241185296324081 0.7887500000000001 0.04538634658664664 0.057499999999999996
0 0.764066016504126 0.86075 0.041260315078769705 0.04849999999999999
0 0.7828207051762941 0.804 0.04801200300075015 0.05900000000000005
0 0.8340210052513128 0.772 0.046886721680420074 0.052999999999999936
0 0.8582145536384096 0.736 0.05701425356339085 0.062000000000000055
0 0.780570142535634 0.718 0.04726181545386343 0.04400000000000004
0 0.7867591897974493 0.67825 0.04913728432108033 0.0635
0 0.7274943735933983 0.68225 0.04988747186796705 0.0645
0 0.6460990247561891 0.652 0.046886721680420074 0.06000000000000005
0 0.6961740435108776 0.6355 0.04801200300075015 0.04599999999999993
0 0.7479369842460615 0.62725 0.04201050262565642 0.05449999999999999
0 0.8015753938484621 0.60175 0.04801200300075026 0.0595
0 0.8291447861965491 0.6415 0.046886721680420185 0.061000000000000054
0 0.7539384846211552 0.57475 0.04801200300075015 0.056499999999999995
0 0.6909227306826706 0.583 0.05101275318829701 0.06300000000000006
0 0.6275318829707427 0.6167499999999999 0.050262565641410406 0.0635
0 0.5650787696924231 0.638 0.048387096774193505 0.06099999999999994
0 0.5159414853713429 0.64375 0.0408852213053264 0.05249999999999999
0 0.5198799699924981 0.6 0.04876219054763692 0.052000000000000046
0 0.5026256564141035 0.53825 0.05176294073518378 0.058499999999999996
0 0.4418604651162791 0.52075 0.049512378094523635 0.06650000000000006
0 0.4369842460615154 0.45599999999999996 0.051012753188297066 0.067
0 0.47655663915978996 0.47724999999999995 0.05213803450862714 0.05849999999999994
0 0.539947486871718 0.4605 0.04988747186796705 0.063
0 0.5519504876219055 0.51825 0.052138034508627085 0.0645
0 0.5798949737434358 0.5507500000000001 0.04726181545386343 0.055499999999999994
0 0.6076519129782445 0.52525 0.05176294073518373 0.061500000000000055
0 0.6571642910727682 0.55 0.052513128282070554 0.06999999999999995
0 0.701237809452363 0.5237499999999999 0.05513878469617406 0.0655
0 0.7616279069767442 0.52475 0.05438859714928734 0.07150000000000001
0 0.8062640660165041 0.53475 0.048387096774193505 0.0645
0 0.8075768942235559 0.46099999999999997 0.055513878469617306 0.07100000000000001
0 0.7545011252813203 0.38025 0.06039009752438107 0.08149999999999996
0 0.7775693923480871 0.39349999999999996 0.046511627906976716 0.07
0 0.7061140285071268 0.42275 0.048387096774193505 0.07450000000000001
0 0.7415603900975244 0.44975 0.059264816204050996 0.0605
0 0.6659789947486872 0.47925 0.05438859714928734 0.0695
0 0.5913353338334584 0.45825 0.0528882220555138 0.0615
0 0.6335333833458364 0.4115 0.05551387846961742 0.067
0 0.6809827456864217 0.36475 0.059639909977494354 0.0615
0 0.6271567891972993 0.33825 0.04726181545386354 0.07150000000000001
0 0.5836459114778695 0.38575 0.05626406601650413 0.07250000000000001
0 0.5296324081020255 0.39575 0.057764441110277565 0.07450000000000001
0 0.4876219054763691 0.4165 0.051012753188297066 0.057999999999999996
0 0.43792198049512376 0.382 0.05063765941485371 0.068
0 0.394973743435859 0.34075 0.05176294073518378 0.0655
0 0.5084396099024756 0.3335 0.056639159789947546 0.07500000000000001
0 0.5701425356339085 0.32825 0.057764441110277565 0.0685
0 0.30795198799699924 0.26625 0.05851462865716428 0.08349999999999999
0 0.3514628657164291 0.28125 0.05326331582895727 0.07650000000000001
0 0.34433608402100524 0.20800000000000002 0.05701425356339085 0.07899999999999999
0 0.4052888222055514 0.26175 0.055888972243060775 0.08049999999999999
0 0.4576144036009002 0.29375 0.05626406601650413 0.07450000000000001
0 0.42873218304576144 0.1485 0.05701425356339085 0.082
0 0.4553638409602401 0.2155 0.059264816204050996 0.08400000000000002
0 0.48349587396849214 0.14725 0.05851462865716428 0.0815
0 0.5316954238559639 0.1965 0.05363840960240063 0.08199999999999999
0 0.5039384846211553 0.2575 0.04463615903975998 0.08099999999999999
0 0.5572018004501125 0.2525 0.05663915978994749 0.07099999999999998
0 0.5369467366841711 0.11349999999999999 0.05738934733683421 0.079
0 0.5952738184546137 0.09625 0.0547636909227307 0.07450000000000001
0 0.6566016504126031 0.148 0.055888972243060775 0.079
0 0.5958364591147787 0.187 0.05363840960240063 0.07500000000000001
0 0.627344336084021 0.26425 0.05888972243060764 0.08349999999999999
0 0.6864216054013503 0.28800000000000003 0.05326331582895727 0.08000000000000002
0 0.6781695423855965 0.21675 0.0637659414853714 0.08250000000000002
0 0.740060015003751 0.19424999999999998 0.06301575393848458 0.08249999999999999
0 0.7421230307576894 0.267 0.061140285071267786 0.07299999999999998
