0 0.38559639909977494 0.11649999999999999 0.04201050262565642 0.05399999999999999
0 0.43023255813953487 0.082 0.036759189797449354 0.052
0 0.4643660915228807 0.0615 0.04576144036009 0.051
0 0.3707801950487622 0.23225 0.046886721680420074 0.058499999999999996
0 0.3992873218304576 0.188 0.044636159039759926 0.055999999999999994
0 0.4291072768192048 0.14925 0.04201050262565642 0.046499999999999986
0 0.4662415603900975 0.10725000000000001 0.04576144036009 0.05750000000000001
0 0.5095648912228057 0.10450000000000001 0.038634658664666144 0.05700000000000001
0 0.4645536384096024 0.1595 0.048387096774193505 0.062
0 0.5285071267816954 0.1295 0.04276069017254314 0.065
0 0.6069017254313578 0.0775 0.04726181545386343 0.069
0 0.5684546136534133 0.12025 0.04088522130532635 0.05449999999999999
0 0.6369092273068266 0.11699999999999999 0.03900975243810956 0.056999999999999995
0 0.5196924231057765 0.1865 0.04163540885221306 0.061
0 0.5669542385596399 0.1625 0.04388597149287321 0.05399999999999999
0 0.6245311327831957 0.16975 0.04576144036009 0.05050000000000002
0 0.6440360090022506 0.21375 0.04276069017254314 0.0595
0 0.5853338334583645 0.215 0.043135783945986494 0.066
0 0.41785446361590395 0.23249999999999998 0.04276069017254308 0.05600000000000002
0 0.4769317329332333 0.2265 0.04538634658664664 0.064
0 0.5080645161290323 0.25425000000000003 0.044636159039759926 0.05350000000000002
0 0.5435108777194299 0.2495 0.0367591897974493 0.05100000000000002
0 0.45555138784696175 0.27849999999999997 0.044636159039759926 0.055999999999999994
0 0.5350712678169542 0.28800000000000003 0.04763690922730679 0.067
0 0.5782070517629407 0.27075 0.04913728432108022 0.05049999999999999
0 0.6155288822205551 0.258 0.04351087771942985 0.04799999999999996
0 0.65847711927982 0.2865 0.043135783945986494 0.061
0 0.413728432108027 0.29425 0.04351087771942985 0.0595
0 0.32895723930982745 0.33299999999999996 0.04876219054763686 0.057999999999999996
0 0.37471867966991745 0.33375 0.045761440360090055 0.0625
0 0.4167291822955739 0.36425 0.04351087771942985 0.058499999999999996
0 0.450112528132033 0.32975 0.04426106526631657 0.05149999999999999
0 0.6089647411852963 0.31675 0.044636159039759926 0.056499999999999995
0 0.7134283570892723 0.3265 0.04351087771942985 0.055999999999999994
0 0.6421605401350338 0.35650000000000004 0.04651162790697683 0.062
0 0.6815453863465866 0.36950000000000005 0.04351087771942985 0.057999999999999996
0 0.7119279819954989 0.40625 0.045011252813203284 0.056499999999999995
0 0.562828207051763 0.35750000000000004 0.04613653413353336 0.055999999999999994
0 0.6611027756939235 0.42225 0.04163540885221306 0.0615
0 0.7496249062265566 0.45325 0.04538634658664664 0.056499999999999995
0 0.4883720930232558 0.36275 0.0480120030007502 0.05149999999999999
0 0.5283195798949737 0.38225 0.04238559639909978 0.05349999999999999
0 0.5701425356339085 0.40549999999999997 0.04651162790697683 0.06
0 0.6147786946736684 0.40049999999999997 0.04201050262565642 0.05399999999999999
0 0.6134658664666166 0.4575 0.04388597149287321 0.05499999999999999
0 0.6948612153038259 0.46825 0.04538634658664664 0.05349999999999999
0 0.7650037509377344 0.495 0.0386346586646662 0.052999999999999936
0 0.3285821455363841 0.39749999999999996 0.05101275318829712 0.063
0 0.37884471117779445 0.39825 0.04801200300075015 0.058499999999999996
0 0.2938859714928732 0.4475 0.046886721680420074 0.06
0 0.35352588147036756 0.43999999999999995 0.043885971492873266 0.06
0 0.4493623405851463 0.41475 0.04801200300075015 0.0625
0 0.5045011252813203 0.42700000000000005 0.04876219054763692 0.061
0 0.5510127531882971 0.4555 0.04801200300075015 0.055999999999999994
0 0.40303825956489125 0.45575 0.04463615903975998 0.055499999999999994
0 0.4698049512378094 0.47 0.047636909227306845 0.06099999999999994
0 0.277006751687922 0.49024999999999996 0.03413353338334585 0.03849999999999998
0 0.3073893473368342 0.517 0.04763690922730679 0.06400000000000006
0 0.34921230307576895 0.50525 0.04801200300075015 0.061500000000000055
0 0.40078769692423105 0.5045 0.04613653413353336 0.061000000000000054
0 0.4416729182295574 0.508 0.04388597149287321 0.05299999999999999
0 0.4844336084021006 0.5245 0.04688672168042013 0.061000000000000054
0 0.527006751687922 0.51725 0.045011252813203284 0.0625
0 0.5832708177044261 0.494 0.04276069017254314 0.06099999999999994
0 0.6234058514628658 0.523 0.04576144036009 0.06400000000000006
0 0.6626031507876969 0.51125 0.046886721680420074 0.06350000000000006
0 0.7111777944486122 0.51925 0.045011252813203284 0.058499999999999996
0 0.744748687171793 0.54725 0.03788447111777937 0.05349999999999999
0 0.5620780195048762 0.5555 0.04388597149287321 0.062000000000000055
0 0.6014628657164292 0.575 0.04388597149287321 0.05500000000000005
0 0.6669167291822955 0.57325 0.04801200300075015 0.0605
0 0.7025506376594148 0.5780000000000001 0.04201050262565642 0.06599999999999995
0 0.7402475618904726 0.6134999999999999 0.044636159039759926 0.05999999999999994
0 0.7149287321830458 0.65275 0.04201050262565642 0.0625
0 0.6459114778694675 0.6145 0.04576144036009 0.05399999999999994
0 0.5103150787696924 0.5805 0.04763690922730679 0.05699999999999994
0 0.5575768942235559 0.61575 0.050637659414853764 0.0645
0 0.5960240060015003 0.6315 0.037509377344336126 0.05900000000000005
0 0.6209677419354839 0.6779999999999999 0.046886721680420074 0.06399999999999995
0 0.6599774943735934 0.6692499999999999 0.04013503375843963 0.05349999999999999
0 0.6946736684171042 0.7242500000000001 0.045011252813203284 0.0595
0 0.7340585146286571 0.7075 0.045011252813203284 0.05699999999999994
0 0.3304576144036009 0.60925 0.05176294073518378 0.0665
0 0.25937734433608406 0.7185 0.04913728432108028 0.06499999999999995
0 0.3705926481620405 0.65075 0.04726181545386343 0.058499999999999996
0 0.4804951237809452 0.61775 0.04576144036009 0.0665
0 0.30888972243060764 0.696 0.04388597149287321 0.05799999999999994
0 0.40153788447111777 0.69625 0.04163540885221306 0.0655
0 0.44467366841710426 0.68475 0.04238559639909978 0.0665
0 0.4908102025506377 0.6915 0.04838709677419356 0.06299999999999994
0 0.5202550637659416 0.648 0.04576144036009 0.06499999999999995
0 0.2996999249812453 0.75725 0.04876219054763686 0.0625
0 0.2803825956489122 0.81125 0.044636159039759926 0.0605
0 0.2981995498874719 0.88 0.04726181545386349 0.06800000000000006
0 0.34377344336084026 0.8952500000000001 0.04838709677419356 0.07350000000000001
0 0.41147786946736686 0.8340000000000001 0.0480120030007502 0.06599999999999995
0 0.43210802700675166 0.746 0.049512378094523635 0.06499999999999995
0 0.5354463615903976 0.70625 0.04613653413353336 0.0695
0 0.577456864216054 0.6825 0.0528882220555138 0.06600000000000006
0 0.5033758439609902 0.74625 0.053263315828957214 0.0685
0 0.6010877719429857 0.72825 0.04913728432108033 0.058499999999999996
0 0.6492873218304576 0.72975 0.04951237809452358 0.0625
0 0.4051012753188297 0.892 0.04576144036009 0.062000000000000055
0 0.46736684171042764 0.8102499999999999 0.049512378094523635 0.0655
0 0.5198799699924981 0.80175 0.04726181545386349 0.0625
0 0.5622655663915979 0.76 0.04351087771942985 0.06400000000000006
0 0.4536759189797449 0.864 0.04988747186796699 0.06299999999999994
0 0.49643660915228804 0.8435 0.04988747186796694 0.06299999999999994
0 0.5172543135783946 0.90025 0.045761440360090055 0.05449999999999999
0 0.5440735183795948 0.85175 0.04988747186796705 0.0665
0 0.5911477869467368 0.8280000000000001 0.041260315078769705 0.06599999999999995
0 0.617966991747937 0.7845 0.046886721680420074 0.05800000000000005
0 0.681357839459865 0.7825 0.043135783945986494 0.06400000000000006
0 0.728244561140285 0.76275 0.04388597149287332 0.0635
0 0.5690172543135783 0.88625 0.04201050262565642 0.058499999999999996
0 0.5547636909227307 0.9239999999999999 0.04951237809452369 0.06599999999999995
0 0.6329707426856714 0.8454999999999999 0.04913728432108022 0.05999999999999994
0 0.6241560390097525 0.8992500000000001 0.04351087771942985 0.0595
0 0.5933983495873969 0.9315 0.04201050262565642 0.05800000000000005
0 0.6327831957989498 0.9545 0.04351087771942985 0.05800000000000005
0 0.6699174793698424 0.91825 0.045011252813203284 0.058499999999999996
0 0.6736684171042762 0.852 0.04351087771942985 0.05499999999999994
0 0.7098649662415604 0.819 0.04388597149287321 0.05999999999999994
0 0.3454613653413353 0.708 0.05026256564141035 0.05900000000000005
