0 0.1665416354088522 0.67975 0.048012003000750175 0.07250000000000001
0 0.17779444861215304 0.7422500000000001 0.04576144036009003 0.0635
0 0.22111777944486122 0.743 0.055888972243060775 0.08499999999999996
0 0.17704426106526633 0.60825 0.049512378094523635 0.0645
0 0.2306826706676669 0.64475 0.0652663165791448 0.07850000000000001
0 0.2644411102775694 0.6839999999999999 0.052513128282070526 0.07500000000000007
0 0.27663165791447863 0.7484999999999999 0.05213803450862714 0.06999999999999995
0 0.3195798949737434 0.788 0.062265566391597915 0.06599999999999995
0 0.39309827456864216 0.74525 0.05176294073518384 0.07150000000000001
0 0.3177044261065266 0.7005 0.05701425356339085 0.07400000000000007
0 0.377344336084021 0.6890000000000001 0.054013503375843985 0.06300000000000006
0 0.4356714178544636 0.71625 0.05888972243060764 0.0695
0 0.4743060765191298 0.75675 0.052888222055513856 0.0675
0 0.527006751687922 0.7702500000000001 0.057764441110277565 0.07750000000000001
0 0.49324831207801956 0.6865 0.060765191297824483 0.06800000000000006
0 0.48087021755438863 0.62425 0.05476369092273076 0.07650000000000001
0 0.42441860465116277 0.64575 0.05663915978994749 0.07450000000000001
0 0.37115528882220555 0.6125 0.052138034508627196 0.06799999999999995
0 0.3034508627156789 0.618 0.06001500375093777 0.07600000000000007
0 0.25806451612903225 0.55025 0.06001500375093771 0.07450000000000001
0 0.1984246061515379 0.5720000000000001 0.05701425356339085 0.06900000000000006
0 0.2222430607651913 0.495 0.06339084771192802 0.07499999999999996
0 0.23237059264816204 0.42100000000000004 0.06189047261815456 0.07800000000000001
0 0.25975243810952736 0.345 0.05513878469617403 0.08600000000000002
0 0.3013878469617404 0.4215 0.05813953488372092 0.08400000000000002
0 0.28675918979744935 0.4925 0.06039009752438107 0.07599999999999996
0 0.31807951987996996 0.55025 0.05776444111027762 0.0665
0 0.36759189797449365 0.492 0.06301575393848463 0.07899999999999996
0 0.37978244561140284 0.55125 0.05438859714928734 0.0635
0 0.43135783945986494 0.5802499999999999 0.06826706676669164 0.08150000000000002
0 0.44111027756939236 0.49725 0.05851462865716428 0.07750000000000001
0 0.3606526631657915 0.41475 0.06189047261815456 0.08250000000000002
0 0.33027006751687926 0.347 0.06114028507126784 0.08300000000000002
0 0.30382595648912225 0.27275 0.05551387846961736 0.07650000000000001
0 0.3537134283570893 0.2855 0.062265566391597915 0.08700000000000002
0 0.40753938484621155 0.34425 0.05738934733683421 0.08350000000000002
0 0.45461365341335336 0.3205 0.06451612903225806 0.09199999999999997
0 0.4240435108777194 0.23600000000000002 0.05738934733683421 0.08900000000000002
0 0.45573893473368343 0.16999999999999998 0.06976744186046513 0.099
0 0.5076894223555889 0.246 0.06114028507126784 0.08599999999999997
0 0.5566391597899474 0.178 0.07051762940735185 0.098
0 0.59152288072018 0.23800000000000002 0.0547636909227307 0.07500000000000001
0 0.5935858964741185 0.3165 0.05438859714928723 0.08499999999999996
0 0.5316954238559639 0.3185 0.05663915978994749 0.07699999999999996
0 0.5003750937734434 0.38049999999999995 0.04651162790697677 0.07300000000000001
0 0.44036009002250565 0.4195 0.06451612903225806 0.08500000000000002
0 0.4904351087771943 0.46475 0.055138784696174004 0.0655
0 0.5444486121530383 0.447 0.06039009752438107 0.08599999999999997
0 0.5977119279819956 0.469 0.055888972243060775 0.07600000000000001
0 0.5932108027006752 0.39275 0.058139534883721034 0.07350000000000001
0 0.6519129782445612 0.41375 0.059264816204050996 0.07250000000000001
0 0.6504126031507877 0.33299999999999996 0.06076519129782454 0.08400000000000002
0 0.6616654163540885 0.2525 0.06751687921980498 0.08399999999999999
0 0.6192798199549887 0.156 0.06076519129782443 0.08600000000000001
0 0.6717929482370593 0.17125 0.05551387846961742 0.07549999999999998
0 0.49324831207801945 0.5527500000000001 0.054763690922730646 0.07150000000000001
0 0.5461365341335334 0.55125 0.05626406601650413 0.07950000000000002
0 0.6024006001500375 0.57375 0.06451612903225801 0.07050000000000001
0 0.5403225806451613 0.6245 0.061140285071267786 0.08199999999999996
0 0.5521380345086272 0.6859999999999999 0.05551387846961742 0.06900000000000006
0 0.609152288072018 0.7030000000000001 0.0547636909227307 0.07399999999999995
0 0.5815828957239311 0.75075 0.05288822205551391 0.07250000000000001
0 0.6340960240060014 0.765 0.05888972243060764 0.07499999999999996
0 0.6776069017254314 0.6895 0.0611402850712679 0.07600000000000007
0 0.6950487621905477 0.75925 0.05551387846961742 0.0655
0 0.6611027756939234 0.595 0.05738934733683421 0.06999999999999995
0 0.6485371342835708 0.52275 0.06676669167291827 0.07450000000000007
0 0.7025506376594148 0.48850000000000005 0.06376594148537129 0.07900000000000001
0 0.7183045761440361 0.5627500000000001 0.06451612903225812 0.0655
0 0.7199924981245311 0.63575 0.059639909977494354 0.08250000000000002
0 0.7106151537884471 0.40625 0.05288822205551391 0.07550000000000001
0 0.7134283570892723 0.33375 0.06376594148537129 0.08450000000000002
0 0.7644411102775694 0.33325 0.04576144036009 0.08150000000000002
0 0.7393098274568642 0.2515 0.06301575393848458 0.09
0 0.7871342835708928 0.21200000000000002 0.05738934733683421 0.088
0 0.8353338334583646 0.25475 0.05251312828207044 0.07049999999999998
0 0.8940360090022506 0.3085 0.0611402850712679 0.08599999999999997
0 0.850337584396099 0.33599999999999997 0.05926481620405111 0.08300000000000002
0 0.8411477869467368 0.41025 0.052138034508627196 0.07750000000000001
0 0.8225806451612903 0.45925 0.07051762940735185 0.09350000000000003
0 0.7704426106526632 0.52075 0.054013503375843985 0.07650000000000007
0 0.8306451612903225 0.57375 0.05813953488372092 0.07550000000000001
0 0.7886346586646662 0.62 0.06789197299324834 0.08000000000000007
0 0.8021380345086271 0.68225 0.05363840960240063 0.07650000000000001
0 0.7329332333083272 0.6990000000000001 0.0637659414853714 0.06700000000000006
0 0.7496249062265566 0.7555000000000001 0.053638409602400516 0.061000000000000054
0 0.804013503375844 0.7665 0.04988747186796694 0.06500000000000006
0 0.8520255063765941 0.7277499999999999 0.048387096774193505 0.07950000000000002
0 0.8756564141035259 0.67175 0.06564141035258819 0.07250000000000001
0 0.9067891972993248 0.60325 0.06864216054013506 0.08050000000000002
0 0.9287321830457614 0.5309999999999999 0.06826706676669159 0.06799999999999995
0 0.8947861965491373 0.475 0.05888972243060764 0.07400000000000001
0 0.832145536384096 0.49625 0.06639159789947491 0.0655
0 0.6093398349587398 0.6412500000000001 0.059639909977494354 0.07550000000000001
