0 0.14291072768192048 0.469 0.07726931732933234 0.09099999999999997
0 0.15585146286571644 0.5449999999999999 0.07614403600900224 0.08500000000000008
0 0.16729182295573894 0.6192500000000001 0.06901725431357841 0.07950000000000002
0 0.1310952738184546 0.73 0.07614403600900224 0.06600000000000006
0 0.20461365341335333 0.7675000000000001 0.07914478619654913 0.07900000000000007
0 0.2764441110277569 0.78625 0.06451612903225806 0.08050000000000002
0 0.22486871717929482 0.67075 0.06264066016504127 0.07650000000000001
0 0.29257314328582146 0.6779999999999999 0.06676669167291827 0.08199999999999996
0 0.33983495873968494 0.7225 0.062265566391597915 0.07299999999999995
0 0.24681170292573143 0.5820000000000001 0.062265566391597915 0.08300000000000007
0 0.2297449362340585 0.504 0.0618904726181545 0.08499999999999996
0 0.21024006001500375 0.40549999999999997 0.06339084771192799 0.08800000000000002
0 0.18529632408102026 0.31575 0.06301575393848463 0.10949999999999999
0 0.2334958739684921 0.19924999999999998 0.07989497374343585 0.0955
0 0.268192048012003 0.2965 0.0720180045011253 0.08700000000000002
0 0.30307576894223553 0.38575000000000004 0.07276819204801205 0.10949999999999999
0 0.3013878469617405 0.487 0.06639159789947485 0.09299999999999997
0 0.3246436609152288 0.5782499999999999 0.06339084771192799 0.08750000000000002
0 0.377344336084021 0.595 0.052513128282070554 0.07899999999999996
0 0.38559639909977494 0.6732499999999999 0.05626406601650413 0.0595
0 0.40585146286571644 0.7745 0.06001500375093771 0.07500000000000007
0 0.46586646661665415 0.726 0.05701425356339085 0.07200000000000006
0 0.4478619654913728 0.66275 0.06001500375093777 0.08449999999999991
0 0.38728432108027006 0.5175 0.059639909977494354 0.08800000000000002
0 0.34921230307576895 0.44825 0.05551387846961742 0.07850000000000001
0 0.36234058514628653 0.3695 0.053263315828957214 0.08499999999999996
0 0.326894223555889 0.29000000000000004 0.05888972243060764 0.09800000000000003
0 0.36459114778694673 0.16125 0.06526631657914483 0.08350000000000002
0 0.3927231807951988 0.271 0.06376594148537129 0.10200000000000001
0 0.4553638409602401 0.059000000000000004 0.049512378094523635 0.085
0 0.4315453863465867 0.13724999999999998 0.06564141035258814 0.0915
0 0.4531132783195799 0.22175 0.051012753188297066 0.09050000000000002
0 0.4367966991747937 0.34875 0.059639909977494354 0.08750000000000002
0 0.4212303075768942 0.44175 0.06676669167291827 0.08549999999999996
0 0.4754313578394599 0.4275 0.05213803450862714 0.066
0 0.45161290322580644 0.5465 0.05851462865716428 0.08000000000000007
0 0.49268567141785446 0.4875 0.05063765941485371 0.06999999999999995
0 0.5001875468867216 0.556 0.052138034508627196 0.07100000000000006
0 0.5390097524381094 0.61775 0.04726181545386343 0.07050000000000001
0 0.5039384846211553 0.681 0.05213803450862714 0.07799999999999996
0 0.5782070517629407 0.706 0.05513878469617395 0.08399999999999996
0 0.6327831957989497 0.66675 0.052513128282070554 0.08649999999999991
0 0.5513878469617404 0.5305 0.05326331582895716 0.068
0 0.5990247561890473 0.528 0.03450862715678915 0.069
0 0.5527006751687922 0.45499999999999996 0.05363840960240063 0.07700000000000001
0 0.6069017254313578 0.4705 0.04876219054763686 0.06799999999999995
0 0.5472618154538634 0.36825 0.05551387846961742 0.07050000000000001
0 0.5255063765941486 0.303 0.04801200300075015 0.09399999999999997
0 0.5866466616654163 0.3025 0.06076519129782443 0.08299999999999996
0 0.5071267816954239 0.2 0.06001500375093777 0.064
0 0.49324831207801945 0.119 0.054763690922730646 0.08700000000000001
0 0.5613278319579895 0.10099999999999999 0.05138784696174048 0.08499999999999999
0 0.5759564891222806 0.20800000000000002 0.059639909977494354 0.094
0 0.6001500375093773 0.254 0.04276069017254314 0.06799999999999998
0 0.6095273818454614 0.355 0.04201050262565642 0.07800000000000001
0 0.63503375843961 0.6085 0.04201050262565642 0.05599999999999994
0 0.682483120780195 0.6799999999999999 0.044636159039759926 0.07599999999999996
0 0.6695423855963991 0.7242500000000001 0.041260315078769705 0.04749999999999999
0 0.6864216054013503 0.75575 0.04201050262565642 0.058499999999999996
0 0.7154913728432108 0.78 0.03788447111777937 0.05800000000000005
0 0.7595648912228057 0.79375 0.04351087771942985 0.04949999999999999
0 0.7421230307576894 0.735 0.046886721680420185 0.05600000000000005
0 0.7706301575393848 0.726 0.028132033008252066 0.06499999999999995
0 0.796324081020255 0.67175 0.03900975243810956 0.0665
0 0.8199549887471868 0.67825 0.02775693923480871 0.0625
0 0.837959489872468 0.6234999999999999 0.04051012753188299 0.061999999999999944
0 0.8038259564891224 0.59125 0.04801200300075015 0.0764999999999999
0 0.7329332333083272 0.6234999999999999 0.050262565641410295 0.06599999999999995
0 0.6961740435108777 0.655 0.02775693923480871 0.04700000000000004
0 0.6669167291822955 0.58925 0.04426106526631657 0.056499999999999995
0 0.7134283570892723 0.56 0.04426106526631657 0.061999999999999944
0 0.6817329332333083 0.5389999999999999 0.035633908477119336 0.07100000000000006
0 0.6597899474868718 0.47124999999999995 0.04726181545386343 0.07249999999999995
0 0.7059264816204052 0.489 0.045011252813203284 0.07099999999999995
0 0.7515003750937734 0.4465 0.04988747186796694 0.061
0 0.7620030007501876 0.50125 0.04388597149287321 0.0645
0 0.81807951987997 0.46575 0.04351087771942985 0.0635
0 0.6671042760690173 0.376 0.052138034508627196 0.06599999999999995
0 0.6896099024756189 0.40275 0.04013503375843963 0.0625
0 0.7950112528132033 0.41775 0.04538634658664664 0.07350000000000001
0 0.6536009002250562 0.3045 0.04238559639909978 0.07500000000000001
0 0.7164291072768192 0.33999999999999997 0.048762190547636974 0.08000000000000002
0 0.7573143285821455 0.34650000000000003 0.04651162790697683 0.07400000000000001
0 0.8312078019504876 0.358 0.04276069017254314 0.07500000000000001
0 0.7618154538634658 0.28400000000000003 0.04426106526631657 0.069
0 0.6781695423855965 0.216 0.04276069017254314 0.07600000000000001
0 0.699549887471868 0.261 0.030757689422355572 0.06799999999999998
0 0.7800075018754689 0.17475000000000002 0.059639909977494354 0.07949999999999999
0 0.6545386346586646 0.15 0.04276069017254314 0.074
0 0.6399099774943735 0.07425000000000001 0.04726181545386343 0.0805
