0 0.1991747936984246 0.27375 0.06676669167291824 0.08249999999999999
0 0.2531882970742686 0.315 0.0525131282820705 0.08699999999999997
0 0.2059264816204051 0.36975 0.057764441110277565 0.08649999999999997
0 0.23818454613653414 0.4135 0.06451612903225806 0.09300000000000003
0 0.2524381095273819 0.50625 0.0615153788447112 0.10049999999999998
0 0.31095273818454616 0.5389999999999999 0.06301575393848463 0.08999999999999997
0 0.3008252063015754 0.44675 0.06451612903225806 0.08949999999999997
0 0.29932483120780196 0.36175 0.06376594148537135 0.09049999999999997
0 0.2231807951987997 0.1785 0.05851462865716428 0.07699999999999999
0 0.24643660915228807 0.23325 0.062265566391597915 0.07550000000000001
0 0.29351087771942985 0.266 0.06789197299324834 0.086
0 0.2753188297074268 0.125 0.05401350337584393 0.081
0 0.30045011252813203 0.17225000000000001 0.05326331582895727 0.08249999999999999
0 0.33927231807951985 0.20725 0.05963990997749441 0.0905
0 0.3495873968492123 0.303 0.059264816204050996 0.08999999999999997
0 0.3287696924231058 0.10300000000000001 0.05738934733683421 0.07500000000000001
0 0.36309077269317325 0.13924999999999998 0.0660165041260315 0.0725
0 0.39647411852963244 0.08424999999999999 0.054763690922730646 0.0755
0 0.44223555888972244 0.1585 0.06076519129782443 0.07900000000000001
0 0.41204051012753184 0.25325 0.06189047261815456 0.0895
0 0.4341710427606902 0.32825 0.06264066016504127 0.08850000000000002
0 0.3672168042010503 0.38875 0.06826706676669164 0.08550000000000002
0 0.42085521380345087 0.41575 0.06601650412603155 0.08950000000000002
0 0.36946736684171044 0.4795 0.06301575393848463 0.08199999999999996
0 0.3893473368342085 0.5775 0.06301575393848463 0.09200000000000008
0 0.43079519879969996 0.5235 0.06264066016504127 0.09499999999999997
0 0.4474868717179295 0.6125 0.07276819204801199 0.08799999999999997
0 0.4714928732183046 0.11224999999999999 0.04576144036009 0.0735
0 0.5131282820705176 0.0875 0.06526631657914478 0.076
0 0.4941860465116279 0.194 0.0641410352588147 0.07600000000000001
0 0.4671792948237059 0.25225 0.06714178544636157 0.0895
0 0.5331957989497375 0.2665 0.06339084771192804 0.092
0 0.5013128282070518 0.35375 0.07164291072768197 0.08450000000000002
0 0.4934358589647412 0.445 0.06939234808702177 0.08699999999999997
0 0.5016879219804952 0.5277499999999999 0.07239309827456869 0.09049999999999997
0 0.5195048762190548 0.6187499999999999 0.07426856714178542 0.09350000000000003
0 0.5346961740435109 0.7202500000000001 0.07614403600900221 0.10449999999999993
0 0.6369092273068266 0.77325 0.06976744186046513 0.11949999999999994
0 0.577456864216054 0.57125 0.06639159789947491 0.09850000000000003
0 0.6247186796699175 0.5045000000000001 0.06864216054013506 0.09500000000000003
0 0.569767441860465 0.40925 0.07126781695423856 0.08250000000000002
0 0.5902100525131283 0.32075 0.07389347336834207 0.09449999999999997
0 0.5712678169542386 0.19274999999999998 0.07051762940735173 0.08349999999999999
0 0.5881470367591899 0.1095 0.0682670667666917 0.07899999999999999
0 0.663728432108027 0.14325 0.07164291072768192 0.0915
0 0.7256189047261815 0.21175 0.06939234808702177 0.0955
0 0.6391597899474869 0.23275 0.07951987996999255 0.09350000000000003
0 0.6699174793698425 0.305 0.06826706676669159 0.09999999999999998
0 0.7355588897224306 0.3145 0.07576894223555886 0.10299999999999998
0 0.6385971492873218 0.40625 0.07239309827456863 0.10250000000000004
0 0.7132408102025507 0.41675 0.0798949737434359 0.09450000000000003
0 0.7890097524381096 0.40125 0.0708927231807952 0.08750000000000002
0 0.6905476369092274 0.522 0.08027006751687915 0.09300000000000003
0 0.758814703675919 0.48075 0.07651912978244568 0.09549999999999997
0 0.6534133533383346 0.5985 0.07876969242310572 0.10499999999999998
0 0.7355588897224306 0.5845 0.08027006751687915 0.10799999999999998
0 0.6862340585146287 0.68975 0.0843960990247562 0.09850000000000003
0 0.7556264066016505 0.73275 0.08289572393098277 0.11450000000000005
0 0.701237809452363 0.837 0.08589647411852963 0.10699999999999998
0 0.7961365341335334 0.64325 0.08514628657164292 0.10050000000000003
0 0.8278319579894974 0.5522499999999999 0.08027006751687926 0.09950000000000003
0 0.832708177044261 0.46325 0.0817704426106527 0.09950000000000003
