0 0.14197299324831208 0.80525 0.022880720180045 0.035499999999999976
0 0.13015753938484623 0.736 0.03675918979744937 0.04499999999999993
0 0.16072768192048012 0.75725 0.028882220555138782 0.03649999999999998
0 0.17966991747936983 0.784 0.036759189797449354 0.040000000000000036
0 0.19973743435858965 0.8125 0.036384096024005996 0.040999999999999925
0 0.13109527381845462 0.696 0.037134283570892726 0.03599999999999992
0 0.13878469617404351 0.651 0.027006751687921993 0.04300000000000004
0 0.14722430607651915 0.6712499999999999 0.033383345836459105 0.04749999999999999
0 0.16354088522130533 0.6990000000000001 0.03300825206301575 0.03300000000000003
0 0.18473368342085522 0.68625 0.029632408102025498 0.04049999999999998
0 0.1942985746436609 0.7284999999999999 0.02775693923480868 0.04300000000000004
0 0.2175543885971493 0.7515000000000001 0.033008252063015775 0.03799999999999992
0 0.24043510877719432 0.7645 0.030007501875468884 0.039000000000000035
0 0.2758814703675919 0.77075 0.03413353338334585 0.05249999999999999
0 0.1265941485371343 0.6114999999999999 0.029632408102025512 0.041999999999999926
0 0.14872468117029258 0.6165 0.026631657914478607 0.041000000000000036
0 0.1753563390847712 0.6345000000000001 0.028882220555138782 0.04599999999999993
0 0.222993248312078 0.67825 0.030382595648912242 0.04849999999999999
0 0.24043510877719432 0.7045 0.03225806451612903 0.04400000000000004
0 0.2186796699174794 0.6265000000000001 0.0307576894223556 0.04500000000000004
0 0.24606151537884474 0.6679999999999999 0.0307576894223556 0.04300000000000004
0 0.2762565641410353 0.67475 0.03338334583645913 0.04049999999999998
0 0.2846961740435109 0.7135 0.03450862715678921 0.04700000000000004
0 0.3049512378094523 0.74825 0.03525881470367592 0.056499999999999995
0 0.3375843960990248 0.75775 0.03375843960990249 0.046499999999999986
0 0.355026256564141 0.73125 0.03713428357089271 0.045499999999999985
0 0.3143285821455364 0.6990000000000001 0.03675918979744941 0.04599999999999993
0 0.34846211552888223 0.68475 0.03150787696924229 0.04749999999999999
0 0.24849962490622657 0.61325 0.028132033008252066 0.044499999999999984
0 0.27325581395348836 0.6295 0.030382595648912214 0.039999999999999925
0 0.30007501875468867 0.6185 0.03300825206301572 0.041999999999999926
0 0.3156414103525882 0.6465000000000001 0.03788447111777943 0.039000000000000035
0 0.3608402100525131 0.6387499999999999 0.03225806451612906 0.045499999999999985
0 0.39084771192798196 0.7404999999999999 0.03225806451612906 0.049000000000000044
0 0.15003750937734434 0.56575 0.03750937734433607 0.04249999999999998
0 0.13053263315828956 0.524 0.03450862715678919 0.03700000000000003
0 0.16597899474868716 0.49024999999999996 0.031132783195798958 0.034499999999999975
0 0.19786196549137286 0.52075 0.031132783195798958 0.04650000000000004
0 0.23687171792948236 0.5442499999999999 0.03263315828957236 0.04949999999999999
0 0.23687171792948236 0.5747500000000001 0.02738184546136535 0.04749999999999999
0 0.2633158289572393 0.5822499999999999 0.027006751687921993 0.045499999999999985
0 0.28413353338334585 0.57275 0.029632408102025498 0.044499999999999984
0 0.3105776444111028 0.5720000000000001 0.03225806451612906 0.04399999999999993
0 0.27156789197299325 0.5355000000000001 0.03450862715678915 0.04300000000000004
0 0.23012003000750186 0.48725 0.029632408102025526 0.04149999999999998
0 0.25543885971492875 0.47750000000000004 0.031507876969242316 0.043999999999999984
0 0.295198799699925 0.4895 0.03450862715678921 0.051999999999999935
0 0.33027006751687926 0.49175 0.038634658664666144 0.05049999999999999
0 0.31451612903225806 0.528 0.030382595648912214 0.04300000000000004
0 0.35615153788447107 0.52075 0.034883720930232565 0.0595
0 0.37715678919729934 0.544 0.039384846211552915 0.04500000000000004
0 0.15828957239309827 0.44275 0.0375093773443361 0.04550000000000004
0 0.17873218304576144 0.403 0.028882220555138782 0.044999999999999984
0 0.19654913728432108 0.4385 0.03150787696924229 0.04800000000000004
0 0.22955738934733683 0.4485 0.03225806451612903 0.045999999999999985
0 0.2618154538634659 0.438 0.03300825206301575 0.049000000000000044
0 0.2944486121530383 0.432 0.033008252063015775 0.04700000000000004
0 0.32389347336834207 0.41875 0.034883720930232565 0.03849999999999998
0 0.34114778694673664 0.4495 0.03788447111777943 0.04899999999999999
0 0.3715303825956489 0.46399999999999997 0.0386346586646662 0.05199999999999999
0 0.3942235558889723 0.49724999999999997 0.03450862715678921 0.04350000000000004
0 0.20330082520630158 0.5405 0.02925731432858214 0.029000000000000026
0 0.19861215303825958 0.388 0.03413353338334582 0.045999999999999985
0 0.23030757689422354 0.40900000000000003 0.028507126781695424 0.04099999999999998
0 0.2518754688672168 0.39049999999999996 0.026631657914478607 0.045999999999999985
0 0.2996999249812453 0.394 0.03600900225056264 0.03699999999999998
0 0.2830082520630157 0.363 0.04088522130532629 0.046999999999999986
0 0.21886721680420107 0.31999999999999995 0.033383345836459105 0.04899999999999999
0 0.25281320330082524 0.3325 0.033008252063015775 0.045999999999999985
0 0.26294073518379596 0.29525 0.028507126781695424 0.04349999999999998
0 0.28057014253563395 0.31725000000000003 0.03375843960990249 0.04850000000000004
0 0.2730682670667667 0.24625000000000002 0.02925731432858214 0.05250000000000002
0 0.29932483120780196 0.27975 0.032258064516129004 0.04049999999999998
0 0.3355213803450863 0.26275 0.030382595648912214 0.045499999999999985
0 0.3589647411852963 0.257 0.03375843960990249 0.041000000000000036
0 0.33289572393098277 0.236 0.03338334583645913 0.034
0 0.3162040510127532 0.34750000000000003 0.03600900225056264 0.044999999999999984
0 0.3413353338334584 0.32875 0.028507126781695424 0.056499999999999995
0 0.33477119279819956 0.37875000000000003 0.03413353338334585 0.04550000000000004
0 0.3612153038259565 0.36750000000000005 0.02925731432858214 0.05099999999999999
0 0.36552888222055513 0.40975 0.02738184546136535 0.046499999999999986
0 0.39197299324831203 0.42600000000000005 0.03600900225056264 0.05299999999999999
0 0.42104276069017255 0.4465 0.03263315828957236 0.05399999999999999
0 0.39234808702175544 0.37224999999999997 0.03675918979744941 0.04450000000000004
0 0.42179294823705926 0.398 0.037884471117779484 0.046999999999999986
0 0.40247561890472616 0.33225 0.0390097524381095 0.045499999999999985
0 0.4309827456864216 0.353 0.04351087771942985 0.045999999999999985
0 0.390285071267817 0.28225 0.03338334583645913 0.05049999999999999
0 0.41841710427606904 0.26849999999999996 0.03788447111777943 0.03999999999999998
0 0.42685671417854465 0.304 0.03450862715678921 0.04300000000000004
0 0.38053263315828956 0.2255 0.03413353338334585 0.04799999999999999
0 0.38484621155288823 0.18125 0.03600900225056264 0.04849999999999999
0 0.41522880720180044 0.16075 0.03525881470367592 0.045499999999999985
0 0.41522880720180044 0.20550000000000002 0.03750937734433607 0.03900000000000001
0 0.45142535633908476 0.1405 0.03563390847711928 0.047
0 0.4593023255813954 0.194 0.03713428357089271 0.04100000000000001
0 0.43904726181545384 0.2185 0.036384096024005996 0.04899999999999999
0 0.4626781695423856 0.2815 0.038634658664666144 0.04899999999999999
0 0.4881845461365341 0.248 0.035633908477119225 0.04600000000000001
0 0.494748687171793 0.14600000000000002 0.03600900225056264 0.047000000000000014
0 0.508814703675919 0.10450000000000001 0.031132783195798985 0.049
0 0.539947486871718 0.10425000000000001 0.03338334583645908 0.0465
0 0.5348837209302326 0.14675 0.0315078769692424 0.04550000000000001
0 0.5513878469617404 0.16325 0.03675918979744941 0.045499999999999985
0 0.5765191297824457 0.14125 0.03450862715678926 0.04250000000000001
0 0.5240060015003751 0.18825 0.032258064516129004 0.045499999999999985
0 0.5459489872468117 0.21725 0.037884471117779484 0.04949999999999999
0 0.5845836459114779 0.18775 0.03413353338334579 0.03849999999999998
0 0.5823330832708178 0.21425 0.035633908477119225 0.05349999999999999
0 0.5294448612153038 0.2595 0.03338334583645908 0.039000000000000035
0 0.5264441110277569 0.2985 0.035633908477119225 0.044999999999999984
0 0.5620780195048762 0.278 0.037884471117779484 0.046999999999999986
0 0.5562640660165041 0.32 0.04051012753188288 0.04400000000000004
0 0.4679294823705926 0.33399999999999996 0.03338334583645913 0.03799999999999998
0 0.4874343585896474 0.35550000000000004 0.03788447111777937 0.05199999999999999
0 0.4549887471867967 0.37675000000000003 0.03450862715678921 0.051500000000000046
0 0.576331582895724 0.35125 0.03338334583645919 0.05149999999999999
0 0.5487621905476369 0.38675 0.02925731432858214 0.04849999999999999
0 0.5189422355588897 0.398 0.034133533383345904 0.045999999999999985
0 0.49324831207801956 0.42425 0.03600900225056264 0.03749999999999998
0 0.46867966991747934 0.44775 0.03263315828957242 0.04249999999999998
0 0.43210802700675166 0.48975 0.03225806451612906 0.044499999999999984
0 0.4651162790697675 0.49475 0.03600900225056264 0.04850000000000004
0 0.4176669167291823 0.5345 0.03713428357089271 0.052000000000000046
0 0.44973743435858965 0.5297499999999999 0.033758439609902435 0.0505000000000001
0 0.49324831207801956 0.5117499999999999 0.03525881470367592 0.045499999999999985
0 0.4917479369842461 0.5442499999999999 0.03225806451612906 0.03749999999999998
0 0.5230682670667667 0.5515 0.03638409602400605 0.050999999999999934
0 0.5009377344336083 0.588 0.03263315828957236 0.04600000000000004
0 0.4696174043510878 0.5952500000000001 0.03750937734433607 0.0465000000000001
0 0.440735183795949 0.573 0.03600900225056264 0.04599999999999993
0 0.41147786946736686 0.577 0.033008252063015775 0.051999999999999935
0 0.3835333833458364 0.601 0.03413353338334585 0.050000000000000044
0 0.4013503375843961 0.6465000000000001 0.03450862715678921 0.04999999999999993
0 0.42685671417854465 0.614 0.03150787696924229 0.04200000000000004
0 0.4373593398349588 0.6515 0.03750937734433607 0.04300000000000004
0 0.4703675918979745 0.6347499999999999 0.03750937734433607 0.04149999999999998
0 0.4032258064516129 0.6945 0.03600900225056264 0.04899999999999993
0 0.42685671417854465 0.71925 0.036759189797449354 0.0485000000000001
0 0.43398349587396845 0.77075 0.0390097524381095 0.045499999999999985
0 0.4606151537884471 0.752 0.038259564891222786 0.03600000000000003
0 0.4825581395348837 0.7057500000000001 0.0318829707426857 0.04949999999999999
0 0.49718679669917476 0.73525 0.038634658664666144 0.044499999999999984
0 0.48893473368342083 0.78425 0.03488372093023251 0.045500000000000096
0 0.45048762190547637 0.8160000000000001 0.032258064516129004 0.05399999999999994
0 0.4769317329332333 0.8385 0.034883720930232565 0.05600000000000005
0 0.5090022505626407 0.83575 0.03225806451612906 0.046499999999999986
0 0.5264441110277569 0.7477499999999999 0.035633908477119225 0.04749999999999999
0 0.5076894223555889 0.653 0.03563390847711928 0.05400000000000005
0 0.5163165791447861 0.68375 0.03638409602400594 0.04249999999999998
0 0.5414478619654914 0.7175 0.03788447111777937 0.04600000000000004
0 0.537509377344336 0.66325 0.036009002250562694 0.046499999999999986
0 0.5298199549887472 0.622 0.039384846211552804 0.05899999999999994
0 0.5496999249812453 0.571 0.03188297074268576 0.05500000000000005
0 0.5553263315828958 0.53 0.03638409602400594 0.05300000000000005
0 0.5843960990247562 0.608 0.033758439609902435 0.050000000000000044
0 0.5740810202550638 0.71075 0.037884471117779484 0.04749999999999999
0 0.5935858964741185 0.6795 0.04088522130532635 0.04899999999999993
0 0.6170292573143286 0.64975 0.03600900225056258 0.0485000000000001
0 0.6140285071267817 0.7072499999999999 0.030757689422355572 0.045499999999999985
0 0.5933983495873969 0.754 0.037509377344336126 0.052000000000000046
0 0.5609527381845462 0.7635000000000001 0.035633908477119336 0.05900000000000005
0 0.5795198799699925 0.796 0.033758439609902546 0.04599999999999993
0 0.5506376594148537 0.813 0.03300825206301583 0.04399999999999993
0 0.5802700675168793 0.835 0.033758439609902546 0.049000000000000044
0 0.5573893473368342 0.8634999999999999 0.039009752438109446 0.05999999999999994
0 0.5928357089272318 0.8872500000000001 0.037884471117779484 0.05149999999999999
0 0.5877719429857464 0.958 0.03525881470367587 0.049000000000000044
0 0.622655663915979 0.93275 0.036009002250562694 0.04749999999999999
0 0.6479744936234058 0.92325 0.028132033008252066 0.04849999999999999
0 0.6153413353338335 0.8420000000000001 0.03338334583645908 0.04500000000000004
0 0.6224681170292574 0.7677499999999999 0.029632408102025498 0.0595
0 0.6462865716429107 0.79475 0.028507126781695424 0.044499999999999984
0 0.5307576894223556 0.46925 0.03900975243810956 0.05049999999999999
0 0.5620780195048762 0.47475 0.03713428357089277 0.046499999999999986
0 0.5403225806451613 0.42825 0.03713428357089266 0.038500000000000034
0 0.5761440360090022 0.435 0.03675918979744941 0.04300000000000004
0 0.5896474118529633 0.40049999999999997 0.04051012753188299 0.04099999999999998
0 0.6200300075018754 0.42200000000000004 0.03300825206301583 0.04899999999999999
0 0.5579519879969992 0.0415 0.03338334583645908 0.046
0 0.5752063015753939 0.0585 0.039384846211552915 0.053000000000000005
0 0.6295948987246811 0.121 0.03338334583645908 0.046999999999999986
0 0.63503375843961 0.19524999999999998 0.03900975243810956 0.04550000000000001
0 0.614403600900225 0.22675 0.03825956489122273 0.03950000000000001
0 0.6016504126031508 0.263 0.03600900225056258 0.04799999999999999
0 0.6230307576894223 0.2895 0.037509377344336126 0.05099999999999999
0 0.6369092273068266 0.25525000000000003 0.0315078769692424 0.05050000000000002
0 0.5980870217554388 0.32225 0.03638409602400594 0.04749999999999999
0 0.6189047261815455 0.36050000000000004 0.03975993998499627 0.04799999999999999
0 0.6399099774943736 0.39375 0.03300825206301572 0.04749999999999999
0 0.6442235558889722 0.44925 0.035633908477119225 0.044499999999999984
0 0.6228432108027007 0.48225 0.0386346586646662 0.045499999999999985
0 0.6009002250562641 0.5237499999999999 0.032258064516129004 0.04949999999999999
0 0.6076519129782445 0.5660000000000001 0.033758439609902546 0.04399999999999993
0 0.6380345086271568 0.52475 0.041260315078769705 0.0485000000000001
0 0.641410352588147 0.565 0.03300825206301572 0.04700000000000004
0 0.6395348837209303 0.61025 0.033758439609902435 0.04949999999999999
0 0.6399099774943736 0.6839999999999999 0.02925731432858214 0.04599999999999993
0 0.6774193548387097 0.92125 0.03675918979744941 0.05049999999999999
0 0.713053263315829 0.8852500000000001 0.033758439609902435 0.03949999999999998
0 0.6522880720180044 0.8375 0.03675918979744941 0.04800000000000004
0 0.6774193548387097 0.8475 0.0315078769692424 0.04400000000000004
0 0.694861215303826 0.8187500000000001 0.031882970742685646 0.04749999999999999
0 0.7138034508627157 0.84375 0.033758439609902435 0.0495000000000001
0 0.7415603900975244 0.851 0.032258064516129004 0.04600000000000004
0 0.7651912978244562 0.8320000000000001 0.032258064516129115 0.04300000000000004
0 0.7756939234808702 0.849 0.03825956489122284 0.039000000000000035
0 0.7936984246061516 0.825 0.030757689422355683 0.04500000000000004
0 0.8199549887471869 0.8065 0.03300825206301583 0.04200000000000004
0 0.7837584396099024 0.776 0.03338334583645908 0.04800000000000004
0 0.7250562640660165 0.8022499999999999 0.033758439609902435 0.04349999999999998
0 0.6552888222055514 0.7484999999999999 0.03600900225056258 0.049000000000000044
0 0.6712303075768942 0.77625 0.035633908477119225 0.046499999999999986
0 0.6779819954988747 0.7255 0.03263315828957247 0.05300000000000005
0 0.7021755438859715 0.756 0.03300825206301572 0.04499999999999993
0 0.6781695423855965 0.681 0.03675918979744941 0.04500000000000004
0 0.7046136534133534 0.6655 0.03638409602400605 0.050999999999999934
0 0.7346211552888222 0.6599999999999999 0.03113278319579904 0.049000000000000044
0 0.7091147786946737 0.71275 0.03488372093023262 0.0495000000000001
0 0.7393098274568642 0.7112499999999999 0.03150787696924229 0.04250000000000009
0 0.7454988747186797 0.7505 0.03263315828957236 0.04399999999999993
0 0.7845086271567892 0.7377499999999999 0.03338334583645908 0.04349999999999998
0 0.8210802700675168 0.7525 0.036009002250562694 0.049000000000000044
0 0.7873218304576144 0.69625 0.03525881470367587 0.04849999999999999
0 0.7081770442610653 0.6125 0.03825956489122284 0.041000000000000036
0 0.7584396099024756 0.6465000000000001 0.03975993998499616 0.039000000000000035
0 0.7961365341335334 0.627 0.039384846211552915 0.052999999999999936
0 0.8152663165791447 0.6605 0.03638409602400594 0.04400000000000004
0 0.894973743435859 0.851 0.03150787696924229 0.04600000000000004
0 0.8342085521380345 0.7195 0.032258064516129115 0.04300000000000004
0 0.8908477119279821 0.7455 0.03300825206301583 0.04300000000000004
0 0.8696549137284321 0.70475 0.039384846211552915 0.04349999999999998
0 0.8420855213803451 0.68075 0.032258064516129004 0.04049999999999998
0 0.8704051012753188 0.66075 0.04238559639909978 0.05149999999999999
0 0.8555888972243061 0.614 0.03600900225056258 0.052000000000000046
0 0.8960990247561891 0.6255 0.03825956489122284 0.04799999999999993
0 0.8915978994748688 0.57175 0.03825956489122284 0.04949999999999999
0 0.9017254313578396 0.5125 0.045011252813203284 0.057999999999999996
0 0.8342085521380345 0.5305 0.03975993998499627 0.051000000000000045
0 0.855588897224306 0.552 0.04276069017254314 0.051999999999999935
0 0.8390847711927982 0.48575 0.04426106526631657 0.04749999999999993
0 0.7846961740435109 0.5582499999999999 0.03525881470367587 0.04749999999999999
0 0.7556264066016505 0.55975 0.03263315828957236 0.044499999999999984
0 0.7190547636909228 0.55975 0.03525881470367598 0.04749999999999999
0 0.6749812453113277 0.5529999999999999 0.03488372093023251 0.03799999999999992
0 0.6997374343585896 0.5257499999999999 0.03338334583645908 0.0465000000000001
0 0.6671042760690172 0.504 0.037884471117779484 0.04800000000000004
0 0.7066766691672919 0.4675 0.03525881470367598 0.046999999999999986
0 0.7409977494373594 0.5015000000000001 0.03263315828957236 0.051000000000000045
0 0.7751312828207051 0.527 0.03338334583645908 0.04800000000000004
0 0.6712303075768942 0.43525 0.03713428357089266 0.04550000000000004
0 0.6965491372843211 0.41825 0.03300825206301572 0.04749999999999999
0 0.7653788447111778 0.46199999999999997 0.037884471117779484 0.04799999999999999
0 0.7758814703675919 0.4845 0.03713428357089277 0.039999999999999925
0 0.7826331582895725 0.437 0.030382595648912214 0.050000000000000044
0 0.7490622655663917 0.41725 0.041260315078769705 0.04149999999999998
0 0.7460615153788448 0.3785 0.03825956489122284 0.050000000000000044
0 0.654351087771943 0.307 0.03638409602400594 0.050000000000000044
0 0.6611027756939235 0.36050000000000004 0.037884471117779484 0.043999999999999984
0 0.6909227306826706 0.33425 0.03900975243810956 0.05349999999999999
0 0.6620405101275318 0.22625 0.032258064516129004 0.05049999999999999
0 0.6837959489872468 0.24225000000000002 0.039009752438109446 0.05650000000000002
0 0.7091147786946737 0.20425 0.0386346586646662 0.05550000000000002
0 0.7243060765191298 0.27725 0.03525881470367598 0.04049999999999998
0 0.7293698424606152 0.29875 0.039384846211552804 0.05349999999999999
0 0.8038259564891224 0.29625 0.04276069017254314 0.056499999999999995
0 0.7798199549887472 0.35125 0.033758439609902546 0.04949999999999999
0 0.8169542385596399 0.365 0.033758439609902435 0.040000000000000036
0 0.8102025506376593 0.39249999999999996 0.04276069017254314 0.045999999999999985
0 0.8475243810952738 0.42700000000000005 0.0386346586646662 0.05099999999999999
0 0.8608402100525132 0.4495 0.03825956489122284 0.04999999999999999
