0 0.31601650412603155 0.16799999999999998 0.03788447111777943 0.04400000000000001
0 0.3587771942985747 0.12425 0.03338334583645913 0.042499999999999996
0 0.3471492873218305 0.15375 0.0318829707426857 0.046499999999999986
0 0.3570892723180795 0.196 0.037509377344336126 0.04500000000000001
0 0.3028882220555139 0.22949999999999998 0.03788447111777943 0.04600000000000001
0 0.3437734433608402 0.241 0.03263315828957236 0.047000000000000014
0 0.3801575393848462 0.24825000000000003 0.04088522130532635 0.047500000000000014
0 0.3801575393848462 0.17925000000000002 0.039384846211552915 0.04250000000000001
0 0.400225056264066 0.1365 0.03450862715678915 0.047
0 0.4300450112528132 0.108 0.04163540885221306 0.03900000000000001
0 0.4671792948237059 0.1115 0.03563390847711928 0.04000000000000001
0 0.49793698424606153 0.13475 0.026631657914478635 0.0465
0 0.47674418604651164 0.156 0.030757689422355572 0.03999999999999998
0 0.44879969992498125 0.16475 0.03113278319579893 0.04450000000000001
0 0.418979744936234 0.18025 0.033008252063015775 0.04949999999999999
0 0.39928732183045756 0.21675 0.03563390847711928 0.04749999999999999
0 0.44129782445611404 0.2265 0.03113278319579893 0.04899999999999999
0 0.4300450112528132 0.252 0.03263315828957236 0.048000000000000015
0 0.47449362340585144 0.1975 0.03375843960990249 0.04500000000000001
0 0.5045011252813203 0.1905 0.029257314328582085 0.03899999999999998
0 0.5343210802700675 0.16575 0.03338334583645919 0.04150000000000001
0 0.5483870967741935 0.20925 0.030007501875468856 0.04050000000000001
0 0.5311327831957989 0.22425 0.03150787696924229 0.0345
0 0.5009377344336083 0.23299999999999998 0.028882220555138782 0.04200000000000001
0 0.47524381095273815 0.25 0.03375843960990249 0.04100000000000001
0 0.5185671417854463 0.27175 0.03338334583645908 0.04149999999999998
0 0.5496999249812453 0.263 0.02738184546136524 0.045999999999999985
0 0.5746436609152288 0.243 0.028507126781695424 0.038000000000000006
0 0.5877719429857464 0.27925 0.026256564141035277 0.04149999999999998
0 0.4915603900975244 0.28825 0.03038259564891216 0.045499999999999985
0 0.5247561890472618 0.3245 0.033758439609902435 0.04199999999999998
0 0.5373218304576144 0.30574999999999997 0.028132033008252066 0.04350000000000004
0 0.5650787696924231 0.322 0.028882220555138782 0.041000000000000036
0 0.595648912228057 0.3225 0.02775693923480871 0.046999999999999986
0 0.5455738934733683 0.34725 0.029632408102025498 0.04149999999999998
0 0.5847711927981996 0.35125 0.02775693923480871 0.04349999999999998
0 0.45742685671417854 0.28375 0.03338334583645908 0.044499999999999984
0 0.4756189047261815 0.32299999999999995 0.033008252063015775 0.045999999999999985
0 0.4998124531132783 0.361 0.028882220555138782 0.044999999999999984
0 0.5294448612153038 0.377 0.030382595648912214 0.041000000000000036
0 0.5560765191297825 0.39049999999999996 0.029632408102025498 0.044999999999999984
0 0.5924606151537885 0.39175 0.02738184546136524 0.04149999999999998
0 0.6069017254313578 0.36050000000000004 0.02550637659414845 0.03999999999999998
0 0.620217554388597 0.40900000000000003 0.028882220555138782 0.03899999999999998
0 0.6040885221305327 0.28400000000000003 0.015378844711177786 0.025999999999999968
0 0.6110277569392348 0.31074999999999997 0.017254313578394576 0.02150000000000002
0 0.6264066016504126 0.33225 0.015003750937734428 0.025499999999999967
0 0.6307201800450113 0.35875 0.01837959489872465 0.027500000000000024
0 0.6310952738184546 0.3865 0.016879219804951218 0.025000000000000022
0 0.6322205551387847 0.44325000000000003 0.025131282820705203 0.040500000000000036
0 0.647224306076519 0.48275 0.028132033008252066 0.04249999999999998
0 0.6282820705176294 0.46725 0.03300825206301572 0.04349999999999998
0 0.6806076519129782 0.54175 0.029632408102025498 0.044499999999999984
0 0.6421605401350338 0.52125 0.024756189047261845 0.04849999999999999
0 0.6145911477869468 0.50525 0.03113278319579893 0.044499999999999984
0 0.5977119279819956 0.43975 0.02588147036759192 0.04150000000000004
0 0.5744561140285072 0.434 0.03113278319579893 0.040000000000000036
0 0.5783945986496624 0.47375 0.030007501875468967 0.03849999999999998
0 0.582145536384096 0.5367500000000001 0.03150787696924229 0.0485000000000001
0 0.6160915228807202 0.55775 0.030382595648912214 0.045499999999999985
0 0.6474118529632408 0.57175 0.030757689422355572 0.04149999999999998
0 0.6573518379594898 0.61625 0.028882220555138782 0.04349999999999998
0 0.6783570892723181 0.5945 0.025131282820705092 0.050000000000000044
0 0.6984246061515379 0.644 0.02775693923480871 0.04400000000000004
0 0.72655663915979 0.64375 0.02400600150037513 0.044499999999999984
0 0.7261815453863466 0.68925 0.02775693923480871 0.046499999999999986
0 0.7361215303825956 0.734 0.02363090772693166 0.040000000000000036
0 0.739497374343586 0.77625 0.029632408102025498 0.045500000000000096
0 0.7115528882220555 0.7205 0.027006751687921993 0.040000000000000036
0 0.6986121530382596 0.76925 0.030382595648912214 0.03949999999999998
0 0.6950487621905477 0.80575 0.030007501875468856 0.05049999999999999
0 0.7175543885971493 0.81525 0.030757689422355572 0.04849999999999999
0 0.7025506376594148 0.8532500000000001 0.027006751687921993 0.045499999999999985
0 0.6811702925731433 0.87825 0.02550637659414856 0.05149999999999999
0 0.6481620405101275 0.8752500000000001 0.030757689422355572 0.03749999999999998
0 0.6599774943735934 0.8280000000000001 0.028882220555138782 0.051999999999999935
0 0.6309077269317329 0.9095 0.03150787696924229 0.05400000000000005
0 0.6012753188297074 0.92225 0.033758439609902435 0.055499999999999994
0 0.5701425356339085 0.9105 0.02925731432858214 0.052000000000000046
0 0.618529632408102 0.85875 0.02400600150037513 0.04849999999999999
0 0.5943360840210052 0.86725 0.03338334583645919 0.05249999999999999
0 0.6295948987246811 0.80975 0.029632408102025498 0.046499999999999986
0 0.6654163540885221 0.78225 0.0315078769692424 0.046499999999999986
0 0.6785446361590397 0.73275 0.03450862715678926 0.05149999999999999
0 0.6839834958739686 0.685 0.029632408102025498 0.04500000000000004
0 0.667291822955739 0.657 0.02925731432858214 0.041000000000000036
0 0.6406601650412603 0.6635 0.030757689422355572 0.04600000000000004
0 0.6327831957989497 0.6054999999999999 0.028507126781695424 0.04599999999999993
0 0.5937734433608403 0.59575 0.02925731432858214 0.046499999999999986
0 0.6084021005251313 0.6307499999999999 0.030757689422355572 0.045499999999999985
0 0.586271567891973 0.64925 0.03150787696924229 0.046499999999999986
0 0.609714928732183 0.681 0.028132033008252066 0.05300000000000005
0 0.6354088522130532 0.70425 0.02700675168792188 0.04949999999999999
0 0.6474118529632408 0.742 0.030757689422355572 0.04699999999999993
0 0.6249062265566392 0.761 0.028507126781695424 0.04800000000000004
0 0.5999624906226557 0.8095 0.028132033008252066 0.05800000000000005
0 0.6065266316579145 0.735 0.032258064516129115 0.052000000000000046
0 0.5812078019504876 0.6995 0.0386346586646662 0.052999999999999936
0 0.5333833458364592 0.6815 0.037509377344336126 0.04699999999999993
0 0.5525131282820706 0.722 0.026256564141035277 0.04400000000000004
0 0.5517629407351838 0.67175 0.030007501875468856 0.046499999999999986
0 0.5585146286571643 0.6207499999999999 0.0367591897974493 0.04949999999999999
0 0.5553263315828958 0.5755 0.03413353338334579 0.04899999999999993
0 0.5196924231057765 0.5405 0.034133533383345904 0.050000000000000044
0 0.5519504876219055 0.5257499999999999 0.03338334583645919 0.04349999999999998
0 0.5472618154538634 0.4865 0.03300825206301572 0.041999999999999926
0 0.5423855963990998 0.44225000000000003 0.030007501875468856 0.04250000000000004
0 0.29838709677419356 0.2975 0.04238559639909978 0.05199999999999999
0 0.3413353338334584 0.29425 0.04051012753188299 0.05049999999999999
0 0.37546886721680417 0.29525 0.0390097524381095 0.057499999999999996
0 0.4058514628657164 0.28800000000000003 0.036759189797449354 0.044999999999999984
0 0.40660165041260315 0.3295 0.03825956489122284 0.04899999999999999
0 0.37284321080270066 0.347 0.03375843960990249 0.05199999999999999
0 0.3402100525131283 0.351 0.03225806451612906 0.04899999999999999
0 0.3013878469617404 0.3405 0.04163540885221306 0.04999999999999999
0 0.29351087771942985 0.389 0.03563390847711928 0.05099999999999999
0 0.3370217554388597 0.41100000000000003 0.04163540885221306 0.044999999999999984
0 0.37884471117779445 0.4065 0.03825956489122284 0.046999999999999986
0 0.40172543135783945 0.378 0.03750937734433607 0.04600000000000004
0 0.441297824456114 0.33025 0.03263315828957242 0.04749999999999999
0 0.4441110277569392 0.38325 0.03975993998499627 0.04450000000000004
0 0.4731807951987997 0.3725 0.029632408102025498 0.04800000000000004
0 0.4806826706676669 0.41725 0.030382595648912214 0.046499999999999986
0 0.509939984996249 0.4095 0.0318829707426857 0.04299999999999998
0 0.5108777194298575 0.45025 0.03375843960990249 0.03949999999999998
0 0.427231807951988 0.42825 0.036759189797449354 0.04250000000000004
0 0.4579894973743436 0.4505 0.03300825206301572 0.04899999999999999
0 0.48705926481620404 0.493 0.03788447111777937 0.046999999999999986
0 0.5178169542385596 0.49424999999999997 0.031882970742685646 0.046499999999999986
0 0.3100150037509377 0.4475 0.03938484621155286 0.05499999999999999
0 0.3619654913728432 0.4465 0.03450862715678921 0.05499999999999999
0 0.3970367591897974 0.45275 0.03713428357089271 0.05049999999999999
0 0.33870967741935487 0.491 0.04126031507876965 0.04799999999999999
0 0.3769692423105776 0.492 0.03750937734433607 0.04899999999999993
0 0.42873218304576144 0.47350000000000003 0.03675918979744941 0.043999999999999984
0 0.40847711927982 0.5115000000000001 0.03450862715678921 0.051000000000000045
0 0.3642160540135034 0.542 0.03525881470367587 0.05700000000000005
0 0.38897224306076517 0.57775 0.03525881470367592 0.05349999999999999
0 0.41935483870967744 0.5815 0.03150787696924229 0.052999999999999936
0 0.4193548387096774 0.633 0.03525881470367592 0.05600000000000005
0 0.45405101275318827 0.573 0.03563390847711928 0.05599999999999994
0 0.4503000750187547 0.52075 0.037884471117779484 0.05650000000000005
0 0.4804951237809452 0.5335000000000001 0.02925731432858214 0.04700000000000004
0 0.5 0.5702499999999999 0.03450862715678915 0.04749999999999999
0 0.47261815453863465 0.6105 0.03450862715678921 0.04500000000000004
0 0.44373593398349587 0.65225 0.04051012753188299 0.0515000000000001
0 0.5075018754688673 0.627 0.03450862715678921 0.052000000000000046
0 0.5343210802700675 0.637 0.03188297074268576 0.04400000000000004
0 0.4960615153788447 0.6755 0.03338334583645913 0.04600000000000004
0 0.46511627906976744 0.6917500000000001 0.045011252813203284 0.05149999999999999
0 0.43023255813953487 0.698 0.03600900225056264 0.05399999999999994
0 0.46492873218304576 0.7417499999999999 0.03563390847711928 0.04749999999999999
0 0.5003750937734434 0.72875 0.036759189797449354 0.04849999999999999
0 0.5307576894223556 0.728 0.030757689422355572 0.05499999999999994
0 0.48499624906226557 0.7865 0.03750937734433607 0.05600000000000005
0 0.5084396099024756 0.78025 0.029632408102025554 0.043500000000000094
0 0.5480120030007503 0.7665 0.036009002250562694 0.051000000000000045
0 0.5789572393098275 0.7605 0.030382595648912325 0.05500000000000005
0 0.5054388597149287 0.83625 0.029632408102025443 0.0625
0 0.5403225806451613 0.8135 0.03638409602400594 0.052999999999999936
0 0.5725806451612903 0.8125 0.03113278319579893 0.05800000000000005
0 0.5262565641410353 0.86875 0.02925731432858214 0.05449999999999999
0 0.5603900975243811 0.85925 0.033758439609902435 0.05249999999999999
0 0.5337584396099024 0.58975 0.03450862715678926 0.046499999999999986
0 0.6622280570142536 0.6917500000000001 0.03113278319579893 0.045499999999999985
