0 0.07258064516129031 0.59725 0.05288822205551387 0.0645
0 0.13634658664666166 0.61475 0.05063765941485371 0.058499999999999996
0 0.14722430607651915 0.67525 0.05213803450862717 0.07450000000000001
0 0.190735183795949 0.607 0.04838709677419353 0.06800000000000006
0 0.1993623405851463 0.5427500000000001 0.04538634658664667 0.0655
0 0.13353338334583648 0.5565 0.05326331582895724 0.06400000000000006
0 0.10183795948987247 0.5145 0.052888222055513884 0.061000000000000054
0 0.10127531882970743 0.44599999999999995 0.052513128282070526 0.066
0 0.15472618154538637 0.491 0.054388597149287315 0.06099999999999994
0 0.1646661665416354 0.43100000000000005 0.05176294073518378 0.062
0 0.19673668417104276 0.41175 0.04838709677419356 0.0665
0 0.23668417104276068 0.45999999999999996 0.046511627906976716 0.07800000000000001
0 0.20180045011252812 0.33675 0.05551387846961739 0.0595
0 0.23912228057014254 0.31975 0.052888222055513856 0.0685
0 0.2764441110277569 0.26549999999999996 0.04651162790697677 0.05499999999999999
0 0.3058889722430608 0.20500000000000002 0.05363840960240063 0.08499999999999999
0 0.3627156789197299 0.20075 0.0525131282820705 0.0655
0 0.3968492123030758 0.29375 0.051012753188297066 0.05249999999999999
0 0.3171417854463616 0.31725 0.04988747186796699 0.0675
0 0.2704426106526632 0.3775 0.05701425356339085 0.05300000000000005
0 0.35090022505626406 0.363 0.05288822205551391 0.05399999999999999
0 0.4004126031507877 0.33399999999999996 0.06039009752438107 0.068
0 0.38297074268567144 0.43225 0.04726181545386349 0.05449999999999999
0 0.3195798949737434 0.42125 0.051012753188297066 0.05349999999999999
0 0.28863465866466614 0.47425 0.043135783945986494 0.0655
0 0.309264816204051 0.4555 0.05738934733683421 0.07800000000000001
0 0.2608777194298575 0.5525 0.04988747186796699 0.06800000000000006
0 0.23949737434358592 0.608 0.044636159039759954 0.06499999999999995
0 0.26500375093773443 0.6527499999999999 0.05213803450862717 0.07350000000000001
0 0.25037509377344336 0.7224999999999999 0.04163540885221306 0.06399999999999995
0 0.2938859714928732 0.721 0.052138034508627196 0.06899999999999995
0 0.32408102025506375 0.6892499999999999 0.04201050262565642 0.0695
0 0.29444861215303825 0.6114999999999999 0.04276069017254314 0.06599999999999995
0 0.2996999249812453 0.548 0.04876219054763686 0.05900000000000005
0 0.33233308327081773 0.6165 0.04276069017254314 0.07599999999999996
0 0.35933983495873967 0.72175 0.051012753188297066 0.0734999999999999
0 0.36177794448612155 0.5502499999999999 0.052888222055513856 0.0635
0 0.3974118529632408 0.579 0.04988747186796699 0.06599999999999995
0 0.40435108777194295 0.6525000000000001 0.051012753188297066 0.06500000000000006
0 0.4176669167291823 0.7184999999999999 0.05063765941485371 0.06399999999999995
0 0.40735183795948987 0.51525 0.04426106526631657 0.058499999999999996
0 0.4238559639909978 0.45375 0.05176294073518378 0.0615
0 0.44954988747186797 0.41075 0.05063765941485371 0.0595
0 0.43960990247561893 0.26875 0.057764441110277565 0.0645
0 0.4870592648162041 0.263 0.0408852213053264 0.06599999999999998
0 0.5495123780945237 0.23075 0.046511627906976716 0.0685
0 0.4737434358589647 0.34475 0.04726181545386349 0.0675
0 0.5065641410352588 0.41100000000000003 0.04763690922730679 0.07200000000000001
0 0.4898724681170292 0.48424999999999996 0.04876219054763692 0.062499999999999944
0 0.4523630907726932 0.53675 0.053263315828957214 0.0685
0 0.44036009002250565 0.61375 0.05026256564141035 0.0665
0 0.4795573893473368 0.7155 0.04538634658664664 0.06000000000000005
0 0.4934358589647412 0.64575 0.04088522130532635 0.0665
0 0.5258814703675919 0.7125 0.05701425356339085 0.07299999999999995
0 0.5416354088522131 0.64825 0.048762190547636974 0.07250000000000001
0 0.5217554388597149 0.5860000000000001 0.051012753188297066 0.07500000000000007
0 0.5271942985746436 0.5215000000000001 0.04988747186796705 0.07100000000000006
0 0.5397599399849963 0.35925 0.050262565641410406 0.0665
0 0.5641410352588148 0.31174999999999997 0.04876219054763686 0.07449999999999996
0 0.6029632408102026 0.25675 0.04538634658664664 0.06749999999999998
0 0.6200300075018754 0.31675 0.054013503375843874 0.0685
0 0.5622655663915979 0.388 0.06226556639159797 0.07700000000000001
0 0.5943360840210052 0.38249999999999995 0.048387096774193505 0.07300000000000001
0 0.5982745686421606 0.45575 0.048762190547636974 0.07150000000000001
0 0.6564141035258815 0.45425 0.04651162790697683 0.0685
0 0.5725806451612903 0.54925 0.050637659414853764 0.0665
0 0.6095273818454614 0.527 0.050262565641410295 0.07500000000000001
0 0.6087771942985747 0.59075 0.04726181545386343 0.058499999999999996
0 0.6594148537134283 0.5775 0.04726181545386343 0.06899999999999995
0 0.590960240060015 0.66475 0.048387096774193505 0.07350000000000001
0 0.5742685671417854 0.739 0.048762190547636974 0.06400000000000006
0 0.6091522880720179 0.78125 0.04726181545386343 0.0645
0 0.627906976744186 0.7184999999999999 0.04951237809452369 0.06399999999999995
0 0.6633533383345837 0.7827500000000001 0.05063765941485365 0.0784999999999999
0 0.7143660915228807 0.77325 0.05363840960240063 0.07550000000000001
0 0.685483870967742 0.7057500000000001 0.05288822205551391 0.07150000000000001
0 0.6845461365341335 0.628 0.04726181545386354 0.062000000000000055
0 0.6789197299324832 0.2875 0.04726181545386343 0.07
0 0.7539384846211552 0.24874999999999997 0.04876219054763686 0.06549999999999997
0 0.7357464366091523 0.30325 0.0528882220555138 0.05349999999999999
0 0.7274943735933983 0.349 0.0618904726181545 0.07600000000000001
0 0.800450112528132 0.344 0.050262565641410406 0.055999999999999994
0 0.7995123780945237 0.38875 0.05138784696174048 0.0665
0 0.7460615153788447 0.43200000000000005 0.05101275318829712 0.065
0 0.7207426856714179 0.4505 0.053638409602400516 0.07200000000000001
0 0.7728807201800449 0.49125 0.05138784696174048 0.0635
0 0.8248312078019505 0.46825 0.05176294073518384 0.0695
0 0.8675918979744937 0.4555 0.05101275318829712 0.07100000000000001
0 0.7010502625656414 0.53125 0.0547636909227307 0.05950000000000011
0 0.7764441110277569 0.5482499999999999 0.05176294073518373 0.055499999999999994
0 0.8614028507126781 0.52625 0.05513878469617406 0.06750000000000006
0 0.8932858214553638 0.505 0.04763690922730679 0.050000000000000044
0 0.7171792948237059 0.5915 0.050262565641410406 0.05899999999999994
0 0.7946361590397599 0.6194999999999999 0.05813953488372092 0.07199999999999995
0 0.8570892723180795 0.59375 0.0547636909227307 0.07250000000000001
0 0.9246061515378845 0.5675 0.05851462865716428 0.08299999999999996
0 0.7406226556639159 0.64825 0.05288822205551391 0.07150000000000001
0 0.7368717179294824 0.7215 0.052138034508627085 0.061999999999999944
0 0.7871342835708928 0.6865 0.055888972243060775 0.07499999999999996
0 0.8520255063765941 0.6817500000000001 0.0528882220555138 0.07550000000000001
0 0.904351087771943 0.6515 0.054013503375843985 0.07199999999999995
0 0.9516129032258065 0.6412500000000001 0.04951237809452358 0.0675
0 0.9570517629407351 0.7030000000000001 0.06039009752438107 0.07700000000000007
0 0.8535258814703677 0.73 0.05138784696174048 0.04899999999999993
0 0.9071642910727682 0.79975 0.05438859714928723 0.07950000000000002
0 0.8430232558139534 0.802 0.050637659414853764 0.07199999999999995
0 0.777006751687922 0.7765 0.05813953488372092 0.061999999999999944
