0 0.16354088522130533 0.364 0.07051762940735185 0.07200000000000001
0 0.21117779444861215 0.41300000000000003 0.06526631657914478 0.069
0 0.2010502625656414 0.489 0.06226556639159789 0.064
0 0.18154538634658665 0.533 0.045011252813203284 0.05800000000000005
0 0.21980495123780946 0.58825 0.06976744186046513 0.07250000000000001
0 0.28188297074268565 0.59125 0.04688672168042013 0.0615
0 0.31545386346586646 0.6765 0.05626406601650413 0.06499999999999995
0 0.3469617404351088 0.70675 0.05626406601650413 0.05449999999999999
0 0.2068642160540135 0.26275 0.06714178544636157 0.07949999999999999
0 0.2404351087771943 0.24475 0.06526631657914478 0.09149999999999997
0 0.29369842460615153 0.20975 0.06901725431357841 0.10350000000000001
0 0.37621905476369094 0.2435 0.07126781695423856 0.10399999999999998
0 0.41972993248312074 0.308 0.062265566391597915 0.08799999999999997
0 0.40360090022505624 0.368 0.062265566391597915 0.07
0 0.3304576144036009 0.31525000000000003 0.07051762940735185 0.09249999999999997
0 0.2672543135783946 0.34475 0.05963990997749441 0.09150000000000003
0 0.2415603900975244 0.39125 0.05701425356339085 0.07550000000000001
0 0.32389347336834207 0.387 0.06789197299324828 0.07500000000000001
0 0.2674418604651163 0.46649999999999997 0.0615153788447112 0.07199999999999995
0 0.2815078769692423 0.511 0.060390097524381126 0.065
0 0.3285821455363841 0.472 0.05176294073518384 0.06899999999999995
0 0.3794073518379595 0.4415 0.06489122280570142 0.07699999999999996
0 0.4450487621905476 0.431 0.05888972243060764 0.07799999999999996
0 0.4298574643660915 0.49650000000000005 0.05326331582895727 0.07500000000000001
0 0.3794073518379595 0.51 0.05513878469617406 0.08000000000000007
0 0.3388972243060765 0.5509999999999999 0.05963990997749441 0.06500000000000006
0 0.39591147786946734 0.5915 0.05813953488372092 0.06400000000000006
0 0.41072768192048015 0.65725 0.05176294073518378 0.0605
0 0.4021005251312828 0.69675 0.04726181545386349 0.055499999999999994
0 0.3687171792948237 0.763 0.057764441110277565 0.05800000000000005
0 0.3936609152288072 0.81075 0.05513878469617406 0.05449999999999999
0 0.44054763690922727 0.8494999999999999 0.04838709677419356 0.049000000000000044
0 0.4257314328582146 0.874 0.04201050262565642 0.04200000000000004
0 0.4643660915228807 0.906 0.04876219054763686 0.04800000000000004
0 0.5116279069767442 0.9115 0.04276069017254308 0.04300000000000004
0 0.4988747186796699 0.85025 0.04726181545386349 0.05049999999999999
0 0.5097524381095273 0.875 0.046511627906976716 0.04499999999999993
0 0.555701425356339 0.89825 0.04088522130532635 0.055499999999999994
0 0.5853338334583646 0.8545 0.04463615903976004 0.041000000000000036
0 0.5384471117779445 0.8135 0.046886721680420074 0.04600000000000004
0 0.5527006751687922 0.8354999999999999 0.04388597149287321 0.041000000000000036
0 0.5963990997749438 0.817 0.04051012753188299 0.039999999999999925
0 0.581020255063766 0.77 0.04351087771942985 0.04600000000000004
0 0.5472618154538635 0.74725 0.04726181545386343 0.045499999999999985
0 0.4975618904726182 0.77375 0.05363840960240063 0.05249999999999999
0 0.45592648162040506 0.8062499999999999 0.04988747186796699 0.05349999999999999
0 0.4315453863465867 0.75725 0.05063765941485371 0.0595
0 0.46492873218304576 0.727 0.052138034508627196 0.052000000000000046
0 0.5090022505626407 0.715 0.05401350337584404 0.05400000000000005
0 0.46680420105026255 0.681 0.05363840960240057 0.05900000000000005
0 0.5101275318829708 0.6535 0.04876219054763686 0.05700000000000005
0 0.567516879219805 0.679 0.05101275318829712 0.06999999999999995
0 0.5977119279819956 0.73 0.055888972243060775 0.05800000000000005
0 0.6312828207051764 0.76275 0.04351087771942985 0.05249999999999999
0 0.6459114778694675 0.7969999999999999 0.045011252813203284 0.05900000000000005
0 0.6794823705926482 0.7505 0.05063765941485365 0.05300000000000005
0 0.6114028507126782 0.66925 0.048762190547636974 0.05449999999999999
0 0.6380345086271568 0.68575 0.04276069017254314 0.05049999999999999
0 0.6541635408852213 0.63375 0.052513128282070554 0.07050000000000001
0 0.681357839459865 0.6655 0.046886721680420074 0.062000000000000055
0 0.7049887471867967 0.683 0.04163540885221306 0.04599999999999993
0 0.4600525131282821 0.61675 0.05363840960240057 0.058499999999999996
0 0.4549887471867967 0.5605 0.057764441110277565 0.06099999999999994
0 0.5091897974493623 0.5807500000000001 0.048387096774193505 0.057499999999999996
0 0.5577644411102776 0.63525 0.048762190547636974 0.058499999999999996
0 0.5596399099774944 0.5765 0.05626406601650413 0.06000000000000005
0 0.605588897224306 0.605 0.05813953488372092 0.06000000000000005
0 0.5172543135783946 0.526 0.05626406601650413 0.062000000000000055
0 0.4883720930232558 0.4575 0.05551387846961742 0.069
0 0.4737434358589647 0.383 0.061515378844711144 0.07800000000000001
0 0.5168792198049512 0.399 0.06601650412603144 0.066
0 0.5662040510127532 0.4335 0.06189047261815461 0.07199999999999995
0 0.5673293323330832 0.49325 0.04913728432108022 0.0675
0 0.620217554388597 0.46299999999999997 0.05888972243060764 0.065
0 0.6187171792948236 0.53875 0.059639909977494354 0.0625
0 0.659039759939985 0.57075 0.05851462865716428 0.058499999999999996
0 0.6697299324831207 0.5035000000000001 0.05663915978994749 0.06500000000000006
0 0.7001125281320331 0.5362499999999999 0.04913728432108033 0.07150000000000001
0 0.6924231057764441 0.44525 0.054013503375843874 0.07350000000000001
0 0.6457239309827456 0.40175 0.06039009752438107 0.07450000000000001
0 0.6024006001500375 0.36425 0.05701425356339085 0.07550000000000001
0 0.5538259564891224 0.33925 0.06039009752438107 0.07350000000000001
0 0.49193548387096775 0.29300000000000004 0.05963990997749441 0.07600000000000001
0 0.4634283570892723 0.16849999999999998 0.06864216054013506 0.091
0 0.518192048012003 0.21175 0.05588897224306072 0.0865
0 0.5617029257314328 0.2515 0.059639909977494354 0.07199999999999998
0 0.5399474868717179 0.14350000000000002 0.06939234808702177 0.098
0 0.6050262565641411 0.19074999999999998 0.06451612903225812 0.0895
0 0.663728432108027 0.19624999999999998 0.06264066016504133 0.0935
0 0.6858589647411852 0.2635 0.06039009752438107 0.089
0 0.6309077269317329 0.29025 0.06076519129782443 0.08950000000000002
0 0.6566016504126031 0.32999999999999996 0.05513878469617406 0.07400000000000001
0 0.6384096024006001 0.0975 0.06976744186046513 0.09799999999999999
0 0.712490622655664 0.11975 0.06339084771192793 0.09150000000000001
0 0.7003000750187547 0.6074999999999999 0.04801200300075026 0.06999999999999995
0 0.7273068267066767 0.654 0.048762190547636974 0.06499999999999995
0 0.7520630157539385 0.68225 0.04426106526631657 0.04749999999999999
0 0.7762565641410353 0.6415 0.048387096774193505 0.06500000000000006
0 0.7567516879219804 0.5885 0.05438859714928734 0.062000000000000055
0 0.813390847711928 0.5780000000000001 0.05663915978994749 0.06999999999999995
0 0.832708177044261 0.6265000000000001 0.054013503375843985 0.05799999999999994
0 0.8584021005251312 0.5375 0.05138784696174048 0.06899999999999995
0 0.8088897224306076 0.47375 0.05063765941485365 0.07250000000000001
0 0.7633158289572393 0.51025 0.06076519129782454 0.0625
0 0.7389347336834209 0.42575 0.05176294073518384 0.07150000000000001
0 0.7126781695423856 0.37825 0.05551387846961742 0.08349999999999996
0 0.7738184546136534 0.349 0.05551387846961742 0.07500000000000001
0 0.7376219054763691 0.30425 0.06264066016504133 0.07949999999999996
0 0.7563765941485372 0.22925 0.07314328582145546 0.08550000000000002
0 0.7846961740435109 0.273 0.059264816204050996 0.08399999999999999
0 0.8244561140285072 0.29475 0.05176294073518384 0.07750000000000001
0 0.8904726181545386 0.3305 0.05701425356339085 0.07200000000000001
0 0.8463990997749438 0.38749999999999996 0.05663915978994749 0.067
0 0.8780945236309077 0.46275 0.05101275318829701 0.0695
0 0.9236684171042762 0.41175 0.05663915978994749 0.07550000000000001
