0 0.13578394598649662 0.31625 0.03450862715678921 0.057499999999999996
0 0.13240810202550637 0.37324999999999997 0.03525881470367592 0.05450000000000005
0 0.13578394598649662 0.42175 0.0382595648912228 0.05249999999999999
0 0.13915978994748687 0.47150000000000003 0.03225806451612902 0.05299999999999999
0 0.16447861965491373 0.477 0.038634658664666144 0.057999999999999996
0 0.15191297824456113 0.52275 0.03675918979744938 0.057499999999999996
0 0.18529632408102026 0.56775 0.038259564891222786 0.0595
0 0.16822955738934733 0.6067499999999999 0.03788447111777943 0.055499999999999994
0 0.20798949737434358 0.641 0.03938484621155289 0.052999999999999936
0 0.2507501875468867 0.599 0.0401350337584396 0.05699999999999994
0 0.2970742685671418 0.649 0.04201050262565642 0.05899999999999994
0 0.3576519129782446 0.6367499999999999 0.03563390847711928 0.0595
0 0.35277569392348085 0.5760000000000001 0.043135783945986494 0.06599999999999995
0 0.326894223555889 0.5375 0.04388597149287321 0.062000000000000055
0 0.28113278319579893 0.523 0.04088522130532635 0.059
0 0.2526256564141035 0.49549999999999994 0.04088522130532632 0.05199999999999999
0 0.2186796699174794 0.50025 0.039759939984996245 0.05950000000000005
0 0.22449362340585144 0.5522499999999999 0.03938484621155289 0.057499999999999996
0 0.19148537134283572 0.4255 0.036384096024005996 0.057999999999999996
0 0.21924231057764443 0.41075 0.03863465866466617 0.05449999999999999
0 0.25487621905476365 0.4435 0.040135033758439576 0.06
0 0.2865716429107277 0.46499999999999997 0.04276069017254314 0.066
0 0.33214553638409605 0.46825 0.04238559639909972 0.0615
0 0.3163915978994749 0.41325 0.03938484621155286 0.0595
0 0.2777569392348087 0.367 0.03713428357089271 0.059
0 0.24212303075768943 0.37075 0.0386346586646662 0.056499999999999995
0 0.21005251312828208 0.346 0.036759189797449354 0.05299999999999999
0 0.17085521380345087 0.36725 0.04538634658664667 0.05049999999999999
0 0.18829707426856712 0.3165 0.038259564891222814 0.05400000000000005
0 0.20667666916729183 0.261 0.03750937734433607 0.06199999999999997
0 0.2327456864216054 0.28900000000000003 0.03938484621155286 0.056999999999999995
0 0.26800450112528135 0.26275 0.04388597149287324 0.06349999999999997
0 0.2965116279069767 0.27749999999999997 0.038634658664666144 0.061
0 0.28750937734433607 0.22175 0.04388597149287321 0.0605
0 0.3370217554388597 0.2135 0.036384096024005996 0.056999999999999995
0 0.3630907726931733 0.18425 0.04051012753188299 0.05349999999999999
0 0.37603150787696926 0.236 0.03713428357089271 0.05600000000000002
0 0.3323330832708177 0.27075 0.038259564891222786 0.0595
0 0.2738184546136534 0.32125 0.0390097524381095 0.04749999999999999
0 0.31376594148537135 0.33175 0.04088522130532635 0.05449999999999999
0 0.3619654913728432 0.32399999999999995 0.038259564891222786 0.056999999999999995
0 0.34339834958739685 0.37749999999999995 0.04238559639909978 0.062
0 0.3580270067516879 0.4305 0.04013503375843963 0.05299999999999999
0 0.3915978994748687 0.5840000000000001 0.04201050262565642 0.05999999999999994
0 0.43323330832708173 0.599 0.03975993998499622 0.05800000000000005
0 0.4754313578394599 0.6134999999999999 0.04088522130532629 0.04999999999999993
0 0.4966241560390097 0.5974999999999999 0.04351087771942985 0.051000000000000045
0 0.4617404351087772 0.5705 0.04351087771942985 0.05600000000000005
0 0.41841710427606904 0.5445 0.04613653413353341 0.050000000000000044
0 0.36609152288072017 0.53525 0.04051012753188299 0.0615
0 0.3825956489122281 0.47575 0.03975993998499622 0.0605
0 0.41091522880720177 0.4885 0.04238559639909972 0.05399999999999994
0 0.4512378094523631 0.5025 0.04051012753188299 0.05500000000000005
0 0.5037509377344336 0.53775 0.0480120030007502 0.0625
0 0.5350712678169542 0.55975 0.044636159039759926 0.0645
0 0.5373218304576144 0.50425 0.046886721680420074 0.061500000000000055
0 0.5466991747936985 0.66625 0.044636159039759926 0.0595
0 0.5834583645911477 0.644 0.048387096774193616 0.06699999999999995
0 0.5864591147786946 0.57175 0.04913728432108033 0.0595
0 0.581020255063766 0.51625 0.04876219054763686 0.06550000000000006
0 0.5060015003750937 0.4695 0.04276069017254314 0.061999999999999944
0 0.46624156039009756 0.4555 0.0390097524381095 0.06
0 0.4274193548387097 0.43400000000000005 0.04088522130532635 0.059
0 0.4032258064516129 0.40800000000000003 0.04351087771942985 0.055999999999999994
0 0.3919729932483121 0.358 0.03900975243810956 0.04899999999999999
0 0.3927231807951988 0.3055 0.04051012753188299 0.057999999999999996
0 0.42179294823705926 0.32975 0.043135783945986494 0.05449999999999999
0 0.4373593398349587 0.382 0.03900975243810956 0.056999999999999995
0 0.4679294823705926 0.37175 0.04163540885221301 0.0595
0 0.5007501875468867 0.40449999999999997 0.0480120030007502 0.063
0 0.5388222055513878 0.43975 0.046886721680420074 0.06949999999999995
0 0.5682670667666916 0.37849999999999995 0.04426106526631657 0.065
0 0.5262565641410353 0.36350000000000005 0.04576144036009 0.064
0 0.4737434358589647 0.31675 0.04351087771942985 0.058499999999999996
0 0.5253188297074268 0.30975 0.04388597149287321 0.0615
0 0.42085521380345087 0.271 0.04726181545386343 0.063
0 0.4291072768192048 0.2025 0.04351087771942985 0.063
0 0.4549887471867967 0.23925000000000002 0.04276069017254314 0.060500000000000026
0 0.4876219054763691 0.199 0.042010502625656476 0.061
0 0.49737434358589644 0.25 0.04576144036009 0.06200000000000003
0 0.5665791447861965 0.25375 0.04088522130532635 0.05849999999999997
0 0.5690172543135783 0.31100000000000005 0.04351087771942985 0.06
0 0.6057764441110278 0.347 0.04801200300075015 0.064
0 0.609714928732183 0.2875 0.04388597149287321 0.068
0 0.6175918979744937 0.23 0.044636159039759926 0.061
0 0.6500375093773443 0.3145 0.04426106526631657 0.061
0 0.6935483870967742 0.3005 0.04276069017254314 0.062
0 0.6834208552138035 0.24375000000000002 0.04576144036009 0.060500000000000026
0 0.7256189047261816 0.22675 0.05363840960240063 0.0655
0 0.7526256564141035 0.27449999999999997 0.04763690922730679 0.062
0 0.7918229557389347 0.29925 0.046511627906976716 0.056499999999999995
0 0.8338334583645912 0.27649999999999997 0.04576144036009 0.061
0 0.7325581395348837 0.35075 0.052513128282070554 0.0645
0 0.7361215303825956 0.40700000000000003 0.04988747186796694 0.061
0 0.6933608402100525 0.373 0.04538634658664664 0.064
0 0.6483495873968492 0.37949999999999995 0.05138784696174037 0.061
0 0.5952738184546136 0.4475 0.04726181545386343 0.062
0 0.6357839459864967 0.437 0.045011252813203284 0.06000000000000005
0 0.6837959489872468 0.43175 0.050262565641410406 0.056499999999999995
0 0.6611027756939235 0.49325 0.044636159039759926 0.0655
0 0.6138409602400601 0.49325 0.04913728432108033 0.0635
0 0.6275318829707426 0.54775 0.04351087771942985 0.05149999999999999
0 0.6691672918229558 0.577 0.05176294073518384 0.061999999999999944
0 0.7001125281320331 0.5329999999999999 0.046886721680420185 0.06399999999999995
0 0.7381845461365342 0.49375 0.04801200300075015 0.07149999999999995
0 0.7670667666916728 0.5347500000000001 0.046511627906976716 0.07150000000000001
0 0.7368717179294824 0.5782499999999999 0.04763690922730679 0.0615
0 0.6252813203300825 0.62375 0.04951237809452369 0.0695
0 0.6427231807951987 0.6672499999999999 0.05138784696174048 0.057499999999999996
0 0.6933608402100525 0.66275 0.04613653413353336 0.0695
0 0.6946736684171042 0.5954999999999999 0.046511627906976716 0.049000000000000044
0 0.7389347336834209 0.62 0.050262565641410295 0.052999999999999936
0 0.737059264816204 0.681 0.04726181545386343 0.061000000000000054
0 0.7085521380345086 0.7424999999999999 0.04576144036009 0.05999999999999994
0 0.7648162040510127 0.72325 0.04426106526631657 0.058499999999999996
0 0.8032633158289573 0.7435 0.044636159039759926 0.05700000000000005
0 0.7811327831957989 0.6715 0.044636159039759926 0.06299999999999994
0 0.8105776444111028 0.6852499999999999 0.04276069017254314 0.057499999999999996
0 0.786384096024006 0.5965 0.0476369092273069 0.05799999999999994
0 0.8087021755438859 0.624 0.04276069017254314 0.05800000000000005
0 0.812828207051763 0.5447500000000001 0.04651162790697683 0.0655
0 0.8012003000750187 0.47924999999999995 0.04951237809452369 0.06449999999999995
0 0.7983870967741935 0.41675 0.0476369092273069 0.057499999999999996
0 0.8066391597899475 0.359 0.05438859714928723 0.065
0 0.8493998499624906 0.32925 0.05063765941485365 0.05449999999999999
0 0.9039759939984996 0.34725 0.0547636909227307 0.0685
0 0.8546511627906976 0.383 0.05363840960240063 0.065
0 0.890285071267817 0.42700000000000005 0.05138784696174037 0.064
0 0.9229182295573893 0.45799999999999996 0.046886721680420074 0.066
0 0.8396474118529632 0.44025 0.04763690922730679 0.0635
0 0.8514628657164292 0.52125 0.046511627906976716 0.0625
0 0.9146661665416354 0.52275 0.05363840960240063 0.0595
0 0.8561515378844711 0.56825 0.043135783945986494 0.056499999999999995
0 0.8829707426856714 0.604 0.0367591897974493 0.052999999999999936
0 0.8612153038259565 0.6345000000000001 0.04876219054763686 0.06900000000000006
0 0.8728432108027007 0.69225 0.050262565641410406 0.0615
0 0.8619654913728432 0.75825 0.04951237809452358 0.0625
