0 0.090960240060015 0.424 0.07314328582145538 0.09799999999999998
0 0.12715678919729934 0.5022500000000001 0.08252063015753938 0.09550000000000003
0 0.11384096024006002 0.5945 0.07614403600900227 0.09899999999999998
0 0.15941485371342834 0.665 0.07501875468867217 0.10799999999999998
0 0.2261815453863466 0.7105 0.07501875468867217 0.09899999999999998
0 0.1935483870967742 0.5702499999999999 0.07201800450112528 0.09950000000000003
0 0.2576894223555889 0.6135 0.08102025506376595 0.10499999999999998
0 0.31076519129782443 0.667 0.07689422355588899 0.10099999999999998
0 0.1751687921980495 0.41975 0.07726931732933234 0.09450000000000003
0 0.22486871717929482 0.47625 0.07689422355588899 0.09350000000000003
0 0.18060765191297823 0.3185 0.07089272318079518 0.10899999999999999
0 0.24362340585146286 0.3805 0.07164291072768192 0.10299999999999998
0 0.24437359339834958 0.27725 0.06864216054013503 0.0895
0 0.3047636909227307 0.32325000000000004 0.0708927231807952 0.08849999999999997
0 0.2595648912228057 0.19024999999999997 0.06676669167291824 0.0915
0 0.3208927231807952 0.2325 0.07314328582145535 0.08500000000000002
0 0.30682670667666917 0.4215 0.07351837959489871 0.09899999999999998
0 0.29257314328582146 0.5267499999999999 0.07201800450112528 0.10649999999999998
0 0.3600900225056264 0.39575 0.07051762940735185 0.09450000000000003
0 0.354463615903976 0.48125 0.07876969242310577 0.08550000000000002
0 0.33908477119279823 0.5782499999999999 0.0802700675168792 0.09950000000000003
0 0.41335333833458365 0.635 0.07426856714178542 0.10999999999999999
0 0.36946736684171044 0.73325 0.07576894223555891 0.10449999999999993
0 0.4409227306826707 0.7402500000000001 0.07164291072768192 0.11150000000000004
0 0.4471117779444861 0.54075 0.0802700675168792 0.09849999999999998
0 0.4930607651912978 0.654 0.07764441110277565 0.10099999999999998
0 0.5279444861215303 0.75025 0.08064516129032262 0.10850000000000004
0 0.396099024756189 0.22925 0.07201800450112528 0.09950000000000003
0 0.4240435108777194 0.32825000000000004 0.07464366091522884 0.09749999999999998
0 0.47318079519879974 0.378 0.07989497374343585 0.09399999999999997
0 0.4728057014253563 0.235 0.06714178544636157 0.09499999999999997
0 0.5191297824456114 0.2985 0.07426856714178548 0.09899999999999998
0 0.5416354088522131 0.393 0.06451612903225801 0.09400000000000003
0 0.42554388597149284 0.44875 0.0731432858214554 0.09449999999999997
0 0.5001875468867216 0.47324999999999995 0.07089272318079515 0.09249999999999997
0 0.5271942985746436 0.5602499999999999 0.0798949737434359 0.09350000000000003
0 0.5780195048762191 0.49075 0.07951987996999244 0.10050000000000003
0 0.6048387096774194 0.5780000000000001 0.0753938484621155 0.08799999999999997
0 0.5866466616654163 0.27125 0.0690172543135783 0.0925
0 0.6609152288072018 0.29974999999999996 0.0682670667666917 0.09649999999999997
0 0.6108402100525131 0.356 0.07314328582145535 0.09600000000000003
0 0.6331582895723931 0.42474999999999996 0.07426856714178542 0.10149999999999998
0 0.700675168792198 0.38 0.06451612903225801 0.09699999999999998
0 0.7605026256564141 0.36124999999999996 0.0708927231807952 0.09749999999999998
0 0.6747936984246061 0.507 0.08027006751687926 0.10200000000000004
0 0.7462490622655664 0.50225 0.07014253563390849 0.10049999999999998
0 0.6783570892723181 0.60375 0.07014253563390849 0.10149999999999992
0 0.7428732183045761 0.606 0.06714178544636151 0.11099999999999999
0 0.6369092273068266 0.67975 0.07351837959489871 0.09850000000000003
0 0.5647036759189797 0.66425 0.06864216054013506 0.11349999999999993
0 0.6024006001500375 0.767 0.07651912978244568 0.09299999999999997
0 0.6851087771942985 0.8007500000000001 0.07389347336834218 0.10449999999999993
0 0.7511252813203301 0.8045 0.07464366091522878 0.10299999999999998
0 0.7051762940735185 0.69975 0.07351837959489871 0.10749999999999993
0 0.8207051762940736 0.8787499999999999 0.07576894223555886 0.10950000000000004
0 0.8195798949737434 0.765 0.07051762940735185 0.09400000000000008
0 0.7730682670667667 0.699 0.06676669167291815 0.10299999999999998
0 0.8072018004501125 0.56325 0.07126781695423856 0.09050000000000002
0 0.8364591147786946 0.6685 0.07201800450112528 0.08600000000000008
0 0.9045386346586647 0.73925 0.07389347336834207 0.10849999999999993
0 0.8724681170292574 0.58175 0.07201800450112528 0.09650000000000003
0 0.8049512378094523 0.42574999999999996 0.06451612903225812 0.09949999999999998
0 0.8589647411852963 0.49 0.07351837959489871 0.09099999999999997
0 0.9124156039009752 0.46625 0.07389347336834207 0.10150000000000003
0 0.9424231057764441 0.5675 0.07389347336834218 0.09699999999999998
0 0.9433608402100526 0.67525 0.07051762940735185 0.10050000000000003
