0 0.5813953488372092 0.78325 0.07201800450112528 0.0774999999999999
0 0.5255063765941486 0.81825 0.0615153788447112 0.08250000000000002
0 0.4801200300075019 0.839 0.060765191297824483 0.08199999999999996
0 0.4180420105026257 0.83775 0.060390097524381126 0.07450000000000001
0 0.3758439609902476 0.868 0.05701425356339085 0.06899999999999995
0 0.31207801950487624 0.8554999999999999 0.05701425356339085 0.06599999999999995
0 0.2636909227306827 0.80025 0.052513128282070554 0.07250000000000001
0 0.29857464366091524 0.7955 0.057764441110277565 0.07899999999999996
0 0.3657164291072768 0.79025 0.05551387846961742 0.07250000000000001
0 0.4148537134283571 0.7595000000000001 0.054013503375843985 0.07700000000000007
0 0.481245311327832 0.7697499999999999 0.057014253563390904 0.0695
0 0.5502625656414104 0.7324999999999999 0.05626406601650402 0.07100000000000006
0 0.5995873968492123 0.6765 0.05888972243060764 0.07600000000000007
0 0.5373218304576144 0.65025 0.06039009752438118 0.07250000000000001
0 0.48687171792948236 0.69475 0.05551387846961742 0.07550000000000001
0 0.4214178544636159 0.6825 0.06039009752438107 0.07099999999999995
0 0.3582145536384096 0.7245 0.05701425356339085 0.07699999999999996
0 0.28019504876219054 0.7185 0.0547636909227307 0.07499999999999996
0 0.23855963990997747 0.74675 0.05701425356339082 0.07350000000000001
0 0.18342085521380347 0.7242500000000001 0.05401350337584396 0.07750000000000001
0 0.1974868717179295 0.68975 0.06639159789947488 0.07850000000000001
0 0.15266316579144787 0.64625 0.05626406601650413 0.0695
0 0.14422355588897223 0.5720000000000001 0.05963990997749438 0.07900000000000007
0 0.22599399849962493 0.59275 0.05963990997749438 0.07650000000000001
0 0.2893848462115529 0.62125 0.05588897224306072 0.07450000000000001
0 0.33983495873968494 0.6475 0.06526631657914478 0.07700000000000007
0 0.399662415603901 0.636 0.0618904726181545 0.08099999999999996
0 0.4624906226556639 0.61875 0.0660165041260315 0.07650000000000001
0 0.5740810202550637 0.5945 0.05738934733683421 0.07399999999999995
0 0.6057764441110278 0.4545 0.06301575393848469 0.08100000000000002
0 0.5558889722430608 0.51175 0.06301575393848458 0.08050000000000007
0 0.4979369842460615 0.49424999999999997 0.06264066016504127 0.07649999999999996
0 0.5112528132033008 0.57325 0.06001500375093777 0.07950000000000002
0 0.43848462115528886 0.54525 0.062265566391597915 0.08150000000000002
0 0.31957989497374345 0.5740000000000001 0.07201800450112528 0.08500000000000008
0 0.27288072018004506 0.54025 0.06264066016504127 0.08650000000000002
0 0.1656039009752438 0.497 0.058889722430607666 0.07899999999999996
0 0.19654913728432108 0.43225 0.057764441110277565 0.08349999999999996
0 0.2661290322580645 0.45799999999999996 0.054388597149287315 0.08400000000000002
0 0.322768192048012 0.483 0.06339084771192799 0.08800000000000002
0 0.3960990247561891 0.484 0.06001500375093777 0.07699999999999996
0 0.4484246061515379 0.4475 0.06114028507126784 0.08100000000000002
0 0.5378844711177795 0.44125000000000003 0.06301575393848469 0.08249999999999996
0 0.5701425356339085 0.36375 0.06076519129782443 0.08350000000000002
0 0.6037134283570893 0.30025 0.05813953488372092 0.08050000000000002
0 0.5309452363090772 0.301 0.06339084771192793 0.08699999999999997
0 0.5881470367591898 0.21075 0.06001500375093771 0.0895
0 0.5226931732933233 0.20174999999999998 0.058889722430607694 0.0885
0 0.4696174043510878 0.303 0.05551387846961742 0.08299999999999996
0 0.4949362340585146 0.37424999999999997 0.0641410352588147 0.09549999999999997
0 0.43060765191297823 0.37375 0.0615153788447112 0.08549999999999996
0 0.36834208552138037 0.35950000000000004 0.057764441110277565 0.08400000000000002
0 0.30570142535633904 0.394 0.06301575393848463 0.08100000000000002
0 0.23968492123030757 0.36924999999999997 0.062265566391597915 0.08949999999999997
0 0.27063015753938485 0.31074999999999997 0.06564141035258811 0.08449999999999996
0 0.3420855213803451 0.27525 0.06076519129782443 0.07650000000000001
0 0.39797449362340587 0.27175 0.0615153788447112 0.0865
0 0.6944861215303826 0.17425000000000002 0.06339084771192804 0.08049999999999999
0 0.7633158289572393 0.148 0.06601650412603155 0.09100000000000001
0 0.8270817704426107 0.184 0.06451612903225801 0.093
0 0.8807201800450113 0.24375 0.07351837959489871 0.09349999999999997
0 0.7955738934733683 0.261 0.06301575393848469 0.07899999999999999
0 0.7396849212303076 0.238 0.06901725431357841 0.09199999999999997
0 0.6545386346586647 0.2465 0.06226556639159786 0.08999999999999997
0 0.6892348087021756 0.3145 0.06789197299324834 0.09399999999999997
0 0.7507501875468867 0.3275 0.06639159789947491 0.09299999999999997
0 0.8081395348837209 0.34450000000000003 0.059639909977494465 0.09200000000000003
0 0.8765941485371342 0.33475 0.06526631657914483 0.09150000000000003
0 0.8499624906226557 0.40825 0.06301575393848469 0.08850000000000002
0 0.7695048762190548 0.4305 0.0618904726181545 0.09199999999999997
0 0.7078019504876218 0.39049999999999996 0.061515378844711255 0.08500000000000002
0 0.6342835708927231 0.373 0.05701425356339085 0.09399999999999997
0 0.6761065266316579 0.47225 0.061140285071267786 0.08350000000000002
0 0.7376219054763691 0.498 0.0611402850712679 0.08600000000000002
0 0.8049512378094523 0.48850000000000005 0.06226556639159797 0.08300000000000002
0 0.6222805701425356 0.52725 0.061515378844711255 0.08850000000000002
0 0.6806076519129782 0.5475 0.05888972243060764 0.08699999999999997
0 0.7556264066016505 0.5695 0.061140285071267786 0.07499999999999996
0 0.6342835708927232 0.6145 0.06301575393848469 0.07999999999999996
0 0.6909227306826706 0.633 0.06676669167291827 0.07699999999999996
