0 0.3852213053263316 0.05625 0.04576144036009 0.053500000000000006
0 0.43454613653413354 0.059 0.04538634658664664 0.066
0 0.48255813953488375 0.059 0.050637659414853764 0.064
0 0.5213803450862715 0.0445 0.04801200300075015 0.059
0 0.5110652663165791 0.09475 0.04988747186796705 0.055499999999999994
0 0.5491372843210802 0.084 0.046511627906976716 0.061000000000000006
0 0.5969617404351087 0.099 0.04538634658664664 0.07900000000000001
0 0.36440360090022506 0.128 0.04538634658664664 0.05
0 0.4116654163540885 0.1185 0.04913728432108028 0.059
0 0.4521755438859715 0.1205 0.044636159039759926 0.056999999999999995
0 0.4846211552888222 0.14925 0.04726181545386349 0.06549999999999999
0 0.3715303825956489 0.163 0.04763690922730679 0.07300000000000001
0 0.4167291822955739 0.19975 0.05026256564141035 0.0645
0 0.3887846961740435 0.23625000000000002 0.05663915978994749 0.0695
0 0.46174043510877716 0.19675 0.051012753188297066 0.0635
0 0.5260690172543135 0.1805 0.04763690922730679 0.062
0 0.5776444111027756 0.16 0.04801200300075015 0.056999999999999995
0 0.6194673668417104 0.17425 0.04988747186796694 0.0645
0 0.654351087771943 0.14875 0.04913728432108033 0.0595
0 0.5808327081770442 0.21725 0.04763690922730679 0.0625
0 0.5378844711177795 0.23975000000000002 0.04951237809452358 0.059500000000000025
0 0.48668417104276074 0.247 0.04988747186796699 0.060000000000000026
0 0.4433608402100525 0.2515 0.05101275318829712 0.06099999999999997
0 0.3807201800450113 0.2975 0.051012753188297066 0.063
0 0.4216054013503376 0.29975 0.045011252813203284 0.0625
0 0.37115528882220555 0.35725 0.044636159039759926 0.0645
0 0.4257314328582146 0.34625 0.0480120030007502 0.0665
0 0.47074268567141786 0.3325 0.04726181545386343 0.06
0 0.35352588147036756 0.40225 0.04913728432108028 0.0645
0 0.4684921230307577 0.39349999999999996 0.05176294073518378 0.062
0 0.5080645161290323 0.36750000000000005 0.05063765941485365 0.063
0 0.5620780195048762 0.33299999999999996 0.048387096774193505 0.064
0 0.56695423855964 0.27649999999999997 0.05363840960240063 0.065
0 0.6115903975993998 0.32275 0.04763690922730679 0.07250000000000001
0 0.3734058514628657 0.4745 0.055888972243060775 0.05799999999999994
0 0.4111027756939235 0.4495 0.049512378094523635 0.066
0 0.4566766691672918 0.45725 0.05138784696174048 0.0655
0 0.5502625656414104 0.40325 0.046511627906976716 0.0695
0 0.5217554388597149 0.4595 0.0525131282820705 0.064
0 0.5926481620405102 0.38 0.04576144036009 0.064
0 0.6761065266316579 0.2075 0.04913728432108022 0.063
0 0.7211177794448612 0.19475 0.048387096774193505 0.0665
0 0.6536009002250562 0.28300000000000003 0.05138784696174048 0.068
0 0.7027381845461366 0.28600000000000003 0.046886721680420074 0.059
0 0.7417479369842461 0.27849999999999997 0.0476369092273069 0.062
0 0.6843585896474118 0.32775 0.05288822205551391 0.07050000000000001
0 0.7289947486871717 0.33775 0.046886721680420185 0.0645
0 0.7274943735933983 0.40625 0.05288822205551391 0.0675
0 0.6354088522130532 0.40175 0.04951237809452358 0.07150000000000001
0 0.6817329332333083 0.4185 0.05063765941485365 0.068
0 0.7747561890472618 0.43274999999999997 0.05738934733683421 0.08149999999999996
0 0.7239309827456865 0.46225 0.05701425356339085 0.07050000000000001
0 0.5783945986496624 0.438 0.050262565641410295 0.06999999999999995
0 0.6200300075018754 0.474 0.05626406601650413 0.07299999999999995
0 0.6924231057764441 0.51975 0.05251312828207044 0.06450000000000006
0 0.7475618904726181 0.52225 0.054013503375843985 0.07150000000000006
0 0.8137659414853713 0.50825 0.05513878469617406 0.07250000000000001
0 0.4180420105026257 0.5115000000000001 0.04163540885221301 0.06700000000000006
0 0.36890472618154535 0.54175 0.05438859714928729 0.056499999999999995
0 0.4457989497374344 0.54775 0.047636909227306845 0.0645
0 0.4806826706676669 0.5097499999999999 0.0528882220555138 0.0615
0 0.5684546136534134 0.502 0.04988747186796705 0.06400000000000006
0 0.5256939234808702 0.5315 0.052138034508627196 0.06499999999999995
0 0.596211552888222 0.552 0.04913728432108022 0.06799999999999995
0 0.6404726181545386 0.53975 0.05363840960240063 0.07050000000000001
0 0.7368717179294824 0.5760000000000001 0.05513878469617406 0.06999999999999995
0 0.6354088522130532 0.5965 0.04726181545386343 0.06700000000000006
0 0.49268567141785446 0.57225 0.052888222055513856 0.07050000000000001
0 0.37340585146286576 0.597 0.04913728432108028 0.06800000000000006
0 0.422543135783946 0.6045 0.046886721680420074 0.07199999999999995
0 0.46155288822205554 0.61825 0.047636909227306845 0.07750000000000001
0 0.5161290322580645 0.621 0.0525131282820705 0.07000000000000006
0 0.5598274568642161 0.5860000000000001 0.05138784696174048 0.06300000000000006
0 0.5907726931732933 0.6292500000000001 0.0547636909227307 0.0655
0 0.690735183795949 0.615 0.0528882220555138 0.06800000000000006
0 0.7372468117029257 0.643 0.053638409602400516 0.08000000000000007
0 0.7743810952738184 0.61975 0.05438859714928734 0.07050000000000001
0 0.8049512378094523 0.6775 0.05326331582895727 0.06800000000000006
0 0.748312078019505 0.7095 0.05251312828207044 0.06800000000000006
0 0.6909227306826706 0.6835 0.05626406601650413 0.07400000000000007
0 0.6342835708927232 0.6775 0.05101275318829701 0.06800000000000006
0 0.5802700675168793 0.69275 0.05551387846961742 0.0655
0 0.3846586646661665 0.6575 0.04838709677419356 0.06999999999999995
0 0.4317329332333083 0.6659999999999999 0.045761440360090055 0.06999999999999995
0 0.49006001500375096 0.681 0.04613653413353341 0.06700000000000006
0 0.5367591897974493 0.6955 0.046511627906976716 0.06899999999999995
0 0.5795198799699925 0.692 0.05701425356339085 0.06700000000000006
0 0.39478619654913727 0.7145 0.04988747186796699 0.06800000000000006
0 0.4576144036009002 0.7244999999999999 0.04351087771942985 0.06599999999999995
0 0.5039384846211553 0.7482500000000001 0.04688672168042013 0.07750000000000001
0 0.5723930982745686 0.75075 0.0547636909227307 0.08450000000000002
0 0.6151537884471118 0.73675 0.057764441110277565 0.07450000000000001
0 0.5341335333833458 0.8015 0.05701425356339085 0.07299999999999995
0 0.5648912228057015 0.8452500000000001 0.041260315078769705 0.0724999999999999
0 0.6121530382595649 0.81875 0.050262565641410406 0.07250000000000001
0 0.605588897224306 0.8827499999999999 0.05738934733683421 0.07350000000000001
0 0.6693548387096775 0.862 0.052138034508627196 0.06800000000000006
0 0.6654163540885221 0.79475 0.05476369092273059 0.07650000000000001
0 0.7081770442610653 0.752 0.057764441110277565 0.07299999999999995
0 0.75 0.78075 0.05138784696174037 0.07550000000000001
