0 0.13090772693173294 0.3805 0.05626406601650413 0.08099999999999996
0 0.10183795948987247 0.437 0.06189047261815453 0.07099999999999995
0 0.10690172543135784 0.50875 0.05326331582895723 0.07750000000000001
0 0.10240060015003752 0.5787500000000001 0.051762940735183796 0.0675
0 0.09602400600150038 0.648 0.051762940735183796 0.07099999999999995
0 0.1350337584396099 0.688 0.0480120030007502 0.06900000000000006
0 0.1494748687171793 0.5902499999999999 0.04088522130532635 0.0804999999999999
0 0.18473368342085522 0.59825 0.046136534133533386 0.0724999999999999
0 0.1828582145536384 0.6505000000000001 0.05663915978994749 0.05700000000000005
0 0.19054763690922732 0.7095 0.04726181545386346 0.06899999999999995
0 0.2357464366091523 0.747 0.05438859714928734 0.06899999999999995
0 0.26969242310577646 0.73125 0.05701425356339085 0.07350000000000001
0 0.232370592648162 0.681 0.05513878469617403 0.06999999999999995
0 0.2460615153788447 0.6185 0.05701425356339082 0.06999999999999995
0 0.18379594898724683 0.51975 0.05851462865716431 0.07250000000000006
0 0.17966991747936983 0.4345 0.052513128282070526 0.08099999999999996
0 0.2280570142535634 0.46975 0.06601650412603152 0.07549999999999996
0 0.23987246811702928 0.5455 0.058889722430607666 0.07600000000000007
0 0.29257314328582146 0.5269999999999999 0.06676669167291827 0.07199999999999995
0 0.290510127531883 0.46275 0.05663915978994749 0.07949999999999996
0 0.2591897974493623 0.39 0.056264066016504105 0.09299999999999997
0 0.20555138784696175 0.3745 0.060765191297824456 0.08599999999999997
0 0.27719429857464367 0.2955 0.05626406601650413 0.08700000000000002
0 0.3162040510127532 0.37024999999999997 0.06001500375093771 0.08949999999999997
0 0.35596399099774945 0.42925 0.057764441110277565 0.07750000000000001
0 0.34658664666166544 0.50225 0.05701425356339085 0.07649999999999996
0 0.29538634658664664 0.601 0.05963990997749441 0.07099999999999995
0 0.2899474868717179 0.6655 0.06001500375093777 0.06499999999999995
0 0.32708177044261066 0.71775 0.04876219054763692 0.0734999999999999
0 0.33983495873968494 0.65625 0.0525131282820705 0.0714999999999999
0 0.3152663165791448 0.78325 0.05438859714928734 0.0515000000000001
0 0.4251687921980495 0.7685 0.055138784696174004 0.061000000000000054
0 0.3812828207051763 0.70625 0.05063765941485371 0.0675
0 0.4347336834208552 0.70475 0.061515378844711144 0.0685
0 0.3962865716429107 0.635 0.05738934733683421 0.07099999999999995
0 0.3524006001500375 0.57975 0.06339084771192799 0.07250000000000001
0 0.41429107276819205 0.5660000000000001 0.06039009752438107 0.06900000000000006
0 0.4491747936984246 0.62375 0.055888972243060775 0.07650000000000001
0 0.4883720930232558 0.6945 0.053263315828957214 0.07699999999999996
0 0.508814703675919 0.63175 0.05963990997749441 0.08650000000000002
0 0.5429482370592649 0.70775 0.05888972243060764 0.07450000000000001
0 0.5708927231807952 0.63725 0.05701425356339085 0.0685
0 0.6042760690172543 0.7010000000000001 0.05701425356339085 0.06900000000000006
0 0.6342835708927232 0.64675 0.061515378844711255 0.07850000000000001
0 0.6599774943735934 0.7057500000000001 0.055888972243060775 0.07350000000000001
0 0.595086271567892 0.5705 0.05738934733683421 0.08400000000000007
0 0.5373218304576144 0.5549999999999999 0.05888972243060764 0.07599999999999996
0 0.47768192048012004 0.554 0.05888972243060758 0.07399999999999995
0 0.4034133533383346 0.492 0.058889722430607694 0.07699999999999996
0 0.4555513878469617 0.47925 0.06339084771192799 0.07350000000000001
0 0.5264441110277569 0.47875 0.0641410352588147 0.07250000000000001
0 0.47674418604651164 0.39125 0.06751687921980498 0.08550000000000002
0 0.4161665416354089 0.41525 0.0641410352588147 0.08750000000000002
0 0.36965491372843207 0.3425 0.06714178544636157 0.08900000000000002
0 0.3430232558139535 0.26675 0.06789197299324834 0.0915
0 0.43717179294823705 0.228 0.059639909977494354 0.08400000000000002
0 0.4418604651162791 0.3225 0.061515378844711144 0.09299999999999997
0 0.4904351087771943 0.2575 0.06789197299324834 0.095
0 0.5200675168792198 0.16825 0.07689422355588899 0.08049999999999999
0 0.4975618904726182 0.09875 0.05513878469617406 0.07950000000000002
0 0.6172168042010503 0.2525 0.06864216054013506 0.093
0 0.5405101275318829 0.31 0.06676669167291827 0.09399999999999997
0 0.6016504126031508 0.34975 0.07126781695423856 0.10350000000000004
0 0.6380345086271568 0.41300000000000003 0.057764441110277565 0.08800000000000002
0 0.5517629407351838 0.39349999999999996 0.06226556639159797 0.08300000000000002
0 0.61496624156039 0.4905 0.06789197299324823 0.08199999999999996
0 0.7421230307576894 0.12425 0.07614403600900232 0.09649999999999999
0 0.7004876219054763 0.237 0.08139534883720934 0.10199999999999998
0 0.7657539384846211 0.26425 0.06339084771192804 0.10850000000000001
0 0.8118904726181546 0.3285 0.07764441110277576 0.09999999999999998
0 0.8390847711927982 0.39849999999999997 0.06526631657914483 0.10000000000000003
0 0.6757314328582145 0.32675 0.06039009752438107 0.09149999999999997
0 0.7331207801950488 0.35950000000000004 0.07614403600900221 0.08700000000000002
0 0.6999249812453113 0.44375 0.06676669167291815 0.09649999999999997
0 0.7685671417854463 0.439 0.06676669167291827 0.09399999999999997
0 0.7830082520630157 0.51775 0.06489122280570137 0.08850000000000008
0 0.849774943735934 0.48125 0.06864216054013506 0.07950000000000002
0 0.9069767441860466 0.536 0.061515378844711255 0.08799999999999997
0 0.8435858964741185 0.57275 0.06676669167291815 0.08250000000000002
0 0.7064891222805701 0.53225 0.06264066016504133 0.08850000000000002
0 0.7432483120780196 0.59125 0.07239309827456875 0.07350000000000001
0 0.6567891972993248 0.5860000000000001 0.06076519129782443 0.07700000000000007
0 0.6997374343585896 0.63975 0.061140285071267786 0.07350000000000001
0 0.7642535633908477 0.66025 0.06789197299324834 0.07850000000000001
0 0.7764441110277569 0.7125 0.05626406601650413 0.05800000000000005
0 0.7209302325581395 0.7015 0.06451612903225812 0.07000000000000006
0 0.826331582895724 0.64375 0.06676669167291815 0.07250000000000001
0 0.8413353338334584 0.70225 0.06601650412603144 0.0665
0 0.9141035258814704 0.6970000000000001 0.06301575393848458 0.07700000000000007
0 0.9141035258814704 0.62325 0.06676669167291815 0.07250000000000001
0 0.9217929482370593 0.42625 0.06789197299324834 0.07350000000000001
0 0.9324831207801951 0.35225 0.06751687921980498 0.08650000000000002
0 0.9013503375843961 0.28200000000000003 0.06901725431357841 0.08900000000000002
