0 0.48555888972243066 0.9295 0.043885971492873266 0.04800000000000004
0 0.532258064516129 0.9315 0.04351087771942985 0.07000000000000006
0 0.5853338334583646 0.9199999999999999 0.046886721680420185 0.05799999999999994
0 0.48930982745686424 0.8765000000000001 0.04463615903975998 0.06500000000000006
0 0.537509377344336 0.86375 0.046511627906976716 0.04949999999999999
0 0.586271567891973 0.87 0.04651162790697683 0.05499999999999994
0 0.6254688672168043 0.8320000000000001 0.04988747186796705 0.05700000000000005
0 0.5759564891222806 0.82425 0.05363840960240063 0.05449999999999999
0 0.5256939234808702 0.81575 0.052138034508627196 0.055499999999999994
0 0.5073143285821455 0.7795 0.052888222055513856 0.07699999999999996
0 0.46230307576894225 0.82575 0.05063765941485371 0.0695
0 0.40678919729932483 0.81775 0.052138034508627196 0.0645
0 0.44392348087021755 0.7615000000000001 0.05438859714928734 0.06700000000000006
0 0.3441485371342836 0.8027500000000001 0.06189047261815456 0.07150000000000001
0 0.27344336084021004 0.7517499999999999 0.057764441110277565 0.07150000000000001
0 0.2329332333083271 0.8082499999999999 0.06226556639159789 0.0695
0 0.2175543885971493 0.735 0.06001500375093771 0.08200000000000007
0 0.33402100525131284 0.7242500000000001 0.06489122280570142 0.0675
0 0.390285071267817 0.751 0.055138784696174004 0.05899999999999994
0 0.1581020255063766 0.694 0.058889722430607666 0.07399999999999995
0 0.23705926481620404 0.656 0.061515378844711144 0.07899999999999996
0 0.29744936234058517 0.67225 0.06901725431357836 0.07150000000000001
0 0.3707801950487622 0.6832499999999999 0.05663915978994749 0.08350000000000002
0 0.42498124531132786 0.708 0.060765191297824483 0.06300000000000006
0 0.4893098274568642 0.71675 0.06039009752438107 0.0734999999999999
0 0.5457614403600901 0.7224999999999999 0.045011252813203284 0.06999999999999995
0 0.608589647411853 0.73725 0.04913728432108022 0.0665
0 0.6181545386346586 0.7775 0.05326331582895727 0.050000000000000044
0 0.6642910727681921 0.73675 0.05251312828207044 0.0625
0 0.660165041260315 0.6675 0.05551387846961742 0.05499999999999994
0 0.5860840210052514 0.6765 0.04913728432108033 0.07099999999999995
0 0.528694673668417 0.6652499999999999 0.05513878469617406 0.0655
0 0.1207801950487622 0.61575 0.06526631657914479 0.07150000000000001
0 0.1807951987996999 0.61175 0.07051762940735182 0.08050000000000002
0 0.24643660915228804 0.5685 0.0697674418604651 0.06600000000000006
0 0.2976369092273068 0.6014999999999999 0.0641410352588147 0.07100000000000006
0 0.3606526631657915 0.60825 0.06189047261815456 0.07250000000000001
0 0.418979744936234 0.6425000000000001 0.06526631657914478 0.07500000000000007
0 0.4846211552888222 0.6287499999999999 0.059264816204050996 0.07550000000000001
0 0.5588897224306076 0.6092500000000001 0.052513128282070554 0.07550000000000001
0 0.6115903975993999 0.61075 0.048387096774193616 0.0665
0 0.6573518379594898 0.5582499999999999 0.052138034508627196 0.0675
0 0.6129032258064516 0.5495 0.05701425356339085 0.06899999999999995
0 0.5560765191297825 0.5277499999999999 0.05663915978994749 0.07950000000000002
0 0.5103150787696924 0.569 0.05738934733683426 0.07500000000000007
0 0.4518004501125281 0.5842499999999999 0.059639909977494354 0.07350000000000001
0 0.4939984996249063 0.5 0.05776444111027762 0.07699999999999996
0 0.4336084021005251 0.50275 0.06376594148537135 0.09050000000000002
0 0.38465866466616655 0.5402499999999999 0.05438859714928734 0.07950000000000002
0 0.3267066766691673 0.5435 0.0682670667666917 0.07899999999999996
0 0.24924981245311328 0.504 0.06864216054013506 0.08200000000000002
0 0.19486121530382594 0.5277499999999999 0.06639159789947488 0.08449999999999996
0 0.12190547636909227 0.54175 0.0690172543135784 0.08050000000000002
0 0.1406601650412603 0.44699999999999995 0.0622655663915979 0.07300000000000001
0 0.19823705926481622 0.4445 0.06939234808702174 0.08899999999999997
0 0.2886346586646662 0.4265 0.06639159789947485 0.08499999999999996
0 0.40735183795948987 0.43125 0.06676669167291827 0.08449999999999996
0 0.48612153038259565 0.43274999999999997 0.06226556639159786 0.08149999999999996
0 0.5510127531882971 0.45275 0.057764441110277565 0.07950000000000002
0 0.6114028507126782 0.48725 0.06001500375093771 0.07750000000000001
0 0.6671042760690172 0.48124999999999996 0.05138784696174037 0.07849999999999996
0 0.6740435108777194 0.396 0.0547636909227307 0.08300000000000002
0 0.6065266316579145 0.4105 0.06001500375093782 0.08000000000000002
0 0.6687921980495124 0.31525000000000003 0.06226556639159786 0.08449999999999996
0 0.5980870217554388 0.33075 0.0663915978994748 0.08150000000000002
0 0.5354463615903976 0.375 0.0611402850712679 0.09299999999999997
0 0.48930982745686424 0.344 0.07014253563390849 0.08600000000000002
0 0.41522880720180044 0.34125 0.07576894223555886 0.09550000000000003
0 0.3493998499624906 0.37775000000000003 0.0708927231807952 0.08649999999999997
0 0.22824456114028507 0.3755 0.07689422355588896 0.09199999999999997
0 0.16110277569392348 0.3755 0.07314328582145535 0.08799999999999997
0 0.2261815453863466 0.27175 0.07576894223555888 0.10450000000000001
0 0.28582145536384096 0.3315 0.06976744186046513 0.09600000000000003
0 0.3619654913728432 0.29700000000000004 0.0750187546886722 0.09200000000000003
0 0.43023255813953487 0.2 0.07051762940735185 0.101
0 0.46886721680420107 0.2545 0.06451612903225806 0.087
0 0.5320705176294074 0.2915 0.05438859714928734 0.08900000000000002
0 0.5328207051762941 0.1985 0.06789197299324834 0.098
0 0.6183420855213804 0.225 0.06789197299324834 0.09900000000000003
0 0.5343210802700675 0.1005 0.06264066016504133 0.104
0 0.6475993998499625 0.16375 0.06714178544636162 0.09549999999999999
0 0.6862340585146287 0.2285 0.061140285071267786 0.10200000000000004
0 0.7569392348087022 0.2695 0.061515378844711144 0.095
0 0.8060765191297824 0.2625 0.059264816204050996 0.093
0 0.8287696924231058 0.3225 0.05738934733683421 0.08499999999999996
0 0.7297449362340584 0.34475 0.05813953488372092 0.08650000000000002
0 0.7766316579144786 0.38175 0.04988747186796694 0.07150000000000001
0 0.8480870217554388 0.39649999999999996 0.05626406601650413 0.07500000000000001
0 0.72768192048012 0.4225 0.057764441110277565 0.07900000000000001
0 0.7833833458364592 0.44 0.052138034508627196 0.07299999999999995
0 0.8328957239309828 0.46275 0.048387096774193505 0.07549999999999996
0 0.7331207801950488 0.48225 0.059639909977494354 0.0655
0 0.7695048762190548 0.507 0.05288822205551391 0.07800000000000001
0 0.713615903975994 0.5375 0.05738934733683421 0.06299999999999994
0 0.7049887471867966 0.6174999999999999 0.05288822205551391 0.06300000000000006
0 0.708927231807952 0.688 0.04801200300075015 0.06599999999999995
0 0.7074268567141786 0.7384999999999999 0.04276069017254314 0.06500000000000006
