0 0.5652663165791447 0.0445 0.030757689422355683 0.046000000000000006
0 0.6063390847711928 0.042749999999999996 0.030382595648912325 0.0345
0 0.6204051012753189 0.064 0.024756189047261734 0.04100000000000001
0 0.5345086271567892 0.06525 0.03300825206301583 0.042499999999999996
0 0.5215678919729932 0.07375 0.03338334583645919 0.0425
0 0.508252063015754 0.10875000000000001 0.029257314328582196 0.051500000000000004
0 0.5819579894973743 0.08299999999999999 0.028882220555138782 0.047
0 0.6031507876969242 0.0865 0.023255813953488413 0.047
0 0.6363465866466618 0.10425000000000001 0.028882220555138782 0.0455
0 0.6292198049512379 0.151 0.024381095273818487 0.045999999999999985
0 0.6037134283570893 0.1315 0.028132033008252066 0.049
0 0.5525131282820706 0.10350000000000001 0.030757689422355572 0.041999999999999996
0 0.5376969242310577 0.14 0.03263315828957247 0.046
0 0.5768942235558889 0.14200000000000002 0.02775693923480871 0.04400000000000001
0 0.6207801950487621 0.16899999999999998 0.032258064516129115 0.037000000000000005
0 0.48705926481620404 0.14325 0.035633908477119225 0.03950000000000001
0 0.505251312828207 0.191 0.0300075018754688 0.04099999999999998
0 0.5618904726181545 0.186 0.02400600150037513 0.046999999999999986
0 0.5868342085521381 0.18925 0.03113278319579893 0.044499999999999984
0 0.6084021005251312 0.22375 0.024756189047261734 0.04349999999999998
0 0.5812078019504876 0.22999999999999998 0.03338334583645908 0.04100000000000001
0 0.5433233308327081 0.21925 0.03413353338334579 0.05049999999999999
0 0.4872468117029257 0.23375 0.03600900225056258 0.046500000000000014
0 0.5206301575393848 0.2575 0.02775693923480871 0.04899999999999996
0 0.5605776444111028 0.25775000000000003 0.029632408102025498 0.03750000000000003
0 0.6020255063765941 0.264 0.02775693923480871 0.046999999999999986
0 0.622655663915979 0.27675 0.024006001500375018 0.03649999999999998
0 0.6269692423105777 0.318 0.03488372093023251 0.04400000000000004
0 0.6070892723180795 0.33025 0.02738184546136524 0.04949999999999999
0 0.5789572393098275 0.30525 0.024381095273818376 0.05249999999999999
0 0.5468867216804201 0.30025 0.030007501875468856 0.04949999999999999
0 0.5043135783945987 0.29475 0.031882970742685646 0.04849999999999999
0 0.48874718679669915 0.3325 0.0367591897974493 0.046999999999999986
0 0.5328207051762941 0.32999999999999996 0.03413353338334579 0.04799999999999999
0 0.5607651912978244 0.356 0.03450862715678915 0.046999999999999986
0 0.6222805701425356 0.367 0.026256564141035166 0.05399999999999999
0 0.59152288072018 0.38425 0.027006751687921993 0.04849999999999999
0 0.5725806451612903 0.40275 0.024381095273818487 0.05049999999999999
0 0.5429482370592649 0.382 0.035633908477119225 0.04800000000000004
0 0.5095648912228057 0.36775 0.028882220555138838 0.04750000000000004
0 0.47749437359339836 0.3815 0.030757689422355572 0.04400000000000004
0 0.5178169542385596 0.40249999999999997 0.031882970742685646 0.04999999999999999
0 0.4647411852963241 0.44075 0.037509377344336126 0.0595
0 0.5395723930982745 0.42925 0.026631657914478635 0.04949999999999999
0 0.5980870217554388 0.43674999999999997 0.028882220555138782 0.04450000000000004
0 0.6147786946736684 0.473 0.030007501875468856 0.03799999999999998
0 0.5731432858214554 0.46325 0.023255813953488413 0.04949999999999999
0 0.5485746436609151 0.48 0.028882220555138782 0.050999999999999934
0 0.5174418604651163 0.47724999999999995 0.029632408102025498 0.052499999999999936
0 0.4874343585896474 0.491 0.03338334583645908 0.052999999999999936
0 0.44992498124531133 0.50875 0.04013503375843963 0.060500000000000054
0 0.45067516879219804 0.5727500000000001 0.04088522130532635 0.05349999999999999
0 0.47449362340585144 0.5489999999999999 0.027006751687921937 0.05399999999999994
0 0.5007501875468867 0.53175 0.03450862715678915 0.04250000000000009
0 0.5476369092273068 0.5235000000000001 0.03525881470367598 0.04500000000000004
0 0.582145536384096 0.538 0.03300825206301572 0.049000000000000044
0 0.604463615903976 0.52 0.03113278319579893 0.050000000000000044
0 0.6324081020255063 0.5705 0.03150787696924229 0.04899999999999993
0 0.5791447861965491 0.5780000000000001 0.0315078769692424 0.051000000000000045
0 0.5373218304576144 0.575 0.028882220555138782 0.05500000000000005
0 0.47749437359339836 0.6052500000000001 0.030757689422355572 0.0635
0 0.4472993248312078 0.64075 0.03413353338334585 0.0625
0 0.4788072018004501 0.6719999999999999 0.04013503375843963 0.051000000000000045
0 0.5208177044261065 0.62625 0.0386346586646662 0.05049999999999999
0 0.5521380345086272 0.6365000000000001 0.02925731432858214 0.04799999999999993
0 0.5772693173293324 0.63175 0.03300825206301583 0.04949999999999999
0 0.609714928732183 0.61125 0.03113278319579893 0.044499999999999984
0 0.631470367591898 0.6555 0.03338334583645908 0.051000000000000045
0 0.6074643660915229 0.687 0.03713428357089277 0.04999999999999993
0 0.5695798949737434 0.6839999999999999 0.03788447111777937 0.04599999999999993
0 0.5324456114028506 0.6825 0.03338334583645908 0.05600000000000005
0 0.49774943735933985 0.71425 0.03375843960990249 0.058499999999999996
0 0.47655663915978996 0.7255 0.038634658664666144 0.05999999999999994
0 0.5442610652663166 0.726 0.03825956489122273 0.052999999999999936
0 0.5875843960990248 0.733 0.029632408102025498 0.05699999999999994
0 0.6382220555138785 0.7170000000000001 0.03338334583645908 0.051000000000000045
0 0.4311702925731433 0.75 0.03938484621155286 0.07000000000000006
0 0.4634283570892723 0.7927500000000001 0.039384846211552915 0.057499999999999996
0 0.4960615153788447 0.7795 0.03413353338334585 0.05800000000000005
0 0.5315078769692423 0.77525 0.03150787696924229 0.0605
0 0.5716429107276819 0.7785 0.02925731432858214 0.05400000000000005
0 0.599212303075769 0.79375 0.026631657914478635 0.056499999999999995
0 0.5211927981995499 0.8367500000000001 0.039384846211552915 0.0615
0 0.5684546136534134 0.83775 0.03488372093023251 0.055499999999999994
0 0.6057764441110278 0.87025 0.03525881470367598 0.05049999999999999
0 0.47580645161290325 0.8614999999999999 0.034883720930232565 0.05999999999999994
0 0.5069392348087022 0.91025 0.039384846211552915 0.0615
0 0.5446361590397599 0.8694999999999999 0.03600900225056258 0.04300000000000004
0 0.5699549887471868 0.8925000000000001 0.04013503375843963 0.051000000000000045
0 0.5468867216804201 0.9272499999999999 0.03975993998499627 0.057499999999999996
0 0.5967741935483871 0.9385 0.03150787696924229 0.05699999999999994
0 0.6309077269317329 0.92175 0.033758439609902435 0.04849999999999999
0 0.6562265566391599 0.92925 0.026631657914478635 0.04849999999999999
0 0.6607276819204801 0.87775 0.03113278319579893 0.056499999999999995
0 0.6834208552138035 0.8995 0.02925731432858214 0.05500000000000005
0 0.6243435858964741 0.8355 0.03638409602400605 0.04200000000000004
0 0.6611027756939234 0.8140000000000001 0.03413353338334579 0.05700000000000005
0 0.6875468867216804 0.8465 0.030757689422355572 0.05700000000000005
0 0.7040510127531883 0.87525 0.026256564141035277 0.04249999999999998
0 0.7288072018004501 0.854 0.032258064516129004 0.04499999999999993
0 0.7029257314328582 0.8140000000000001 0.02925731432858214 0.04999999999999993
0 0.685483870967742 0.7869999999999999 0.028882220555138782 0.051000000000000045
0 0.6342835708927232 0.7835000000000001 0.032258064516129115 0.05700000000000005
0 0.6509752438109528 0.75325 0.029632408102025498 0.04049999999999998
0 0.6879219804951238 0.73325 0.030757689422355572 0.04949999999999999
0 0.7181170292573144 0.771 0.020630157539384797 0.04699999999999993
0 0.737059264816204 0.79925 0.021005251312828155 0.05049999999999999
0 0.739497374343586 0.74625 0.030382595648912214 0.05049999999999999
0 0.7404351087771943 0.6965 0.02925731432858214 0.04299999999999993
0 0.719429857464366 0.71375 0.024756189047261845 0.04849999999999999
0 0.6635408852213053 0.71075 0.02775693923480871 0.046499999999999986
0 0.6654163540885222 0.6597500000000001 0.028507126781695424 0.05149999999999999
0 0.691297824456114 0.6845 0.027006751687921993 0.04699999999999993
0 0.7128657164291072 0.6575 0.02738184546136535 0.040000000000000036
0 0.6875468867216804 0.64175 0.02550637659414856 0.04349999999999998
0 0.641410352588147 0.61225 0.02400600150037513 0.04949999999999999
0 0.6599774943735934 0.5905 0.031882970742685646 0.038000000000000034
0 0.6839834958739686 0.59325 0.02738184546136535 0.04149999999999998
0 0.7151162790697674 0.60425 0.022880720180045055 0.04149999999999998
0 0.7471867966991748 0.63175 0.03150787696924229 0.04949999999999999
0 0.7428732183045761 0.5760000000000001 0.02738184546136535 0.041999999999999926
0 0.7049887471867966 0.56525 0.02738184546136535 0.045499999999999985
0 0.6787321830457614 0.5482499999999999 0.024381095273818376 0.04149999999999998
0 0.645536384096024 0.54925 0.027006751687921993 0.05149999999999999
0 0.6429107276819205 0.50925 0.028507126781695424 0.039500000000000035
0 0.7042385596399099 0.5105 0.02363090772693177 0.04700000000000004
0 0.7304951237809452 0.53 0.028882220555138782 0.04600000000000004
0 0.7211177794448612 0.487 0.02738184546136524 0.03699999999999992
0 0.6747936984246061 0.4805 0.030007501875468856 0.04799999999999993
0 0.6376594148537135 0.46075 0.032258064516129004 0.046499999999999986
0 0.6931732933233308 0.4635 0.02925731432858225 0.04999999999999999
0 0.7199924981245311 0.4405 0.026631657914478635 0.041000000000000036
0 0.6676669167291823 0.43825000000000003 0.030007501875468856 0.04250000000000004
0 0.6479744936234058 0.398 0.02738184546136535 0.05199999999999999
0 0.6749812453113277 0.38725 0.030382595648912214 0.04049999999999998
0 0.7023630907726932 0.40775 0.02738184546136535 0.046499999999999986
0 0.7203675918979745 0.398 0.02363090772693166 0.04099999999999998
0 0.7134283570892723 0.35350000000000004 0.02550637659414856 0.04799999999999999
0 0.6967366841710427 0.36824999999999997 0.026631657914478635 0.04450000000000004
0 0.6749812453113277 0.33725 0.028132033008252066 0.04949999999999999
0 0.691297824456114 0.32175 0.027006751687921993 0.04150000000000004
0 0.7078019504876218 0.3085 0.021005251312828155 0.04500000000000004
0 0.6509752438109528 0.2875 0.029632408102025498 0.04899999999999999
0 0.6798574643660915 0.28225 0.025881470367591808 0.04049999999999998
0 0.7108027006751688 0.278 0.024756189047261845 0.03199999999999997
0 0.6920480120030008 0.24875000000000003 0.02550637659414845 0.04150000000000001
0 0.7094898724681171 0.23125 0.028132033008252066 0.04450000000000001
0 0.6680420105026257 0.22725 0.024756189047261845 0.03950000000000001
0 0.6397224306076519 0.242 0.02738184546136535 0.035
0 0.6400975243810954 0.20074999999999998 0.02363090772693177 0.04050000000000001
0 0.6877344336084021 0.20274999999999999 0.025131282820705203 0.047500000000000014
0 0.7149287321830458 0.18675 0.02175543885971498 0.04349999999999998
0 0.6729182295573893 0.17149999999999999 0.027006751687921993 0.034
0 0.6867966991747937 0.16249999999999998 0.02400600150037513 0.04100000000000001
0 0.7042385596399099 0.13625 0.025131282820705203 0.0435
0 0.6776069017254314 0.10975 0.025131282820705092 0.036500000000000005
0 0.6599774943735934 0.1335 0.026631657914478635 0.03499999999999999
