0 0.26312828207051764 0.34675 0.03413353338334582 0.04849999999999999
0 0.2507501875468867 0.40525 0.029632408102025498 0.04849999999999999
0 0.26219054763690924 0.4495 0.026256564141035277 0.04199999999999998
0 0.2668792198049512 0.49124999999999996 0.030382595648912214 0.04249999999999998
0 0.25150037509377343 0.50425 0.021380345086271596 0.03750000000000003
0 0.2451237809452363 0.53825 0.02588147036759189 0.03950000000000009
0 0.268754688672168 0.558 0.03263315828957242 0.03300000000000003
0 0.277006751687922 0.5740000000000001 0.034883720930232565 0.03399999999999992
0 0.2886346586646662 0.53125 0.031132783195798985 0.034499999999999975
0 0.3081395348837209 0.55375 0.03563390847711928 0.04149999999999998
0 0.23912228057014256 0.6005 0.030382595648912242 0.04600000000000004
0 0.2096774193548387 0.6605000000000001 0.0307576894223556 0.04500000000000004
0 0.23330832708177046 0.6950000000000001 0.03225806451612903 0.04300000000000004
0 0.25300075018754686 0.723 0.03263315828957242 0.04400000000000004
0 0.2861965491372843 0.7324999999999999 0.030757689422355572 0.039999999999999925
0 0.2693173293323331 0.67025 0.033008252063015775 0.045499999999999985
0 0.26106526631657917 0.6352500000000001 0.0307576894223556 0.04149999999999998
0 0.2923855963990998 0.6127499999999999 0.031882970742685646 0.03949999999999998
0 0.2976369092273068 0.652 0.025881470367591863 0.04200000000000004
0 0.3210802700675169 0.6695 0.03150787696924229 0.04600000000000004
0 0.3452738184546137 0.65725 0.03413353338334585 0.03950000000000009
0 0.3325206301575394 0.6285000000000001 0.028882220555138782 0.039000000000000035
0 0.35015003750937734 0.6072500000000001 0.03413353338334579 0.045499999999999985
0 0.3765941485371343 0.62625 0.03150787696924229 0.04349999999999998
0 0.382033008252063 0.6635 0.02813203300825201 0.04200000000000004
0 0.3522130532633158 0.70175 0.030757689422355572 0.05049999999999999
0 0.3036384096024006 0.6917500000000001 0.025131282820705148 0.03749999999999998
0 0.3235183795948987 0.7152499999999999 0.028882220555138782 0.04050000000000009
0 0.3085146286571643 0.758 0.034883720930232565 0.04800000000000004
0 0.3396474118529632 0.7737499999999999 0.031132783195798985 0.04250000000000009
0 0.35877719429857463 0.796 0.031882970742685646 0.04599999999999993
0 0.39066016504126033 0.8205 0.03338334583645913 0.04600000000000004
0 0.4199174793698425 0.8380000000000001 0.03263315828957236 0.041000000000000036
0 0.4433608402100525 0.8067500000000001 0.032258064516129004 0.04349999999999998
0 0.42291822955738934 0.7749999999999999 0.02738184546136535 0.039000000000000035
0 0.39234808702175544 0.763 0.032258064516129004 0.04299999999999993
0 0.36102775693923483 0.74775 0.03038259564891227 0.046499999999999986
0 0.3970367591897974 0.7105 0.03413353338334585 0.04400000000000004
0 0.42048012003000745 0.7375 0.03450862715678921 0.04799999999999993
0 0.445986496624156 0.763 0.03375843960990249 0.038999999999999924
0 0.454801200300075 0.722 0.0318829707426857 0.051000000000000045
0 0.4780570142535634 0.7577499999999999 0.034883720930232565 0.04749999999999999
0 0.4774943735933983 0.79025 0.03375843960990249 0.03950000000000009
0 0.4602400600150037 0.84325 0.03150787696924234 0.04149999999999998
0 0.42291822955738934 0.6839999999999999 0.03413353338334585 0.041999999999999926
0 0.45892723180795203 0.67525 0.03788447111777943 0.046499999999999986
0 0.40678919729932483 0.651 0.03488372093023251 0.04200000000000004
0 0.43792198049512376 0.6435 0.029632408102025498 0.04399999999999993
0 0.4703675918979745 0.6375 0.027006751687921993 0.04500000000000004
0 0.42291822955738934 0.59975 0.036384096024005996 0.043500000000000094
0 0.45911477869467365 0.58975 0.030757689422355572 0.044499999999999984
0 0.48949737434358587 0.5992500000000001 0.032258064516129004 0.045499999999999985
0 0.3756564141035259 0.579 0.03038259564891227 0.039999999999999925
0 0.34564891222805705 0.56275 0.0318829707426857 0.044499999999999984
0 0.35933983495873967 0.52475 0.03450862715678921 0.04250000000000009
0 0.3945986496624156 0.52725 0.028507126781695424 0.04150000000000009
0 0.4045386346586647 0.56975 0.029632408102025498 0.046499999999999986
0 0.4373593398349587 0.5595 0.02925731432858214 0.04499999999999993
0 0.4673668417104276 0.5505 0.028507126781695424 0.04400000000000004
0 0.42366841710427605 0.52825 0.03263315828957242 0.043500000000000094
0 0.30120030007501875 0.49749999999999994 0.03300825206301572 0.04199999999999998
0 0.3325206301575394 0.49124999999999996 0.03338334583645913 0.03350000000000003
0 0.31789197299324834 0.45925 0.029632408102025554 0.04349999999999998
0 0.29013503375843963 0.46175 0.029632408102025498 0.04349999999999998
0 0.30026256564141035 0.41875 0.03488372093023251 0.04249999999999998
0 0.30682670667666917 0.37424999999999997 0.02775693923480871 0.040500000000000036
0 0.3248312078019505 0.39575 0.03150787696924234 0.03949999999999998
0 0.33927231807951985 0.42774999999999996 0.034883720930232565 0.04150000000000004
0 0.3614028507126782 0.4665 0.03038259564891227 0.04299999999999998
0 0.38728432108027006 0.49524999999999997 0.03113278319579893 0.039500000000000035
0 0.43529632408102026 0.492 0.031882970742685646 0.03899999999999998
0 0.4653038259564891 0.49175 0.03113278319579893 0.03650000000000003
0 0.42010502625656415 0.45275 0.03150787696924229 0.04149999999999998
0 0.45142535633908476 0.45725 0.03113278319579893 0.044499999999999984
0 0.48162040510127535 0.4595 0.03000750187546891 0.03899999999999998
0 0.44467366841710426 0.43425 0.02738184546136535 0.025500000000000023
0 0.46511627906976744 0.42100000000000004 0.03300825206301572 0.045999999999999985
0 0.3790322580645161 0.4395 0.034883720930232565 0.04600000000000004
0 0.3696549137284321 0.40875 0.030382595648912214 0.04149999999999998
0 0.4045386346586647 0.4115 0.03263315828957242 0.043999999999999984
0 0.37134283570892723 0.37925 0.03150787696924229 0.03150000000000003
0 0.3428357089272318 0.35575 0.02550637659414856 0.04049999999999998
0 0.3115153788447112 0.33075 0.028882220555138782 0.04749999999999999
0 0.3428357089272318 0.32475 0.030007501875468856 0.03849999999999998
0 0.37134283570892723 0.33975 0.03150787696924229 0.04249999999999998
0 0.3942235558889723 0.3725 0.03375843960990249 0.04200000000000004
0 0.422543135783946 0.34925 0.02738184546136535 0.04149999999999998
0 0.4032258064516129 0.33175 0.027756939234808653 0.04049999999999998
0 0.3717179294823706 0.30175 0.03450862715678915 0.04249999999999998
0 0.3677794448612153 0.26525 0.0318829707426857 0.04049999999999998
0 0.4004126031507877 0.27875 0.029632408102025498 0.03249999999999997
0 0.409039759939985 0.30100000000000005 0.028132033008252066 0.04099999999999998
0 0.4336084021005251 0.31925000000000003 0.025506376594148505 0.04250000000000004
0 0.4388597149287322 0.28500000000000003 0.03375843960990249 0.034999999999999976
0 0.45986496624156037 0.2975 0.030007501875468856 0.03899999999999998
0 0.45648912228057015 0.32899999999999996 0.03300825206301572 0.04199999999999998
0 0.4900600150037509 0.31125 0.030382595648912214 0.040500000000000036
0 0.4534883720930233 0.3805 0.030757689422355627 0.04400000000000004
0 0.47936984246061515 0.37124999999999997 0.027006751687921993 0.04450000000000004
0 0.5054388597149287 0.2835 0.027381845461365295 0.03799999999999998
0 0.5316954238559639 0.28600000000000003 0.028882220555138782 0.03799999999999998
0 0.5498874718679669 0.26725 0.02700675168792188 0.035499999999999976
0 0.5617029257314328 0.30474999999999997 0.030382595648912214 0.030500000000000027
0 0.5693923480870218 0.33799999999999997 0.026256564141035277 0.04099999999999998
0 0.5935858964741185 0.3 0.03263315828957247 0.029000000000000026
0 0.609152288072018 0.27449999999999997 0.028507126781695424 0.033999999999999975
0 0.6391597899474869 0.266 0.030757689422355572 0.028000000000000025
0 0.6504126031507877 0.29675 0.02925731432858214 0.044499999999999984
0 0.6717929482370593 0.33125 0.022505626406601698 0.02949999999999997
0 0.6796699174793699 0.35725 0.028507126781695424 0.03749999999999998
0 0.6016504126031508 0.3375 0.030757689422355572 0.03699999999999998
0 0.6194673668417103 0.33025 0.02588147036759192 0.03949999999999998
0 0.626781695423856 0.369 0.030757689422355572 0.04200000000000004
0 0.6310952738184545 0.40425 0.026631657914478635 0.04249999999999998
0 0.5941485371342836 0.371 0.0315078769692424 0.04600000000000004
0 0.5146286571642911 0.3365 0.02775693923480871 0.03899999999999998
0 0.5380720180045011 0.3395 0.029632408102025498 0.03699999999999998
0 0.5495123780945237 0.3745 0.030007501875468967 0.040000000000000036
0 0.5671417854463616 0.397 0.028507126781695424 0.04299999999999998
0 0.5178169542385596 0.38849999999999996 0.026631657914478635 0.04299999999999998
0 0.49606151537884474 0.39675 0.02738184546136535 0.04249999999999998
0 0.5073143285821455 0.4265 0.02813203300825201 0.04199999999999998
0 0.5339459864966241 0.431 0.030382595648912214 0.04200000000000004
0 0.5641410352588148 0.437 0.030007501875468967 0.041000000000000036
0 0.5971492873218305 0.42874999999999996 0.026256564141035277 0.03350000000000003
0 0.5855213803450863 0.4615 0.03300825206301572 0.043999999999999984
0 0.5245686421605402 0.46575 0.03113278319579893 0.04149999999999998
0 0.5003750937734434 0.48275 0.03150787696924229 0.046499999999999986
0 0.5288822205551388 0.5045 0.026256564141035277 0.041000000000000036
0 0.5570142535633908 0.479 0.03525881470367587 0.043999999999999984
0 0.582708177044261 0.49949999999999994 0.030382595648912214 0.03799999999999998
0 0.5555138784696174 0.51875 0.03300825206301572 0.04749999999999999
0 0.5320705176294074 0.5467500000000001 0.03413353338334579 0.04349999999999998
0 0.48499624906226557 0.5225 0.033758439609902435 0.041000000000000036
0 0.5005626406601651 0.55425 0.03338334583645908 0.044499999999999984
0 0.5258814703675919 0.5965 0.03600900225056258 0.052000000000000046
0 0.5585146286571643 0.563 0.02925731432858214 0.039999999999999925
0 0.5855213803450863 0.5442499999999999 0.02775693923480871 0.04149999999999998
0 0.6095273818454614 0.5209999999999999 0.032258064516129004 0.039000000000000035
0 0.618529632408102 0.487 0.030757689422355572 0.034999999999999976
0 0.5106901725431358 0.63425 0.03938484621155286 0.05049999999999999
0 0.5418229557389347 0.6347499999999999 0.028882220555138782 0.04749999999999999
0 0.5701425356339085 0.60925 0.037509377344336015 0.044499999999999984
0 0.5930232558139534 0.5845 0.03675918979744941 0.040000000000000036
0 0.5947111777944486 0.6265000000000001 0.03263315828957247 0.041000000000000036
0 0.568642160540135 0.6515 0.0367591897974493 0.04500000000000004
0 0.5513878469617404 0.69 0.037509377344336126 0.049000000000000044
0 0.49962490622655664 0.67225 0.03525881470367592 0.04349999999999998
0 0.49287321830457614 0.7065 0.03825956489122284 0.050999999999999934
0 0.5266316579144786 0.71425 0.03150787696924229 0.04149999999999998
0 0.5581395348837209 0.73125 0.033758439609902435 0.035499999999999976
0 0.5365716429107277 0.75975 0.03263315828957247 0.04049999999999998
0 0.5647036759189797 0.771 0.034133533383345904 0.04699999999999993
0 0.513503375843961 0.8045 0.03525881470367592 0.050999999999999934
0 0.5285071267816954 0.82525 0.030757689422355572 0.04049999999999998
0 0.5519504876219055 0.8125 0.030382595648912214 0.04600000000000004
0 0.4930607651912978 0.8340000000000001 0.03638409602400605 0.04799999999999993
0 0.508814703675919 0.87 0.031132783195798985 0.04899999999999993
0 0.4656789197299325 0.89775 0.031882970742685646 0.05049999999999999
0 0.5030007501875469 0.9155 0.03150787696924229 0.04400000000000004
0 0.4893098274568642 0.942 0.028882220555138782 0.049000000000000044
0 0.6207801950487621 0.79175 0.030757689422355683 0.04249999999999998
0 0.6280945236309077 0.7615000000000001 0.03263315828957236 0.04799999999999993
0 0.65847711927982 0.75925 0.029632408102025498 0.04349999999999998
0 0.5977119279819956 0.7304999999999999 0.029632408102025498 0.041000000000000036
0 0.5813953488372093 0.6935 0.030007501875468856 0.04299999999999993
0 0.600337584396099 0.6637500000000001 0.03263315828957236 0.04250000000000009
0 0.6209677419354839 0.70125 0.03488372093023262 0.04049999999999998
0 0.6624156039009752 0.7185 0.032258064516129004 0.04200000000000004
0 0.6969242310577645 0.73975 0.030007501875468856 0.04049999999999998
0 0.6937359339834959 0.70275 0.034133533383345904 0.04349999999999998
0 0.722993248312078 0.7030000000000001 0.03338334583645919 0.03599999999999992
0 0.6498499624906227 0.6819999999999999 0.03638409602400605 0.03700000000000003
0 0.6779819954988747 0.66825 0.03638409602400605 0.044499999999999984
0 0.6344711177794449 0.644 0.03113278319579904 0.04499999999999993
0 0.6219054763690923 0.6025 0.036009002250562694 0.04599999999999993
0 0.6190922730682671 0.56125 0.029632408102025498 0.04149999999999998
0 0.6513503375843961 0.58475 0.03113278319579893 0.04249999999999998
0 0.6678544636159041 0.623 0.03113278319579893 0.04499999999999993
0 0.7003000750187547 0.6365000000000001 0.030757689422355572 0.051000000000000045
0 0.7244936234058514 0.66075 0.030382595648912214 0.03749999999999998
0 0.687171792948237 0.59075 0.033758439609902435 0.03550000000000009
0 0.6522880720180045 0.54275 0.03150787696924229 0.04049999999999998
0 0.6875468867216804 0.55325 0.027006751687921993 0.046499999999999986
0 0.6641035258814704 0.502 0.03188297074268576 0.04299999999999998
0 0.6978619654913729 0.5097499999999999 0.03413353338334579 0.04149999999999998
0 0.7214928732183046 0.51925 0.030382595648912325 0.039500000000000035
0 0.7235558889722431 0.55725 0.030757689422355572 0.046499999999999986
0 0.7143660915228807 0.6087499999999999 0.03413353338334579 0.04349999999999998
0 0.741185296324081 0.62775 0.032258064516129004 0.045499999999999985
0 0.7479369842460615 0.5900000000000001 0.03300825206301583 0.039000000000000035
0 0.6479744936234059 0.46725 0.03488372093023262 0.04349999999999998
0 0.6873593398349587 0.47850000000000004 0.030382595648912214 0.02899999999999997
0 0.6667291822955739 0.4285 0.03338334583645908 0.04400000000000004
0 0.6931732933233308 0.43775 0.033758439609902546 0.039500000000000035
0 0.7199924981245311 0.44225000000000003 0.03188297074268576 0.04350000000000004
0 0.7342460615153789 0.48 0.037884471117779484 0.04199999999999998
0 0.7501875468867216 0.5095000000000001 0.0315078769692424 0.041000000000000036
0 0.755251312828207 0.5505 0.03263315828957236 0.040999999999999925
0 0.6836084021005251 0.39375 0.026631657914478635 0.04849999999999999
0 0.7102400600150038 0.40825 0.030382595648912214 0.03849999999999998
0 0.7456864216054013 0.41900000000000004 0.022505626406601698 0.04299999999999998
0 0.7158664666166541 0.356 0.031882970742685646 0.03999999999999998
0 0.7019879969992497 0.31775 0.03413353338334579 0.03750000000000003
0 0.7254313578394599 0.308 0.03150787696924229 0.040000000000000036
0 0.755251312828207 0.32525 0.03113278319579893 0.03749999999999998
0 0.751687921980495 0.36775 0.03300825206301583 0.04550000000000004
0 0.7773818454613652 0.353 0.030382595648912214 0.04199999999999998
0 0.8062640660165041 0.33399999999999996 0.03188297074268576 0.035999999999999976
0 0.8313953488372092 0.35725 0.03113278319579893 0.04149999999999998
0 0.8165791447861965 0.39675 0.030757689422355572 0.03949999999999998
0 0.8358964741185296 0.41000000000000003 0.03113278319579904 0.04199999999999998
0 0.8765941485371342 0.39125 0.03150787696924229 0.044499999999999984
0 0.8754688672168042 0.43274999999999997 0.02925731432858214 0.04150000000000004
0 0.8574643660915229 0.45199999999999996 0.032258064516129004 0.04199999999999998
0 0.8231432858214554 0.4425 0.026631657914478635 0.04200000000000004
0 0.7944486121530383 0.41725 0.02550637659414856 0.03849999999999998
0 0.7758814703675918 0.43174999999999997 0.028882220555138782 0.04650000000000004
0 0.798762190547637 0.45399999999999996 0.03113278319579893 0.04199999999999998
0 0.7715678919729932 0.47675 0.03150787696924229 0.04149999999999998
0 0.7965116279069768 0.49274999999999997 0.029632408102025498 0.04349999999999998
0 0.8233308327081771 0.48525 0.02550637659414856 0.04149999999999998
0 0.7762565641410353 0.5197499999999999 0.026631657914478635 0.04149999999999998
0 0.8957239309827457 0.48350000000000004 0.030007501875468856 0.044999999999999984
0 0.9257314328582146 0.47325 0.024756189047261845 0.03949999999999998
0 0.9352963240810203 0.51075 0.0386346586646662 0.04149999999999998
0 0.8854088522130532 0.51725 0.029632408102025498 0.039500000000000035
0 0.9105401350337585 0.5435 0.03413353338334579 0.04600000000000004
0 0.9300450112528131 0.55175 0.029632408102025498 0.04149999999999998
0 0.9264816204051013 0.59125 0.026256564141035277 0.04749999999999999
0 0.9427981995498875 0.62675 0.028882220555138782 0.04249999999999998
0 0.8972243060765192 0.58025 0.030757689422355572 0.04249999999999998
0 0.8687171792948237 0.55725 0.03150787696924229 0.03749999999999998
0 0.8559639909977494 0.52025 0.030007501875468856 0.04049999999999998
0 0.8570892723180795 0.48924999999999996 0.033758439609902435 0.03150000000000003
0 0.8289572393098275 0.53425 0.03150787696924229 0.043500000000000094
0 0.8473368342085521 0.56925 0.030007501875468856 0.04149999999999998
0 0.808702175543886 0.56375 0.030007501875468856 0.03849999999999998
0 0.7865716429107277 0.56875 0.032258064516129004 0.044499999999999984
0 0.7970742685671418 0.59975 0.02925731432858214 0.04150000000000009
0 0.7685671417854464 0.60925 0.02775693923480871 0.04049999999999998
0 0.8259564891222806 0.60325 0.026256564141035277 0.044499999999999984
0 0.8514628657164292 0.61475 0.02925731432858214 0.04049999999999998
0 0.8889722430607652 0.6174999999999999 0.03450862715678915 0.04500000000000004
0 0.9103525881470368 0.62825 0.02775693923480871 0.03749999999999998
0 0.9231057764441111 0.67675 0.030757689422355572 0.04349999999999998
0 0.8899099774943735 0.656 0.024381095273818487 0.040000000000000036
0 0.8647786946736684 0.6705 0.030382595648912325 0.038000000000000034
0 0.8379594898724682 0.64725 0.028507126781695424 0.04249999999999998
0 0.8043885971492873 0.64375 0.03638409602400605 0.03949999999999998
0 0.8208927231807952 0.67225 0.02738184546136524 0.044499999999999984
0 0.84152288072018 0.69225 0.03263315828957236 0.04149999999999998
0 0.8672168042010503 0.717 0.030757689422355572 0.04200000000000004
0 0.9017254313578394 0.73175 0.032258064516129004 0.03550000000000009
0 0.9336084021005251 0.7404999999999999 0.030757689422355572 0.04300000000000004
0 0.7603150787696924 0.651 0.027006751687921993 0.04200000000000004
0 0.7890097524381094 0.68825 0.028882220555138782 0.04349999999999998
0 0.7648162040510127 0.694 0.030007501875468967 0.041000000000000036
0 0.7708177044261065 0.73075 0.03450862715678915 0.04049999999999998
0 0.8081395348837209 0.751 0.03488372093023262 0.04499999999999993
0 0.8162040510127532 0.71225 0.02775693923480871 0.04050000000000009
0 0.839834958739685 0.7315 0.03150787696924229 0.04300000000000004
0 0.7901350337584396 0.7867500000000001 0.035633908477119336 0.04250000000000009
0 0.7507501875468867 0.8105 0.03263315828957247 0.04499999999999993
0 0.7676294073518379 0.84875 0.03338334583645908 0.03849999999999998
