0 0.05701425356339085 0.26525 0.05176294073518379 0.06249999999999997
0 0.10783945986496624 0.27049999999999996 0.055138784696174045 0.07
0 0.13559639909977494 0.1945 0.05513878469617406 0.064
0 0.1656039009752438 0.252 0.0536384096024006 0.07699999999999999
0 0.2261815453863466 0.1785 0.04576144036009003 0.07699999999999999
0 0.24568642160540133 0.25675 0.052513128282070526 0.06749999999999998
0 0.268754688672168 0.31125 0.05363840960240057 0.08449999999999996
0 0.30626406601650413 0.24025000000000002 0.059639909977494354 0.07950000000000002
0 0.34639909977494376 0.26475 0.04238559639909972 0.08049999999999999
0 0.3960990247561891 0.2815 0.0660165041260315 0.069
0 0.28319579894973745 0.11825 0.05176294073518378 0.0845
0 0.3433983495873969 0.1625 0.05063765941485371 0.07800000000000001
0 0.37978244561140284 0.20174999999999998 0.05888972243060764 0.07349999999999998
0 0.4146661665416354 0.13674999999999998 0.05813953488372092 0.07849999999999999
0 0.44054763690922727 0.19275 0.060390097524381126 0.07950000000000002
0 0.46492873218304576 0.2645 0.06264066016504122 0.08099999999999999
0 0.5241935483870968 0.245 0.05963990997749441 0.07000000000000003
0 0.536946736684171 0.134 0.04913728432108022 0.087
0 0.589834958739685 0.158 0.05663915978994749 0.08900000000000001
0 0.6376594148537135 0.16075 0.05326331582895727 0.07350000000000001
0 0.7093023255813953 0.16399999999999998 0.06601650412603155 0.08399999999999999
0 0.7501875468867216 0.20124999999999998 0.061515378844711255 0.07949999999999999
0 0.6522880720180044 0.22975 0.06601650412603155 0.0665
0 0.6530382595648913 0.29175 0.06226556639159786 0.08650000000000002
0 0.5802700675168793 0.2685 0.04351087771942985 0.08099999999999999
0 0.600337584396099 0.33525 0.055888972243060775 0.07750000000000001
0 0.541072768192048 0.33925 0.05513878469617406 0.07850000000000001
0 0.4741185296324081 0.352 0.06451612903225801 0.08200000000000002
0 0.41429107276819205 0.38325 0.05138784696174048 0.08449999999999996
0 0.35915228807201804 0.35625 0.060390097524381126 0.07150000000000001
0 0.3008252063015754 0.396 0.057764441110277565 0.064
0 0.36159039759939987 0.41975 0.057764441110277565 0.07250000000000001
0 0.2528132033008252 0.37075 0.05776444111027754 0.07849999999999996
0 0.2003000750187547 0.31275 0.057764441110277565 0.07549999999999996
0 0.15153788447111777 0.3225 0.05401350337584396 0.07800000000000001
0 0.09696174043510877 0.35350000000000004 0.06039009752438111 0.07
0 0.11946736684171042 0.39725 0.06414103525881469 0.07350000000000001
0 0.17554388597149287 0.39175 0.0480120030007502 0.08650000000000002
0 0.037134283570892726 0.33225 0.05701425356339085 0.0685
0 0.0354463615903976 0.39775 0.05138784696174043 0.07250000000000001
0 0.06245311327831958 0.442 0.0603900975243811 0.07799999999999996
0 0.04088522130532633 0.47175 0.05326331582895724 0.07349999999999995
0 0.044448612153038254 0.548 0.058889722430607645 0.08799999999999997
0 0.10127531882970743 0.519 0.05176294073518381 0.08100000000000002
0 0.10952738184546137 0.583 0.06376594148537136 0.07100000000000006
0 0.14253563390847712 0.64325 0.05026256564141035 0.07850000000000001
0 0.1511627906976744 0.5535 0.05176294073518381 0.07699999999999996
0 0.1521005251312828 0.4755 0.05138784696174045 0.07599999999999996
0 0.2126781695423856 0.45875 0.048012003000750175 0.07150000000000001
0 0.22580645161290322 0.5249999999999999 0.05401350337584393 0.07599999999999996
0 0.23030757689422354 0.60825 0.056264066016504105 0.08750000000000002
0 0.2059264816204051 0.67075 0.057764441110277565 0.0615
0 0.255251312828207 0.6985 0.04988747186796699 0.07600000000000007
0 0.3141410352588147 0.6797500000000001 0.05888972243060764 0.07950000000000002
0 0.3360840210052513 0.7602500000000001 0.057764441110277565 0.07350000000000001
0 0.39309827456864216 0.80125 0.06901725431357841 0.07850000000000001
0 0.386721680420105 0.71875 0.052513128282070554 0.0794999999999999
0 0.34752438109527384 0.64575 0.05888972243060764 0.08050000000000002
0 0.313953488372093 0.5925 0.06226556639159786 0.07599999999999996
0 0.27813203300825207 0.5245 0.06339084771192796 0.07
0 0.28582145536384096 0.4635 0.05701425356339085 0.07100000000000001
0 0.3323330832708177 0.51475 0.05626406601650408 0.0675
0 0.3790322580645161 0.50475 0.05363840960240063 0.08549999999999996
0 0.40116279069767447 0.5735 0.05063765941485371 0.08099999999999996
0 0.43435858964741186 0.6307499999999999 0.06076519129782443 0.07950000000000002
0 0.4409227306826707 0.5327500000000001 0.05813953488372092 0.07950000000000002
0 0.46230307576894225 0.4605 0.0641410352588147 0.08900000000000002
0 0.5215678919729932 0.4505 0.05963990997749441 0.08800000000000002
0 0.5789572393098275 0.48475 0.05888972243060775 0.08450000000000002
0 0.5740810202550637 0.40125 0.055888972243060775 0.07250000000000001
0 0.6382220555138785 0.42875 0.0618904726181545 0.07850000000000001
0 0.6890472618154538 0.48 0.06076519129782443 0.07699999999999996
0 0.7246811702925732 0.28575 0.05701425356339085 0.07750000000000001
0 0.7235558889722431 0.36524999999999996 0.06076519129782443 0.08649999999999997
0 0.7788822205551388 0.37975000000000003 0.05888972243060775 0.08649999999999997
0 0.8208927231807952 0.39725 0.05438859714928723 0.07850000000000001
0 0.8049512378094523 0.3205 0.05701425356339085 0.08699999999999997
0 0.8512753188297074 0.3375 0.04988747186796694 0.07700000000000001
0 0.8882220555138785 0.41825 0.06226556639159786 0.09150000000000003
0 0.9127906976744187 0.49725 0.06789197299324823 0.07350000000000001
0 0.8452738184546136 0.475 0.055888972243060775 0.08000000000000002
0 0.7950112528132034 0.47875 0.05888972243060764 0.07949999999999996
0 0.7494373593398349 0.4535 0.06001500375093782 0.08700000000000002
0 0.7308702175543886 0.5385 0.06789197299324834 0.07600000000000007
0 0.7933233308327081 0.548 0.05851462865716439 0.08300000000000007
0 0.8418979744936235 0.58175 0.06789197299324823 0.08050000000000002
0 0.9231057764441111 0.6467499999999999 0.06676669167291827 0.09049999999999991
0 0.8375843960990248 0.654 0.06076519129782443 0.08299999999999996
0 0.8006376594148537 0.6910000000000001 0.05663915978994749 0.08199999999999996
0 0.7501875468867216 0.62575 0.054013503375843874 0.08950000000000002
0 0.6937359339834959 0.5985 0.05513878469617395 0.08299999999999996
0 0.6404726181545386 0.57325 0.06039009752438107 0.08350000000000002
0 0.5041260315078769 0.5335 0.0525131282820705 0.07600000000000001
0 0.5450112528132033 0.5660000000000001 0.061515378844711144 0.08599999999999997
0 0.5842085521380345 0.62525 0.06789197299324823 0.0665
0 0.48537134283570893 0.5992500000000001 0.057764441110277565 0.07950000000000002
0 0.4988747186796699 0.69075 0.061515378844711144 0.07950000000000002
0 0.5572018004501125 0.67825 0.05363840960240063 0.07850000000000001
0 0.4748687171792948 0.7662500000000001 0.05701425356339085 0.08750000000000002
0 0.5331957989497373 0.75375 0.059639909977494354 0.08450000000000002
0 0.44467366841710426 0.855 0.059639909977494354 0.06499999999999995
0 0.5106901725431359 0.84175 0.052138034508627196 0.0674999999999999
0 0.5812078019504876 0.83675 0.061140285071267786 0.07250000000000001
0 0.6061515378844711 0.7535000000000001 0.05701425356339085 0.08199999999999996
0 0.654913728432108 0.66725 0.06076519129782443 0.07850000000000001
0 0.6573518379594898 0.7377499999999999 0.06714178544636151 0.0675
0 0.6509752438109527 0.81025 0.059639909977494465 0.08250000000000002
0 0.7042385596399099 0.79725 0.0618904726181545 0.07950000000000002
0 0.7132408102025507 0.692 0.059639909977494354 0.07700000000000007
0 0.753563390847712 0.7535000000000001 0.05851462865716428 0.06999999999999995
0 0.43792198049512376 0.71025 0.05813953488372092 0.07050000000000001
