0 0.07670667666916729 0.5585 0.0536384096024006 0.07299999999999995
0 0.10671417854463616 0.6625 0.0543885971492873 0.09899999999999998
0 0.15660165041260315 0.7075 0.055888972243060775 0.08400000000000007
0 0.1629782445611403 0.638 0.06489122280570142 0.07600000000000007
0 0.2306826706676669 0.64475 0.05326331582895724 0.07850000000000001
0 0.2597524381095274 0.70875 0.0641410352588147 0.08150000000000002
0 0.13578394598649662 0.57375 0.05176294073518378 0.07250000000000001
0 0.09283570892723181 0.477 0.06339084771192799 0.07800000000000001
0 0.15172543135783945 0.507 0.050637659414853736 0.07100000000000001
0 0.18604651162790697 0.5627500000000001 0.05401350337584396 0.07150000000000001
0 0.2449362340585146 0.57575 0.059264816204050996 0.07750000000000001
0 0.30176294073518384 0.5680000000000001 0.06114028507126784 0.07500000000000007
0 0.2897599399849963 0.64025 0.04988747186796699 0.08550000000000002
0 0.3276444111027757 0.709 0.05813953488372092 0.09499999999999997
0 0.34264816204051013 0.6315 0.06039009752438107 0.08500000000000008
0 0.38878469617404354 0.69225 0.06189047261815456 0.08650000000000002
0 0.4034133533383346 0.60825 0.056639159789947435 0.07950000000000002
0 0.4491747936984246 0.6815 0.05363840960240063 0.08600000000000008
0 0.5037509377344336 0.658 0.06901725431357841 0.08499999999999996
0 0.5693923480870218 0.6655 0.06451612903225801 0.07899999999999996
0 0.6361590397599399 0.6447499999999999 0.06601650412603155 0.07950000000000002
0 0.6048387096774194 0.56975 0.07014253563390849 0.07850000000000001
0 0.5382595648912227 0.5914999999999999 0.06601650412603155 0.07999999999999996
0 0.4696174043510878 0.5922499999999999 0.059264816204050996 0.07750000000000001
0 0.3599024756189047 0.55125 0.05663915978994749 0.07950000000000002
0 0.4367966991747937 0.502 0.059639909977494354 0.08800000000000002
0 0.49962490622655664 0.52 0.06001500375093771 0.08599999999999997
0 0.5572018004501125 0.51325 0.06414103525881465 0.07750000000000007
0 0.6430982745686422 0.49524999999999997 0.061140285071267786 0.08249999999999996
0 0.6065266316579145 0.43525 0.05926481620405111 0.07849999999999996
0 0.5483870967741935 0.4385 0.06076519129782454 0.08399999999999996
0 0.4846211552888222 0.44225000000000003 0.06001500375093771 0.07349999999999995
0 0.42029257314328583 0.4295 0.059639909977494354 0.064
0 0.35277569392348085 0.46824999999999994 0.07014253563390849 0.07649999999999996
0 0.2950112528132033 0.49375 0.060390097524381126 0.07250000000000001
0 0.2109902475618905 0.49324999999999997 0.061140285071267814 0.06649999999999995
0 0.12378094523630907 0.41625 0.05326331582895724 0.07050000000000001
0 0.15003750937734434 0.358 0.05926481620405101 0.066
0 0.1667291822955739 0.43574999999999997 0.05738934733683421 0.07249999999999995
0 0.20480120030007504 0.3785 0.05551387846961739 0.07199999999999995
0 0.21905476369092275 0.313 0.05476369092273067 0.06899999999999995
0 0.25543885971492875 0.37525 0.05551387846961742 0.08449999999999996
0 0.2569392348087022 0.4545 0.060765191297824456 0.07800000000000001
0 0.3017629407351838 0.42225 0.05738934733683421 0.07650000000000001
0 0.36102775693923483 0.39749999999999996 0.06189047261815456 0.07500000000000001
0 0.27138034508627157 0.30625 0.0468867216804201 0.07549999999999996
0 0.29876219054763686 0.3335 0.04913728432108028 0.08700000000000002
0 0.3505251312828207 0.3255 0.05813953488372092 0.07500000000000001
0 0.4071642910727682 0.34875 0.05663915978994749 0.07650000000000001
0 0.4684921230307577 0.37475 0.05551387846961736 0.06849999999999995
0 0.527006751687922 0.35925 0.057764441110277565 0.07250000000000001
0 0.587959489872468 0.35925 0.05888972243060764 0.08850000000000002
0 0.645536384096024 0.33099999999999996 0.059264816204050996 0.08600000000000002
0 0.5896474118529632 0.26725 0.06076519129782443 0.08449999999999999
0 0.52344336084021 0.24 0.05813953488372098 0.08899999999999997
0 0.47636909227306823 0.234 0.05551387846961736 0.07700000000000001
0 0.4684921230307577 0.30025 0.05551387846961736 0.07650000000000001
0 0.4116654163540885 0.27625 0.06339084771192799 0.0905
0 0.349774943735934 0.2505 0.0618904726181545 0.08099999999999999
0 0.30795198799699924 0.26425 0.04801200300075015 0.07549999999999998
0 0.3447111777944486 0.188 0.062265566391597915 0.07
0 0.41841710427606904 0.1965 0.06339084771192799 0.07
0 0.7186796699174793 0.36075 0.06526631657914483 0.08450000000000002
0 0.8017629407351838 0.36175 0.06339084771192793 0.08949999999999997
0 0.8629032258064516 0.38375000000000004 0.06414103525881476 0.08949999999999997
0 0.6702925731432858 0.40575 0.06751687921980487 0.08350000000000002
0 0.7526256564141035 0.42500000000000004 0.06489122280570148 0.08700000000000002
0 0.8111402850712679 0.45649999999999996 0.06339084771192793 0.08799999999999997
0 0.8683420855213804 0.47150000000000003 0.05701425356339085 0.08300000000000002
0 0.6776069017254314 0.58375 0.06339084771192804 0.08650000000000002
0 0.703675918979745 0.6659999999999999 0.07051762940735185 0.08399999999999996
0 0.7550637659414854 0.634 0.06301575393848458 0.08899999999999997
0 0.7053638409602401 0.47575 0.06864216054013506 0.08650000000000002
0 0.7340585146286571 0.548 0.06451612903225812 0.08300000000000007
0 0.8006376594148537 0.5569999999999999 0.06039009752438107 0.09399999999999997
0 0.8522130532633159 0.5740000000000001 0.059264816204050996 0.09399999999999997
0 0.8981620405101275 0.667 0.0708927231807952 0.08199999999999996
0 0.8248312078019504 0.6395 0.06676669167291827 0.08599999999999997
0 0.7710052513128283 0.7085 0.0663915978994748 0.08200000000000007
0 0.8539009752438109 0.7384999999999999 0.06789197299324834 0.08599999999999997
