0 0.10896474118529632 0.53 0.052888222055513884 0.063
0 0.11384096024006002 0.599 0.04988747186796699 0.06099999999999994
0 0.16054013503375844 0.4755 0.05026256564141035 0.06799999999999995
0 0.15847711927981994 0.5362499999999999 0.05138784696174045 0.0655
0 0.16897974493623408 0.61025 0.0536384096024006 0.05149999999999999
0 0.15753938484621155 0.66275 0.046511627906976744 0.0675
0 0.17104276069017255 0.73375 0.0480120030007502 0.058499999999999996
0 0.21230307576894225 0.75875 0.04951237809452361 0.057499999999999996
0 0.2162415603900975 0.7090000000000001 0.04763690922730682 0.05999999999999994
0 0.24212303075768943 0.81025 0.0513878469617404 0.0625
0 0.1809827456864216 0.41600000000000004 0.052888222055513884 0.061
0 0.20798949737434358 0.37825 0.04763690922730682 0.0645
0 0.23724681170292575 0.3105 0.04913728432108028 0.065
0 0.2783195798949737 0.29425 0.049512378094523635 0.0615
0 0.26125281320330085 0.36925 0.05363840960240057 0.0695
0 0.23780945236309078 0.44599999999999995 0.04651162790697677 0.063
0 0.2068642160540135 0.49224999999999997 0.044636159039759926 0.06449999999999995
0 0.22093023255813954 0.563 0.05026256564141035 0.06300000000000006
0 0.2627531882970743 0.47724999999999995 0.05063765941485371 0.06649999999999995
0 0.28075768942235557 0.42600000000000005 0.052888222055513856 0.062
0 0.3237059264816204 0.26175 0.05551387846961742 0.06849999999999998
0 0.31676669167291827 0.34550000000000003 0.051387846961740424 0.066
0 0.2674418604651163 0.54925 0.044261065266316596 0.0635
0 0.22261815453863465 0.6245 0.041635408852213035 0.05799999999999994
0 0.25806451612903225 0.62775 0.04951237809452366 0.0635
0 0.27081770442610653 0.6892499999999999 0.04876219054763689 0.0615
0 0.268192048012003 0.7362500000000001 0.04576144036009003 0.057499999999999996
0 0.1322205551387847 0.632 0.043135783945986494 0.040999999999999925
0 0.3711552888222055 0.25075 0.04988747186796699 0.06449999999999997
0 0.4167291822955739 0.22925 0.05026256564141035 0.0675
0 0.41147786946736686 0.28825 0.05176294073518378 0.0595
0 0.373218304576144 0.30700000000000005 0.04726181545386349 0.063
0 0.3383345836459115 0.39125 0.05176294073518378 0.0685
0 0.3992873218304576 0.38149999999999995 0.04538634658664664 0.064
0 0.3201425356339085 0.46499999999999997 0.04838709677419356 0.064
0 0.36252813203300827 0.44699999999999995 0.05063765941485371 0.065
0 0.359714928732183 0.50825 0.05026256564141035 0.06350000000000006
0 0.3073893473368342 0.527 0.04538634658664664 0.062000000000000055
0 0.30888972243060764 0.5875 0.04838709677419356 0.062000000000000055
0 0.354463615903976 0.5705 0.04876219054763692 0.062000000000000055
0 0.4034133533383346 0.53775 0.047636909227306845 0.04949999999999999
0 0.31076519129782443 0.6465000000000001 0.04913728432108028 0.061000000000000054
0 0.30945236309077273 0.7130000000000001 0.05026256564141035 0.05999999999999994
0 0.3015753938484621 0.79075 0.051012753188297066 0.058499999999999996
0 0.31526631657914483 0.84025 0.04913728432108028 0.0605
0 0.3495873968492123 0.8955 0.05176294073518384 0.061999999999999944
0 0.39328582145536384 0.87975 0.05063765941485371 0.056499999999999995
0 0.3602775693923481 0.81925 0.04613653413353341 0.0665
0 0.34339834958739685 0.763 0.04538634658664664 0.062000000000000055
0 0.38615903975994004 0.7717499999999999 0.05063765941485371 0.0595
0 0.4472993248312078 0.78675 0.05063765941485371 0.056499999999999995
0 0.48218304576144033 0.7464999999999999 0.048387096774193505 0.06399999999999995
0 0.43398349587396845 0.732 0.0480120030007502 0.05800000000000005
0 0.3912228057014253 0.70625 0.0480120030007502 0.0685
0 0.3531507876969242 0.67575 0.04613653413353341 0.05449999999999999
0 0.37396849212303074 0.6452500000000001 0.05026256564141035 0.0655
0 0.42423105776444114 0.6555 0.04876219054763692 0.06899999999999995
0 0.45386346586646664 0.68275 0.04726181545386349 0.057499999999999996
0 0.5090022505626406 0.6955 0.050262565641410295 0.05699999999999994
0 0.4973743435858965 0.63025 0.04951237809452369 0.0695
0 0.45405101275318827 0.5945 0.04988747186796699 0.06300000000000006
0 0.4118529632408102 0.58575 0.0525131282820705 0.0605
0 0.4516129032258065 0.53975 0.051012753188297066 0.0655
0 0.4544261065266316 0.26825 0.05213803450862714 0.0655
0 0.472993248312078 0.18225 0.04876219054763692 0.0685
0 0.5386346586646662 0.16799999999999998 0.05551387846961742 0.07399999999999998
0 0.5161290322580645 0.24525000000000002 0.0525131282820705 0.07150000000000004
0 0.49549887471867965 0.31125 0.05101275318829701 0.06849999999999995
0 0.4632408102025506 0.36450000000000005 0.05176294073518378 0.064
0 0.43792198049512376 0.41825 0.04838709677419356 0.0645
0 0.4409227306826706 0.472 0.052888222055513856 0.06
0 0.4806826706676669 0.49775 0.04913728432108022 0.0645
0 0.4846211552888222 0.4265 0.045761440360090055 0.07100000000000001
0 0.5121905476369093 0.37225 0.048387096774193616 0.058499999999999996
0 0.5292573143285821 0.42400000000000004 0.05326331582895727 0.069
0 0.49699924981245314 0.54675 0.050262565641410406 0.0625
0 0.532258064516129 0.595 0.04801200300075015 0.05900000000000005
0 0.5750187546886723 0.623 0.04876219054763686 0.062000000000000055
0 0.5812078019504876 0.677 0.048387096774193505 0.06300000000000006
0 0.5326331582895725 0.5057499999999999 0.04876219054763686 0.0675
0 0.5630157539384846 0.5487500000000001 0.04801200300075015 0.0595
0 0.6159039759939985 0.5952500000000001 0.04801200300075026 0.0655
0 0.6464741185296323 0.5589999999999999 0.050637659414853764 0.06599999999999995
0 0.6027756939234808 0.518 0.05101275318829712 0.063
0 0.5624531132783196 0.46275 0.04988747186796694 0.0695
0 0.5367591897974493 0.29800000000000004 0.046511627906976716 0.062
0 0.5551387846961741 0.35675 0.04801200300075026 0.0635
0 0.5798949737434358 0.41000000000000003 0.04951237809452358 0.066
0 0.6121530382595649 0.46399999999999997 0.04801200300075026 0.06
0 0.654913728432108 0.493 0.04801200300075026 0.066
0 0.6905476369092274 0.52875 0.04876219054763686 0.060500000000000054
0 0.6839834958739686 0.46725 0.039384846211552804 0.0595
0 0.6554763690922731 0.4325 0.04913728432108033 0.062
0 0.6213428357089272 0.35225 0.044636159039759926 0.0665
0 0.589834958739685 0.2985 0.04913728432108022 0.068
0 0.5618904726181546 0.2485 0.04876219054763686 0.07299999999999998
0 0.6039009752438109 0.18175 0.050262565641410295 0.0695
0 0.6382220555138785 0.14825 0.05438859714928734 0.06749999999999999
0 0.6265941485371342 0.2425 0.048387096774193616 0.06900000000000003
0 0.6536009002250562 0.2865 0.050637659414853764 0.068
0 0.6708552138034509 0.36150000000000004 0.04913728432108033 0.07
0 0.6918604651162791 0.41475 0.04388597149287321 0.0635
0 0.7327456864216054 0.43925 0.04913728432108022 0.0655
0 0.7560015003750937 0.49975 0.05363840960240063 0.0665
0 0.7966991747936985 0.47675 0.05326331582895727 0.06349999999999995
0 0.7854463615903976 0.41975 0.04726181545386354 0.058499999999999996
0 0.7569392348087022 0.38575 0.050262565641410406 0.0635
0 0.7091147786946737 0.35875 0.04538634658664664 0.0645
0 0.7010502625656414 0.30525 0.048762190547636974 0.0665
0 0.8475243810952738 0.43425 0.048387096774193505 0.0675
0 0.8480870217554388 0.37925 0.05551387846961742 0.0645
0 0.8079519879969992 0.35650000000000004 0.04801200300075015 0.063
0 0.754688672168042 0.32199999999999995 0.0547636909227307 0.062
0 0.681357839459865 0.24025000000000002 0.052138034508627196 0.06750000000000003
0 0.685483870967742 0.17375000000000002 0.05438859714928734 0.07149999999999998
0 0.7145536384096024 0.20274999999999999 0.04726181545386354 0.07149999999999998
0 0.7659414853713429 0.20925 0.04876219054763686 0.0635
0 0.7556264066016504 0.26525 0.044636159039759926 0.07149999999999998
0 0.7848837209302326 0.28049999999999997 0.04613653413353347 0.07
0 0.8617779444861215 0.31075 0.05813953488372092 0.0655
0 0.8325206301575394 0.23475000000000001 0.05138784696174048 0.0695
