0 0.15153788447111777 0.44625000000000004 0.027006751687921965 0.04150000000000004
0 0.16016504126031508 0.4935 0.030007501875468856 0.041000000000000036
0 0.14122280570142537 0.53075 0.022880720180045028 0.04250000000000009
0 0.15772693173293323 0.53375 0.03263315828957239 0.04250000000000009
0 0.13972243060765194 0.5795 0.02438109527381846 0.04699999999999993
0 0.16016504126031508 0.58675 0.026256564141035277 0.0475000000000001
0 0.1791072768192048 0.571 0.03188297074268567 0.04399999999999993
0 0.15997749437359338 0.641 0.031132783195798958 0.04499999999999993
0 0.1952363090772693 0.6247499999999999 0.03188297074268567 0.045499999999999985
0 0.19448612153038258 0.60275 0.022880720180045028 0.025500000000000078
0 0.17835708927231808 0.6697500000000001 0.019879969992498137 0.035499999999999976
0 0.19317329332333083 0.6665 0.03225806451612903 0.04400000000000004
0 0.2203675918979745 0.66225 0.031132783195798958 0.046499999999999986
0 0.19673668417104276 0.5605 0.02738184546136535 0.04499999999999993
0 0.17085521380345087 0.46950000000000003 0.029632408102025498 0.04099999999999998
0 0.18154538634658662 0.41900000000000004 0.031507876969242316 0.04299999999999998
0 0.19504876219054762 0.3805 0.027006751687921965 0.041000000000000036
0 0.2239309827456864 0.37575000000000003 0.030007501875468884 0.04850000000000004
0 0.2175543885971493 0.41200000000000003 0.03150787696924229 0.045999999999999985
0 0.2029257314328582 0.46299999999999997 0.03300825206301575 0.044999999999999984
0 0.1984246061515379 0.5045 0.031507876969242316 0.04300000000000004
0 0.22261815453863465 0.4835 0.030382595648912242 0.04599999999999993
0 0.22149287321830458 0.5505 0.031882970742685646 0.050999999999999934
0 0.25150037509377343 0.59825 0.03113278319579893 0.04749999999999999
0 0.27719429857464367 0.614 0.03150787696924229 0.04800000000000004
0 0.29257314328582146 0.6507499999999999 0.03825956489122284 0.0465000000000001
0 0.2732558139534884 0.66675 0.03338334583645913 0.04349999999999998
0 0.3240810202550638 0.6655 0.03150787696924234 0.04899999999999993
0 0.23424606151537886 0.513 0.030382595648912242 0.044999999999999984
0 0.24681170292573146 0.45825 0.0307576894223556 0.04349999999999998
0 0.25300075018754686 0.34225 0.0318829707426857 0.04749999999999999
0 0.2803825956489122 0.3335 0.03263315828957242 0.05199999999999999
0 0.3235183795948987 0.32975 0.03113278319579893 0.045499999999999985
0 0.3057014253563391 0.37324999999999997 0.032258064516129004 0.04250000000000004
0 0.28263315828957236 0.39975 0.0318829707426857 0.04749999999999999
0 0.28113278319579893 0.4385 0.029632408102025498 0.03500000000000003
0 0.26575393848462114 0.48125 0.031882970742685646 0.04349999999999998
0 0.28450862715678915 0.49374999999999997 0.03413353338334585 0.03949999999999998
0 0.2929482370592648 0.45375 0.032258064516129004 0.045499999999999985
0 0.2616279069767442 0.54175 0.03263315828957239 0.046499999999999986
0 0.3042010502625656 0.5429999999999999 0.03450862715678921 0.04799999999999993
0 0.3036384096024006 0.5862499999999999 0.0318829707426857 0.04749999999999999
0 0.3240810202550638 0.6207499999999999 0.03225806451612906 0.04949999999999999
0 0.3589647411852963 0.6555 0.03225806451612906 0.04800000000000004
0 0.3156414103525882 0.49824999999999997 0.03413353338334585 0.046499999999999986
0 0.3319579894973743 0.46375 0.03450862715678921 0.04749999999999999
0 0.31920480120030004 0.41400000000000003 0.03375843960990249 0.04299999999999998
0 0.34752438109527384 0.40525 0.03338334583645913 0.04749999999999999
0 0.3630907726931733 0.35425 0.03300825206301572 0.046499999999999986
0 0.3992873218304576 0.32999999999999996 0.03338334583645908 0.03899999999999998
0 0.390285071267817 0.37024999999999997 0.029632408102025498 0.04750000000000004
0 0.4270442610652663 0.34099999999999997 0.034883720930232565 0.04799999999999999
0 0.4150412603150788 0.381 0.03563390847711928 0.040000000000000036
0 0.37546886721680417 0.41300000000000003 0.03375843960990249 0.046999999999999986
0 0.40360090022505624 0.42875 0.03450862715678921 0.05149999999999999
0 0.382033008252063 0.4595 0.03713428357089271 0.04799999999999999
0 0.36834208552138037 0.506 0.03450862715678921 0.040000000000000036
0 0.34264816204051013 0.534 0.03338334583645908 0.04700000000000004
0 0.35333833458364594 0.57075 0.033008252063015775 0.04049999999999998
0 0.37921980495123786 0.5894999999999999 0.036759189797449354 0.049000000000000044
0 0.3884096024006002 0.6307499999999999 0.03713428357089271 0.045499999999999985
0 0.41335333833458365 0.65875 0.03450862715678921 0.05349999999999999
0 0.39534883720930236 0.54025 0.033008252063015775 0.04150000000000009
0 0.40735183795948987 0.512 0.03825956489122284 0.04600000000000004
0 0.41410352588147037 0.47475 0.033758439609902435 0.04349999999999998
0 0.46549137284321085 0.32675 0.03600900225056264 0.04949999999999999
0 0.44879969992498125 0.371 0.03788447111777943 0.04300000000000004
0 0.4555513878469617 0.40725 0.036384096024005996 0.044499999999999984
0 0.4491747936984246 0.4525 0.031882970742685646 0.05199999999999999
0 0.45255063765941483 0.50075 0.03338334583645913 0.04149999999999998
0 0.4382970742685671 0.55175 0.03788447111777943 0.044499999999999984
0 0.4493623405851463 0.6672499999999999 0.033758439609902435 0.055499999999999994
0 0.4613653413353338 0.6214999999999999 0.03225806451612906 0.049000000000000044
0 0.47168042010502625 0.7205 0.03413353338334579 0.04600000000000004
0 0.4885596399099775 0.7595000000000001 0.03263315828957236 0.04399999999999993
0 0.5202550637659414 0.7962499999999999 0.030007501875468856 0.04949999999999999
0 0.5581395348837209 0.80375 0.033758439609902435 0.045499999999999985
0 0.564516129032258 0.855 0.036009002250562694 0.050000000000000044
0 0.5926481620405102 0.8135 0.037509377344336126 0.04800000000000004
0 0.6205926481620405 0.804 0.035633908477119336 0.049000000000000044
0 0.5170667666916728 0.74125 0.03488372093023251 0.04749999999999999
0 0.554013503375844 0.75525 0.03450862715678915 0.05249999999999999
0 0.5879594898724682 0.749 0.04163540885221306 0.04800000000000004
0 0.6286571642910728 0.74125 0.03450862715678915 0.04749999999999999
0 0.6732933233308327 0.73475 0.039009752438109446 0.05049999999999999
0 0.6924231057764441 0.776 0.03900975243810956 0.04700000000000004
0 0.48949737434358587 0.6799999999999999 0.032258064516129004 0.04999999999999993
0 0.5168792198049512 0.663 0.03525881470367587 0.04500000000000004
0 0.4930607651912978 0.61875 0.03338334583645913 0.04849999999999999
0 0.5331957989497375 0.69875 0.03488372093023262 0.046499999999999986
0 0.5478244561140285 0.6695 0.03713428357089277 0.052999999999999936
0 0.5768942235558889 0.7037500000000001 0.03900975243810956 0.04349999999999998
0 0.481245311327832 0.5725 0.03750937734433607 0.04400000000000004
0 0.4754313578394599 0.5375000000000001 0.03563390847711928 0.04500000000000004
0 0.5112528132033008 0.54775 0.033008252063015775 0.045499999999999985
0 0.5253188297074268 0.586 0.039384846211552915 0.040000000000000036
0 0.5390097524381094 0.6245 0.037509377344336126 0.049000000000000044
0 0.5738934733683421 0.61125 0.03825956489122284 0.04849999999999999
0 0.5864591147786946 0.6575 0.03638409602400594 0.04500000000000004
0 0.6453488372093024 0.69525 0.03413353338334579 0.03649999999999998
0 0.6258439609902475 0.6679999999999999 0.04088522130532635 0.039999999999999925
0 0.7149287321830458 0.7242500000000001 0.04051012753188288 0.05349999999999999
0 0.6659789947486872 0.6625 0.03713428357089277 0.050999999999999934
0 0.7018004501125281 0.66975 0.03525881470367587 0.05449999999999999
0 0.7323705926481621 0.68225 0.03263315828957236 0.04149999999999998
0 0.768192048012003 0.6805 0.03525881470367587 0.050999999999999934
0 0.728244561140285 0.64175 0.03713428357089266 0.045499999999999985
0 0.6856714178544636 0.62275 0.039009752438109446 0.046499999999999986
0 0.650787696924231 0.61425 0.04276069017254314 0.044499999999999984
0 0.5613278319579895 0.55725 0.03713428357089277 0.04849999999999999
0 0.6100900225056264 0.56475 0.03638409602400605 0.04849999999999999
0 0.6460990247561891 0.5615 0.037884471117779484 0.04600000000000004
0 0.7049887471867967 0.5720000000000001 0.03713428357089277 0.04999999999999993
0 0.737059264816204 0.5885 0.03975993998499627 0.04800000000000004
0 0.7948237059264815 0.624 0.03900975243810956 0.04499999999999993
0 0.8816579144786196 0.6305000000000001 0.044636159039759926 0.04500000000000004
0 0.8094523630907726 0.5667500000000001 0.04201050262565642 0.04349999999999998
0 0.7513128282070518 0.5455 0.04051012753188299 0.04899999999999993
0 0.7149287321830458 0.52675 0.039009752438109446 0.04949999999999999
0 0.4728057014253564 0.48450000000000004 0.03563390847711928 0.04899999999999999
0 0.5090022505626406 0.49674999999999997 0.03975993998499627 0.04749999999999999
0 0.5590772693173294 0.51425 0.039384846211552915 0.05049999999999999
0 0.4954988747186797 0.44775 0.03600900225056264 0.046499999999999986
0 0.4898724681170292 0.40475 0.03450862715678915 0.04749999999999999
0 0.4851837959489872 0.36250000000000004 0.036384096024005996 0.045999999999999985
0 0.5075018754688672 0.32475 0.037509377344336126 0.05149999999999999
0 0.5142535633908477 0.37775000000000003 0.03750937734433607 0.04350000000000004
0 0.5196924231057765 0.42225 0.03638409602400605 0.04749999999999999
0 0.5390097524381096 0.45899999999999996 0.03450862715678915 0.04999999999999999
0 0.5707051762940736 0.47025 0.03413353338334579 0.057499999999999996
0 0.6007126781695424 0.49450000000000005 0.03638409602400594 0.05299999999999999
0 0.6297824456114028 0.5137499999999999 0.0367591897974493 0.045499999999999985
0 0.6671042760690172 0.5097499999999999 0.04013503375843963 0.04349999999999998
0 0.5495123780945237 0.40075 0.03525881470367598 0.05149999999999999
0 0.5817704426106527 0.42075 0.037509377344336126 0.04849999999999999
0 0.6205926481620405 0.4425 0.039384846211552915 0.05299999999999999
0 0.6521005251312828 0.47450000000000003 0.04013503375843963 0.045999999999999985
0 0.7010502625656414 0.48075 0.04201050262565642 0.05249999999999999
0 0.7558139534883721 0.49824999999999997 0.03825956489122273 0.04550000000000004
0 0.7959489872468117 0.5327500000000001 0.03975993998499627 0.05349999999999999
0 0.8229557389347337 0.513 0.033758439609902546 0.04600000000000004
0 0.8396474118529632 0.5409999999999999 0.04163540885221306 0.05599999999999994
0 0.8859714928732183 0.52125 0.04351087771942996 0.049500000000000044
0 0.9217929482370593 0.529 0.0386346586646662 0.050000000000000044
0 0.8617779444861215 0.478 0.039384846211552915 0.04799999999999999
0 0.9066016504126031 0.46025 0.04426106526631657 0.055499999999999994
0 0.7974493623405852 0.47724999999999995 0.041260315078769705 0.04849999999999993
0 0.8285821455363841 0.45425 0.0367591897974493 0.04949999999999999
0 0.736496624156039 0.4625 0.04013503375843963 0.044999999999999984
0 0.6837959489872467 0.4405 0.04276069017254314 0.04800000000000004
0 0.6100900225056264 0.40675 0.035633908477119336 0.046499999999999986
0 0.5797074268567142 0.38 0.039384846211552915 0.04400000000000004
0 0.5496999249812453 0.35250000000000004 0.037884471117779484 0.045999999999999985
0 0.5330082520630157 0.313 0.032258064516129004 0.049000000000000044
0 0.5735183795948987 0.29575 0.0367591897974493 0.04949999999999999
0 0.5926481620405102 0.32825 0.037509377344336126 0.04749999999999999
0 0.626219054763691 0.31925 0.03713428357089266 0.04949999999999999
0 0.6312828207051764 0.36250000000000004 0.037509377344336126 0.04999999999999999
0 0.6481620405101276 0.41175 0.03975993998499627 0.05249999999999999
0 0.6667291822955739 0.34299999999999997 0.035633908477119336 0.05099999999999999
0 0.6588522130532632 0.28325 0.03713428357089266 0.04749999999999999
0 0.690735183795949 0.27449999999999997 0.03638409602400605 0.046999999999999986
0 0.7085521380345086 0.3115 0.04201050262565642 0.051000000000000045
0 0.6815453863465866 0.389 0.041260315078769705 0.045999999999999985
0 0.7199924981245311 0.41225 0.039384846211552915 0.05049999999999999
0 0.7066766691672919 0.37124999999999997 0.03825956489122284 0.04850000000000004
0 0.7361215303825956 0.35075 0.037884471117779484 0.05349999999999999
0 0.7413728432108027 0.39225 0.04163540885221306 0.044499999999999984
0 0.7642535633908477 0.4305 0.04088522130532635 0.05099999999999999
0 0.7756939234808702 0.38649999999999995 0.03525881470367598 0.05399999999999999
0 0.8038259564891224 0.41600000000000004 0.03900975243810956 0.05199999999999999
0 0.8554013503375844 0.41625 0.04088522130532635 0.04849999999999999
0 0.7248687171792948 0.2565 0.039384846211552915 0.053999999999999965
0 0.7661290322580645 0.25025000000000003 0.0386346586646662 0.05150000000000002
0 0.8147036759189797 0.26249999999999996 0.03975993998499616 0.05199999999999999
0 0.7816954238559639 0.32899999999999996 0.03825956489122284 0.04299999999999998
0 0.8306451612903226 0.32199999999999995 0.04013503375843963 0.04999999999999999
0 0.8261440360090022 0.373 0.035633908477119225 0.049000000000000044
0 0.9039759939984997 0.39075 0.041260315078769705 0.04949999999999999
0 0.9262940735183796 0.34125 0.04238559639909978 0.05349999999999999
