0 0.07351837959489872 0.44875 0.03825956489122281 0.04749999999999999
0 0.11609152288072017 0.40825 0.034133533383345835 0.04949999999999999
0 0.14403600900225055 0.4305 0.03225806451612903 0.04800000000000004
0 0.1464741185296324 0.36450000000000005 0.038634658664666144 0.04799999999999999
0 0.14253563390847712 0.485 0.03600900225056264 0.04999999999999999
0 0.09189797449362341 0.5037499999999999 0.03675918979744937 0.045499999999999985
0 0.11384096024006002 0.54325 0.030382595648912228 0.057499999999999996
0 0.07914478619654913 0.5622499999999999 0.03225806451612903 0.04349999999999998
0 0.1130907726931733 0.59325 0.03863465866466616 0.0465000000000001
0 0.07689422355588897 0.6147499999999999 0.03750937734433609 0.04749999999999999
0 0.0937734433608402 0.6792499999999999 0.0315078769692423 0.05349999999999999
0 0.11927981995498874 0.70025 0.03525881470367591 0.045499999999999985
0 0.12171792948237059 0.735 0.04163540885221305 0.04499999999999993
0 0.13934733683420855 0.7635000000000001 0.04013503375843962 0.051000000000000045
0 0.15941485371342834 0.6965 0.039759939984996245 0.04699999999999993
0 0.1791072768192048 0.7605 0.03263315828957239 0.051000000000000045
0 0.19392348087021755 0.6995 0.0307576894223556 0.04299999999999993
0 0.22280570142535633 0.6875 0.0307576894223556 0.04899999999999993
0 0.20086271567891972 0.63725 0.03563390847711928 0.046499999999999986
0 0.24681170292573143 0.629 0.03450862715678921 0.05699999999999994
0 0.2231807951987997 0.592 0.04201050262565639 0.04400000000000004
0 0.2595648912228057 0.5627500000000001 0.0375093773443361 0.04949999999999999
0 0.19748687171792947 0.54525 0.03563390847711928 0.05149999999999999
0 0.16935483870967744 0.581 0.03713428357089274 0.05300000000000005
0 0.17479369842460613 0.53575 0.024756189047261817 0.04749999999999999
0 0.18192048012003 0.49025 0.03975993998499627 0.04749999999999999
0 0.18979744936234058 0.44425000000000003 0.03600900225056264 0.04450000000000004
0 0.18360840210052515 0.40149999999999997 0.030382595648912242 0.055999999999999994
0 0.13053263315828956 0.3125 0.03450862715678919 0.05300000000000005
0 0.19561140285071266 0.351 0.031132783195798958 0.04999999999999999
0 0.22768192048012004 0.36475 0.03900975243810953 0.04949999999999999
0 0.22955738934733683 0.41275 0.03900975243810953 0.04749999999999999
0 0.2231807951987997 0.46599999999999997 0.04501125281320331 0.04199999999999998
0 0.24793698424606153 0.50925 0.04351087771942988 0.049500000000000044
0 0.29144786196549133 0.477 0.03600900225056264 0.057999999999999996
0 0.24174793698424607 0.31775 0.04013503375843963 0.04650000000000004
0 0.2771942985746436 0.3425 0.03750937734433607 0.043999999999999984
0 0.25543885971492875 0.27649999999999997 0.036759189797449354 0.046999999999999986
0 0.28525881470367587 0.29500000000000004 0.036384096024005996 0.05199999999999999
0 0.2794448612153038 0.24525000000000002 0.04051012753188299 0.05150000000000002
0 0.30513878469617406 0.20525 0.04613653413353341 0.0605
0 0.3353338334583646 0.26925 0.03825956489122284 0.05349999999999999
0 0.3210802700675169 0.31975 0.032258064516129004 0.05049999999999999
0 0.3111402850712678 0.364 0.03713428357089271 0.056999999999999995
0 0.2702550637659415 0.389 0.03113278319579893 0.05199999999999999
0 0.29932483120780196 0.42525 0.03975993998499627 0.04949999999999999
0 0.32989497374343585 0.45225 0.039384846211552915 0.05149999999999999
0 0.34058514628657166 0.40925 0.03225806451612906 0.05049999999999999
0 0.25731432858214554 0.70275 0.03450862715678918 0.044499999999999984
0 0.2719429857464366 0.6675 0.03525881470367592 0.050000000000000044
0 0.2929482370592648 0.71025 0.036009002250562694 0.04749999999999999
0 0.24193548387096775 0.789 0.03900975243810956 0.04600000000000004
0 0.272880720180045 0.772 0.03113278319579893 0.050000000000000044
0 0.313953488372093 0.7344999999999999 0.037509377344336126 0.04700000000000004
0 0.32314328582145535 0.7 0.039384846211552915 0.05700000000000005
0 0.32389347336834207 0.8082499999999999 0.03563390847711928 0.05149999999999999
0 0.304013503375844 0.8042499999999999 0.02438109527381843 0.04749999999999999
0 0.36365341335333834 0.8175 0.031882970742685646 0.05699999999999994
0 0.3111402850712678 0.6499999999999999 0.03563390847711928 0.04300000000000004
0 0.30682670667666917 0.613 0.037509377344336126 0.050999999999999934
0 0.3066391597899475 0.5462499999999999 0.03263315828957236 0.05149999999999999
0 0.3402100525131283 0.5605 0.033008252063015775 0.052999999999999936
0 0.3531507876969242 0.5215 0.03413353338334585 0.05399999999999999
0 0.36552888222055513 0.20525 0.03713428357089271 0.05550000000000002
0 0.39778694673668413 0.18775 0.038634658664666144 0.0615
0 0.423105776444111 0.14425 0.04351087771942985 0.05649999999999998
0 0.43904726181545384 0.212 0.03563390847711928 0.065
0 0.45836459114778694 0.167 0.03525881470367592 0.05499999999999999
0 0.4711177794448612 0.21625 0.037509377344336126 0.0675
0 0.49381095273818454 0.1575 0.036384096024005996 0.061
0 0.5120030007501876 0.24525000000000002 0.04501125281320323 0.05750000000000002
0 0.37959489872468116 0.27175 0.04726181545386343 0.05449999999999999
0 0.368529632408102 0.32025 0.0453863465866467 0.04749999999999999
0 0.3565266316579145 0.35725 0.046886721680420074 0.04749999999999999
0 0.3659039759939985 0.406 0.036384096024005996 0.056999999999999995
0 0.40172543135783945 0.36975 0.036759189797449354 0.058499999999999996
0 0.37546886721680417 0.4585 0.0390097524381095 0.05099999999999999
0 0.3784696174043511 0.5025 0.037509377344336126 0.045999999999999985
0 0.3741560390097525 0.563 0.038634658664666144 0.05599999999999994
0 0.36102775693923483 0.6012500000000001 0.034883720930232565 0.045499999999999985
0 0.3454613653413353 0.6659999999999999 0.03600900225056264 0.051000000000000045
0 0.3715303825956489 0.68225 0.03338334583645908 0.044499999999999984
0 0.3825956489122281 0.63 0.03750937734433607 0.04699999999999993
0 0.3970367591897974 0.65575 0.03413353338334585 0.044500000000000095
0 0.37265566391597904 0.7515000000000001 0.03563390847711928 0.04700000000000004
0 0.39422355588897223 0.74 0.03900975243810956 0.040000000000000036
0 0.39234808702175544 0.804 0.037509377344336126 0.03700000000000003
0 0.41429107276819205 0.7895000000000001 0.039384846211552915 0.04300000000000004
0 0.4032258064516129 0.82625 0.036759189797449354 0.03649999999999998
0 0.4401725431357839 0.8594999999999999 0.038634658664666144 0.05399999999999994
0 0.4452363090772693 0.8075 0.03975993998499622 0.040000000000000036
0 0.4414853713428357 0.7342500000000001 0.03450862715678921 0.04749999999999999
0 0.46361590397599395 0.769 0.03525881470367592 0.04499999999999993
0 0.4881845461365341 0.8069999999999999 0.03638409602400594 0.04799999999999993
0 0.4782445611402851 0.7455 0.04051012753188299 0.04999999999999993
0 0.4855588897224306 0.85175 0.03263315828957236 0.045500000000000096
0 0.43079519879969996 0.69125 0.03788447111777943 0.04249999999999998
0 0.44823705926481616 0.644 0.03750937734433607 0.052000000000000046
0 0.4304201050262566 0.60775 0.03563390847711928 0.055499999999999994
0 0.4696174043510878 0.617 0.03375843960990249 0.05400000000000005
0 0.46324081020255065 0.5625 0.04351087771942985 0.04299999999999993
0 0.4193548387096774 0.524 0.033008252063015775 0.04899999999999999
0 0.44298574643660915 0.51225 0.03525881470367587 0.046499999999999986
0 0.478244561140285 0.5157499999999999 0.03525881470367592 0.05149999999999999
0 0.4199174793698425 0.48375 0.04088522130532635 0.05749999999999994
0 0.41785446361590395 0.43125 0.0390097524381095 0.04450000000000004
0 0.45517629407351834 0.4445 0.03563390847711928 0.04600000000000004
0 0.4450487621905477 0.403 0.03263315828957242 0.03999999999999998
0 0.436046511627907 0.35425 0.0386346586646662 0.04849999999999999
0 0.41260315078769694 0.3125 0.041260315078769705 0.051000000000000045
0 0.42779444861215304 0.27325 0.04538634658664664 0.055499999999999994
0 0.45930232558139533 0.31525000000000003 0.04013503375843963 0.05550000000000005
0 0.4741185296324081 0.37075 0.03450862715678921 0.05449999999999999
0 0.4894973743435859 0.29400000000000004 0.04201050262565642 0.061
0 0.5253188297074268 0.30775 0.039384846211552915 0.055499999999999994
0 0.5144411102775694 0.35575 0.04838709677419356 0.05049999999999999
0 0.528694673668417 0.40425 0.03788447111777937 0.05249999999999999
0 0.4878094523630908 0.42325 0.04313578394598655 0.05149999999999999
0 0.5039384846211553 0.47025 0.04613653413353341 0.05249999999999999
0 0.5206301575393848 0.50325 0.04276069017254314 0.046499999999999986
0 0.5129407351837959 0.5549999999999999 0.040135033758439576 0.04799999999999993
0 0.508814703675919 0.60075 0.034883720930232565 0.04849999999999999
0 0.5084396099024756 0.6547499999999999 0.03788447111777943 0.0505000000000001
0 0.49174793698424607 0.6825 0.03675918979744941 0.04699999999999993
0 0.5275693923480871 0.683 0.035633908477119225 0.04999999999999993
0 0.5204426106526632 0.73075 0.037884471117779484 0.04349999999999998
0 0.5238184546136534 0.911 0.04088522130532635 0.049000000000000044
0 0.5433233308327081 0.921 0.03488372093023251 0.04300000000000004
0 0.5757689422355589 0.92625 0.033758439609902435 0.04349999999999998
0 0.5887096774193549 0.89475 0.037884471117779484 0.046499999999999986
0 0.6155288822205551 0.904 0.03300825206301572 0.04200000000000004
0 0.632595648912228 0.8795 0.031882970742685646 0.04700000000000004
0 0.5335708927231808 0.84625 0.035633908477119336 0.04050000000000009
0 0.555701425356339 0.862 0.03113278319579893 0.04299999999999993
0 0.5703300825206301 0.8282499999999999 0.029632408102025498 0.045499999999999985
0 0.599212303075769 0.8155 0.040885221305326236 0.05400000000000005
0 0.6376594148537134 0.836 0.03975993998499627 0.04600000000000004
0 0.6620405101275318 0.855 0.032258064516129004 0.04299999999999993
0 0.5534508627156789 0.7757499999999999 0.03638409602400605 0.0465000000000001
0 0.5549512378094523 0.7235 0.03638409602400594 0.041000000000000036
0 0.5978994748687172 0.73675 0.03825956489122273 0.046499999999999986
0 0.6189047261815455 0.77 0.03675918979744941 0.04499999999999993
0 0.5658289572393098 0.6759999999999999 0.0386346586646662 0.051999999999999935
0 0.5920855213803451 0.6645 0.04238559639909978 0.04800000000000004
0 0.6042760690172544 0.69275 0.036009002250562694 0.04849999999999999
0 0.6442235558889723 0.72875 0.04163540885221306 0.05049999999999999
0 0.6562265566391599 0.76475 0.039384846211552804 0.04349999999999998
0 0.6674793698424606 0.8049999999999999 0.03638409602400605 0.04999999999999993
0 0.5521380345086271 0.6255 0.03975993998499627 0.04700000000000004
0 0.5444486121530383 0.575 0.03488372093023251 0.049000000000000044
0 0.5635783945986497 0.5369999999999999 0.037884471117779484 0.051000000000000045
0 0.5830832708177044 0.59375 0.037884471117779484 0.05249999999999999
0 0.6198424606151538 0.6154999999999999 0.03713428357089277 0.05799999999999994
0 0.6515378844711177 0.599 0.041260315078769705 0.05400000000000005
0 0.6596024006001501 0.64225 0.046886721680420074 0.04349999999999998
0 0.5785821455363841 0.4915 0.039384846211552915 0.051999999999999935
0 0.5978994748687172 0.5429999999999999 0.03450862715678915 0.04799999999999993
0 0.6325956489122281 0.5529999999999999 0.03638409602400605 0.061000000000000054
0 0.6676669167291822 0.5609999999999999 0.04351087771942985 0.061999999999999944
0 0.6641035258814704 0.51175 0.04538634658664664 0.050500000000000045
0 0.6129032258064516 0.4855 0.039009752438109446 0.05399999999999994
0 0.5660165041260314 0.44625 0.03900975243810956 0.056499999999999995
0 0.5737059264816204 0.39775 0.04163540885221306 0.05449999999999999
0 0.6050262565641411 0.4265 0.04426106526631657 0.04899999999999999
0 0.5609527381845462 0.3415 0.043135783945986494 0.04999999999999999
0 0.6183420855213804 0.37324999999999997 0.04613653413353336 0.05750000000000005
0 0.6509752438109527 0.403 0.044636159039759926 0.05099999999999999
0 0.6569767441860466 0.45299999999999996 0.040885221305326236 0.04999999999999999
0 0.564516129032258 0.2945 0.03825956489122284 0.05099999999999999
0 0.5969617404351087 0.31599999999999995 0.043135783945986494 0.056999999999999995
0 0.6378469617404351 0.30625 0.04013503375843963 0.057499999999999996
0 0.5532633158289573 0.2305 0.04351087771942985 0.062
0 0.6082145536384096 0.26349999999999996 0.04238559639909978 0.05099999999999999
0 0.6579144786196549 0.2585 0.045011252813203395 0.04999999999999996
0 0.5331957989497375 0.19425 0.04238559639909978 0.056499999999999995
0 0.590960240060015 0.21425 0.04163540885221306 0.05349999999999999
0 0.6292198049512379 0.211 0.03338334583645908 0.05199999999999999
0 0.6609152288072018 0.20775 0.05551387846961742 0.0605
0 0.5401350337584396 0.11225000000000002 0.04276069017254314 0.05550000000000001
0 0.5585146286571643 0.153 0.03975993998499616 0.06
0 0.6078394598649662 0.15025 0.04163540885221306 0.056499999999999995
0 0.5892723180795199 0.09925 0.046511627906976716 0.05650000000000001
0 0.564516129032258 0.06275 0.036009002250562694 0.058499999999999996
0 0.6140285071267817 0.04025 0.04726181545386354 0.052500000000000005
0 0.6382220555138785 0.09125 0.04613653413353336 0.05249999999999999
0 0.6515378844711177 0.141 0.04201050262565642 0.06499999999999999
0 0.7014253563390848 0.052250000000000005 0.048762190547636974 0.0575
0 0.7481245311327832 0.07 0.04238559639909978 0.058
0 0.6927981995498875 0.13325 0.03900975243810956 0.05450000000000001
0 0.7214928732183046 0.17025 0.043135783945986494 0.05150000000000002
0 0.741185296324081 0.13825 0.03975993998499627 0.05750000000000001
0 0.7886346586646662 0.16775 0.03713428357089277 0.057499999999999996
0 0.7184921230307577 0.23249999999999998 0.046886721680420074 0.05700000000000002
0 0.7706301575393848 0.22 0.043135783945986494 0.059
0 0.804013503375844 0.2585 0.04088522130532635 0.052999999999999964
0 0.8516504126031508 0.2435 0.04538634658664664 0.06200000000000003
0 0.6836084021005251 0.31375 0.044636159039759926 0.05750000000000005
0 0.7199924981245311 0.3275 0.037884471117779484 0.062
0 0.7593773443360841 0.3285 0.043135783945986494 0.06
0 0.8043885971492873 0.31825 0.037884471117779484 0.05449999999999999
0 0.6884846211552889 0.36950000000000005 0.037884471117779484 0.05499999999999999
0 0.7166166541635409 0.38349999999999995 0.04238559639909978 0.056999999999999995
0 0.6914853713428357 0.42400000000000004 0.035633908477119336 0.05299999999999999
0 0.6954238559639909 0.47825 0.041260315078769705 0.055499999999999994
0 0.7372468117029257 0.48924999999999996 0.04538634658664664 0.05649999999999994
0 0.7196174043510878 0.54125 0.04013503375843963 0.05049999999999999
0 0.7049887471867967 0.60325 0.03638409602400605 0.0625
0 0.6723555888972244 0.68525 0.04163540885221306 0.05049999999999999
0 0.714178544636159 0.6859999999999999 0.04201050262565631 0.05700000000000005
0 0.6912978244561141 0.732 0.03975993998499627 0.04800000000000004
0 0.7269317329332333 0.7404999999999999 0.039009752438109446 0.04999999999999993
0 0.7171792948237059 0.8200000000000001 0.04576144036009 0.05300000000000005
0 0.6914853713428357 0.83875 0.03113278319579893 0.044499999999999984
0 0.7085521380345086 0.8795 0.03675918979744941 0.051000000000000045
0 0.6532258064516129 0.93875 0.0386346586646662 0.05149999999999999
0 0.6905476369092274 0.95375 0.036009002250562694 0.03849999999999998
0 0.7372468117029257 0.8282499999999999 0.03188297074268576 0.045499999999999985
0 0.7696924231057765 0.83075 0.03450862715678915 0.046499999999999986
0 0.7995123780945237 0.79375 0.03713428357089266 0.04349999999999998
0 0.7715678919729932 0.7464999999999999 0.03825956489122273 0.04799999999999993
0 0.8111402850712678 0.7535000000000001 0.04088522130532635 0.04799999999999993
0 0.8700300075018754 0.78125 0.04163540885221306 0.04249999999999998
0 0.8392723180795199 0.72475 0.04163540885221306 0.045500000000000096
0 0.9262940735183796 0.80525 0.04913728432108033 0.055499999999999994
0 0.9097899474868717 0.7157500000000001 0.046886721680420074 0.0595
0 0.7985746436609151 0.69125 0.041260315078769705 0.04249999999999998
0 0.753563390847712 0.6615 0.054013503375843985 0.06499999999999995
0 0.8085146286571643 0.6615 0.04238559639909978 0.04700000000000004
0 0.7700675168792197 0.6085 0.04201050262565642 0.05399999999999994
0 0.8030757689422356 0.60025 0.04051012753188299 0.05349999999999999
0 0.8394598649662415 0.6227499999999999 0.04051012753188299 0.055499999999999994
0 0.9276069017254314 0.636 0.04051012753188288 0.06000000000000005
0 0.912040510127532 0.6545000000000001 0.03263315828957236 0.03500000000000003
0 0.7573143285821455 0.5425 0.04351087771942996 0.05499999999999994
0 0.7888222055513878 0.51425 0.04051012753188299 0.049500000000000044
0 0.8272693173293323 0.55825 0.04238559639909978 0.0605
0 0.8572768192048013 0.5427500000000001 0.04388597149287332 0.0595
0 0.8900975243810954 0.567 0.04276069017254314 0.051000000000000045
0 0.7490622655663917 0.44675 0.03975993998499627 0.0625
0 0.7901350337584396 0.46725 0.043135783945986494 0.055499999999999994
0 0.8357089272318079 0.48325 0.04051012753188299 0.04349999999999998
0 0.7590022505626407 0.37825 0.04238559639909978 0.04250000000000004
0 0.809264816204051 0.40275 0.04763690922730679 0.0605
0 0.8447111777944486 0.4425 0.05176294073518384 0.061
0 0.8383345836459115 0.37224999999999997 0.046511627906976716 0.05450000000000005
0 0.8677794448612153 0.40375 0.0386346586646662 0.04949999999999999
0 0.9052888222055514 0.43999999999999995 0.04088522130532635 0.06
0 0.8863465866466617 0.48675 0.048762190547636974 0.056499999999999995
0 0.8478994748687172 0.29475 0.03713428357089277 0.0615
0 0.858027006751688 0.33599999999999997 0.04463615903976004 0.045999999999999985
0 0.8784696174043511 0.28775 0.03675918979744941 0.0595
0 0.9067891972993248 0.26549999999999996 0.04163540885221306 0.057999999999999996
0 0.9262940735183796 0.31125 0.039384846211552915 0.050500000000000045
0 0.9264816204051013 0.36 0.05101275318829712 0.05499999999999999
0 0.9611777944486122 0.42875 0.05138784696174048 0.05349999999999999
0 0.9638034508627157 0.476 0.039384846211552915 0.046999999999999986
0 0.9306076519129782 0.48650000000000004 0.033758439609902435 0.056999999999999995
0 0.9232933233308327 0.532 0.04613653413353336 0.041000000000000036
0 0.9720555138784697 0.536 0.04613653413353347 0.05900000000000005
0 0.9469242310577645 0.5767500000000001 0.04538634658664664 0.04949999999999999
0 0.9619279819954989 0.6147499999999999 0.03638409602400605 0.04949999999999999
0 0.037509377344336084 0.59125 0.029257314328582144 0.044500000000000095
