0 0.34583645911477867 0.16625 0.08852213053263319 0.1145
0 0.22018004501125282 0.2375 0.08777194298574645 0.09699999999999998
0 0.4465491372843211 0.16125 0.08139534883720928 0.1045
0 0.3929107276819205 0.2275 0.0798949737434359 0.10700000000000004
0 0.3216429107276819 0.27 0.08139534883720934 0.096
0 0.21680420105026257 0.356 0.07801950487621906 0.09900000000000003
0 0.30063765941485376 0.38975000000000004 0.07914478619654913 0.10849999999999999
0 0.2222430607651913 0.45699999999999996 0.07764441110277573 0.11299999999999993
0 0.18904726181545384 0.55575 0.08177044261065267 0.11050000000000004
0 0.2507501875468867 0.5985 0.08814703675918978 0.11499999999999999
0 0.29594898724681173 0.52625 0.08852213053263319 0.11149999999999999
0 0.34433608402100524 0.5920000000000001 0.08402100525131284 0.10199999999999998
0 0.41260315078769694 0.7789999999999999 0.07501875468867214 0.122
0 0.478244561140285 0.8195 0.07876969242310577 0.09499999999999997
0 0.4127906976744186 0.6617500000000001 0.0753938484621155 0.09449999999999992
0 0.49587396849212306 0.6719999999999999 0.08102025506376598 0.11199999999999999
0 0.46605401350337583 0.5805 0.0798949737434358 0.10099999999999998
0 0.4039759939984996 0.538 0.0847711927981995 0.10199999999999998
0 0.35783945986496624 0.45 0.07576894223555886 0.11399999999999999
0 0.36459114778694673 0.331 0.0870217554388597 0.11599999999999999
0 0.5018754688672168 0.248 0.08402100525131284 0.118
0 0.4534883720930233 0.331 0.09227306826706677 0.11299999999999999
0 0.4463615903975994 0.44175 0.08177044261065264 0.09849999999999998
0 0.5798949737434359 0.21650000000000003 0.0870217554388597 0.11000000000000001
0 0.5714553638409603 0.31625000000000003 0.07689422355588904 0.1185
0 0.5105026256564141 0.41500000000000004 0.08477119279819956 0.10400000000000004
0 0.5003750937734434 0.50275 0.08252063015753941 0.09850000000000003
0 0.5491372843210802 0.8835 0.06751687921980498 0.10399999999999998
0 0.6153413353338335 0.913 0.08289572393098277 0.11399999999999999
0 0.721867966991748 0.89325 0.08589647411852963 0.09450000000000003
0 0.7972618154538634 0.9005 0.07164291072768192 0.10499999999999998
0 0.667291822955739 0.8205 0.07576894223555886 0.121
0 0.5453863465866466 0.7617499999999999 0.07051762940735185 0.11350000000000005
0 0.6140285071267817 0.72375 0.08327081770442613 0.11450000000000005
0 0.5553263315828958 0.62425 0.08589647411852963 0.10050000000000003
0 0.7186796699174793 0.7595000000000001 0.08252063015753941 0.1050000000000001
0 0.7996999249812453 0.7995 0.08102025506376598 0.09499999999999997
0 0.8782820705176293 0.83525 0.08589647411852963 0.11150000000000004
0 0.6361590397599399 0.6295 0.07501875468867214 0.10799999999999998
0 0.7186796699174793 0.6339999999999999 0.07951987996999244 0.10999999999999999
0 0.836271567891973 0.68825 0.07764441110277565 0.10550000000000004
0 0.9287321830457614 0.7204999999999999 0.08777194298574642 0.10799999999999998
0 0.9369842460615154 0.619 0.08102025506376587 0.1080000000000001
0 0.8055138784696174 0.59375 0.08814703675918978 0.11149999999999993
0 0.5896474118529632 0.532 0.08252063015753941 0.10500000000000004
0 0.6594148537134283 0.53075 0.08102025506376598 0.11350000000000005
0 0.7468117029257315 0.5175 0.07501875468867214 0.10899999999999993
0 0.8565266316579145 0.5389999999999999 0.08964741185296321 0.09999999999999998
0 0.9471117779444861 0.50725 0.08552138034508627 0.10750000000000004
0 0.5911477869467368 0.42825 0.07876969242310572 0.10249999999999998
0 0.6701050262565642 0.43 0.0843960990247562 0.09999999999999998
0 0.7871342835708928 0.432 0.07914478619654919 0.09999999999999998
0 0.8692798199549887 0.4155 0.08214553638409605 0.10500000000000004
0 0.6562265566391599 0.3225 0.08289572393098277 0.10899999999999999
0 0.7366841710427607 0.36824999999999997 0.09152288072018011 0.09949999999999998
0 0.6577269317329333 0.235 0.0798949737434359 0.09999999999999998
0 0.7366841710427607 0.27325 0.07351837959489871 0.1015
0 0.7726931732933233 0.3405 0.07201800450112528 0.08800000000000002
0 0.8705926481620405 0.3145 0.07876969242310583 0.09699999999999998
