0 0.10558889722430609 0.41500000000000004 0.07164291072768193 0.10700000000000004
0 0.15491372843210802 0.35724999999999996 0.07726931732933233 0.09849999999999998
0 0.14291072768192048 0.51475 0.07951987996999249 0.09649999999999992
0 0.19504876219054762 0.442 0.08477119279819953 0.09799999999999998
0 0.25281320330082524 0.36524999999999996 0.07651912978244563 0.10149999999999998
0 0.18698424606151537 0.58875 0.0708927231807952 0.09349999999999992
0 0.2348087021755439 0.5335 0.07501875468867217 0.09699999999999998
0 0.2753188297074269 0.45475 0.07276819204801202 0.09749999999999992
0 0.33570892723180795 0.39375000000000004 0.07201800450112528 0.10049999999999998
0 0.3758439609902475 0.31725000000000003 0.07351837959489876 0.09549999999999997
0 0.4604276069017254 0.21799999999999997 0.08814703675918978 0.12699999999999997
0 0.5352588147036759 0.172 0.07801950487621906 0.10600000000000001
0 0.4553638409602401 0.32575 0.07651912978244563 0.09349999999999997
0 0.3919729932483121 0.40825 0.08102025506376598 0.10350000000000004
0 0.3493998499624906 0.504 0.0753938484621155 0.09600000000000003
0 0.30607651912978245 0.5882499999999999 0.06001500375093771 0.10150000000000003
0 0.2481245311327832 0.6405000000000001 0.07314328582145538 0.08999999999999997
0 0.24043510877719432 0.744 0.0720180045011253 0.10099999999999998
0 0.3148912228057014 0.7637499999999999 0.07314328582145535 0.09350000000000003
0 0.33570892723180795 0.683 0.06526631657914483 0.09199999999999997
0 0.39722430607651915 0.7989999999999999 0.06901725431357836 0.09500000000000008
0 0.43342085521380347 0.84425 0.07464366091522884 0.08350000000000002
0 0.3994748687171793 0.6705000000000001 0.07351837959489871 0.09199999999999997
0 0.381470367591898 0.587 0.07651912978244563 0.09499999999999997
0 0.41616654163540884 0.49550000000000005 0.07314328582145535 0.09900000000000003
0 0.46849212303075766 0.40725 0.07351837959489871 0.10950000000000004
0 0.5431357839459865 0.273 0.07876969242310583 0.10200000000000001
0 0.6022130532633159 0.2245 0.07764441110277576 0.09000000000000002
0 0.6686046511627907 0.25275000000000003 0.07164291072768192 0.11149999999999999
0 0.6025881470367592 0.33075 0.07614403600900221 0.09650000000000003
0 0.5421980495123782 0.37175 0.08139534883720934 0.09349999999999997
0 0.7021755438859716 0.33199999999999996 0.07576894223555886 0.09800000000000003
0 0.6539759939984997 0.39275000000000004 0.07914478619654919 0.09849999999999998
0 0.59039759939985 0.4475 0.07576894223555886 0.09899999999999998
0 0.5183795948987246 0.486 0.07126781695423856 0.10200000000000004
0 0.4619279819954989 0.59475 0.07389347336834212 0.09650000000000003
0 0.47318079519879974 0.6955 0.07014253563390854 0.08400000000000007
0 0.5153788447111778 0.63975 0.06526631657914472 0.09350000000000003
0 0.5395723930982745 0.5485 0.07239309827456863 0.09800000000000003
0 0.4949362340585146 0.78125 0.07014253563390849 0.09450000000000003
0 0.5256939234808702 0.885 0.07764441110277576 0.08499999999999996
0 0.59152288072018 0.84775 0.07126781695423856 0.09650000000000003
0 0.6558514628657164 0.82925 0.07914478619654919 0.09449999999999992
0 0.5343210802700675 0.736 0.06789197299324834 0.09200000000000008
0 0.595648912228057 0.755 0.06901725431357841 0.09299999999999997
0 0.744748687171793 0.86775 0.07014253563390849 0.07650000000000001
0 0.7409977494373593 0.80425 0.06939234808702177 0.11349999999999993
0 0.8075768942235559 0.79425 0.07201800450112528 0.09949999999999992
0 0.8355213803450863 0.712 0.06714178544636162 0.09499999999999997
0 0.7725056264066017 0.7172499999999999 0.07539384846211561 0.09350000000000003
0 0.6956114028507127 0.74075 0.07839459864966236 0.09850000000000003
0 0.6339084771192798 0.68875 0.08102025506376587 0.10350000000000004
0 0.5834583645911477 0.62775 0.0708927231807952 0.09350000000000003
0 0.6783570892723181 0.6112500000000001 0.0708927231807952 0.09950000000000003
0 0.7484996249062266 0.62725 0.07689422355588893 0.09450000000000003
0 0.8563390847711928 0.635 0.07501875468867225 0.08400000000000007
0 0.8377719429857464 0.55225 0.07914478619654908 0.09050000000000002
0 0.6498499624906227 0.5225 0.07839459864966236 0.10299999999999998
0 0.7368717179294824 0.5285 0.0843960990247562 0.09400000000000003
0 0.7119279819954989 0.4535 0.07426856714178542 0.10399999999999993
0 0.8015753938484621 0.4765 0.08627156789197299 0.09599999999999997
0 0.7726931732933233 0.3885 0.07801950487621911 0.09299999999999997
